4 8 3
0.11730 0.16536 -0.39676 -0.23261 -0.11165 -0.16462 -0.24958 -0.14460 
-0.19766 -0.21878 0.65974 0.49296 -0.16455 0.14331 0.40947 0.16919 
0.51789 0.39476 -0.86219 -0.63355 -0.05351 -0.36347 -0.57262 -0.30347 
0.69827 0.40739 -0.98375 -0.80681 -0.17946 -0.34471 -0.67918 -0.20922 
-0.52187 -0.12252 0.60777 0.42700 -0.04448 0.17349 0.40262 -0.17978 
-0.66070 -0.03746 0.85996 
-0.47014 0.17694 0.45198 
1.30981 -0.41543 -1.24207 
0.97006 -0.21717 -0.90613 
-0.10086 -0.06203 -0.26529 
0.35138 -0.06744 -0.48483 
0.79095 -0.14382 -0.85783 
0.16002 -0.33819 -0.29387 
0.66123 1.10556 -0.32458 
