0 1 0 1 0.114445749621069 0.611032859576695 0.274521390802236 1
1 0 0 0 0.899616578562738 0.0965665843139221 0.00381683712333967 0
0 0 1 2 0.00768424261624543 0.341017838727795 0.65129791865596 2
0 1 0 1 0.108279850032725 0.605952436110122 0.285767713857153 1
0 0 1 2 0.00545170814573395 0.313248404929188 0.681299886925078 2
0 1 0 1 0.0339323870093572 0.516097450656723 0.44997016233392 1
1 0 0 0 0.922311722246379 0.0751593396155657 0.00252893813805483 0
1 0 0 0 0.822837345397407 0.167254896894455 0.0099077577081376 0
0 0 1 2 0.0139868552744939 0.405863904484588 0.580149240240918 2
1 0 0 0 0.879215107049356 0.115492197882671 0.00529269506797361 0
1 0 0 0 0.889789429165456 0.105855805029257 0.0043547658052873 0
0 0 1 2 0.0251906561751506 0.477382806804644 0.497426537020205 2
0 1 0 1 0.0209199816732782 0.459915232390809 0.519164785935913 2
1 0 0 0 0.87426737177531 0.120230567671975 0.00550206055271464 0
1 0 0 0 0.884318961397323 0.110874029440075 0.0048070091626023 0
0 1 0 1 0.0481355294571907 0.543935718024527 0.407928752518282 1
1 0 0 0 0.889789429165456 0.105855805029257 0.0043547658052873 0
0 0 1 2 0.0046270673861391 0.297763480403765 0.697609452210096 2
0 1 0 1 0.183907109563683 0.611406396831149 0.204686493605168 1
1 0 0 0 0.889789429165456 0.105855805029257 0.0043547658052873 0
0 1 0 1 0.0679048154143363 0.567337769332516 0.364757415253148 1
1 0 0 0 0.897331844985586 0.0987290788661601 0.00393907614825391 0
0 1 0 1 0.0631280388872607 0.57089129382807 0.365980667284669 1
1 0 0 0 0.872822741241713 0.121648065150068 0.00552919360821885 0
0 0 1 2 0.00833841712536415 0.350196903327907 0.641464679546729 2
0 0 1 2 0.0153173406810378 0.417817152863595 0.566865506455368 2
0 1 0 1 0.0379850505230551 0.518768950986509 0.443245998490436 1
0 1 0 1 0.0775624202788639 0.587729240859855 0.334708338861281 1
0 0 1 2 0.0210980381718567 0.452978289183575 0.525923672644568 2
1 0 0 0 0.931092728771273 0.0668125993071372 0.00209467192159014 0
0 1 0 1 0.0710034184808511 0.57866088037293 0.350335701146219 1
0 0 1 2 0.00432950889921074 0.284298737379393 0.711371753721397 2
0 0 1 2 0.0127845670877336 0.399334728959722 0.587880703952544 2
0 1 0 1 0.0920835272345489 0.596081694068179 0.311834778697272 1
0 0 1 2 0.00551849287945944 0.310591254957984 0.683890252162556 2
0 1 0 1 0.0674755078975364 0.571435872538931 0.361088619563533 1
0 1 0 1 0.0525289679266784 0.552073551525145 0.395397480548176 1
0 0 1 2 0.00495461518593447 0.301524075077588 0.693521309736477 2
0 0 1 2 0.0107999798676131 0.379873998748174 0.609326021384213 2
1 0 0 0 0.887018776525907 0.108236830827729 0.00474439264636411 0
0 0 1 2 0.0118132228639235 0.391384381199626 0.59680239593645 2
0 1 0 1 0.0192791471890451 0.445261386631932 0.535459466179023 2
1 0 0 0 0.897687656626164 0.0984234780466287 0.0038888653272074 0
0 0 1 2 0.0134885608169865 0.405948313806117 0.580563125376897 2
0 1 0 1 0.0631894109917376 0.565509570700115 0.371301018308147 1
0 1 0 1 0.0724990134793324 0.580198565642189 0.347302420878479 1
1 0 0 0 0.914420193520192 0.0827194652990438 0.00286034118076453 0
0 1 0 1 0.0320013917279608 0.503529034984412 0.464469573287627 1
0 1 0 1 0.114435365626487 0.610287079681606 0.275277554691906 1
1 0 0 0 0.897521027804864 0.0985508037274334 0.00392816846770283 0
