1 0 0 0 0.936256711754275 0.061913700178904 0.00182958806682151 0
0 1 0 1 0.128084072709071 0.60840987718029 0.263506050110639 1
0 1 0 1 0.0573792957745417 0.559045137429473 0.383575566795985 1
1 0 0 0 0.903970313557414 0.0924954674040593 0.00353421903852714 0
0 0 1 2 0.0044151691734486 0.286442132530829 0.709142698295723 2
0 1 0 1 0.0624681140822116 0.573110732438059 0.364421153479729 1
0 0 1 2 0.00684760784897338 0.327412578506167 0.66573981364486 2
0 0 1 2 0.00443152062761551 0.286320206647636 0.709248272724749 2
1 0 0 0 0.886017683757158 0.109330322906521 0.00465199333632101 0
0 0 1 2 0.00684571066369646 0.332615118299539 0.660539171036765 2
1 0 0 0 0.874563347504764 0.120005776041694 0.00543087645354195 0
0 1 0 1 0.0297772806963782 0.497231435653422 0.4729912836502 1
0 1 0 1 0.202238495972516 0.608349686174396 0.189411817853088 1
1 0 0 0 0.857780305181921 0.135555979136821 0.00666371568125864 0
0 0 1 2 0.0148798400115572 0.418166475817173 0.56695368417127 2
0 1 0 1 0.235905444518081 0.595461472595041 0.168633082886878 1
0 0 1 2 0.0045843260359538 0.291617001481839 0.703798672482207 2
0 0 1 2 0.00664875173089163 0.326018127711627 0.667333120557481 2
1 0 0 0 0.912268534216118 0.0846744780534353 0.00305698773044655 0
1 0 0 0 0.906767842347897 0.0898952726960425 0.00333688495606023 0
0 1 0 1 0.0206339971712636 0.461140752478691 0.518225250350045 2
1 0 0 0 0.893644025827058 0.102238630575131 0.00411734359781052 0
1 0 0 0 0.838426718983823 0.152976703054892 0.00859657796128492 0
1 0 0 0 0.890225815483634 0.105282211462105 0.00449197305426113 0
0 1 0 1 0.0499234094732195 0.549193816138591 0.400882774388189 1
1 0 0 0 0.798541098280858 0.189722274331966 0.0117366273871766 0
0 1 0 1 0.145914872816654 0.61018328183489 0.243901845348456 1
0 0 1 2 0.00626432048533053 0.329071970001544 0.664663709513125 2
0 0 1 2 0.0340344574538617 0.508387584574422 0.457577957971716 1
1 0 0 0 0.896111083917894 0.0998757434457184 0.00401317263638794 0
0 1 0 1 0.09698549446566 0.598157865206602 0.304856640327738 1
1 0 0 0 0.894836039059933 0.101103798462157 0.00406016247791021 0
1 0 0 0 0.853514383091531 0.139315748577584 0.00716986833088439 0
0 1 0 1 0.0449361681640357 0.536008376304942 0.419055455531022 1
1 0 0 0 0.914310730265075 0.0827262566501094 0.00296301308481609 0
0 0 1 2 0.0114484866164215 0.389914692788635 0.598636820594943 2
1 0 0 0 0.893271971830481 0.102533491326808 0.00419453684271038 0
0 1 0 1 0.0826220720421738 0.590188887059275 0.327189040898551 1
1 0 0 0 0.892526576130235 0.10319328587611 0.00428013799365479 0
0 0 1 2 0.00154736097082076 0.205657340409359 0.792795298619821 2
0 1 0 1 0.0809368903545069 0.588857728933894 0.330205380711599 1
1 0 0 0 0.889861517367785 0.105804479277405 0.00433400335480989 0
0 1 0 1 0.0664196746681166 0.573789886436899 0.359790438894984 1
0 1 0 1 0.133959999340991 0.618314044586623 0.247725956072385 1
1 0 0 0 0.908072178774446 0.0885840259423636 0.00334379528319046 0
1 0 0 0 0.886092532607393 0.109277775561578 0.00462969183102855 0
0 0 1 2 0.00944639305354419 0.360272261518884 0.630281345427571 2
0 1 0 1 0.0791301143205686 0.595453998783178 0.325415886896254 1
0 0 1 2 0.00298062169430267 0.256302417446959 0.740716960858738 2
0 0 1 2 0.00388135072963653 0.273655415509734 0.722463233760629 2
