0.2685 0.0966 0.0000 1.0000 
0.5958 0.8035 1.0000 0.0000 
0.3914 0.5141 1.0000 0.0000 
0.8061 0.6780 1.0000 0.0000 
0.1458 0.5676 1.0000 0.0000 
0.3760 0.6606 1.0000 0.0000 
0.3657 0.0710 0.0000 1.0000 
0.1638 0.7698 1.0000 0.0000 
0.1144 0.6623 1.0000 0.0000 
0.0641 0.1398 0.0000 1.0000 
0.4903 0.4789 1.0000 0.0000 
0.9767 0.7616 1.0000 0.0000 
0.0432 0.5064 0.0000 1.0000 
0.0088 0.9306 1.0000 0.0000 
0.1478 0.8494 1.0000 0.0000 
0.9649 0.7711 1.0000 0.0000 
0.7278 0.5627 0.0000 1.0000 
0.0506 0.9381 1.0000 0.0000 
0.7132 0.6684 0.0000 1.0000 
0.3911 0.7801 1.0000 0.0000 
0.1428 0.5846 1.0000 0.0000 
0.7474 0.8699 1.0000 0.0000 
0.7902 0.8820 0.0000 1.0000 
0.4789 0.2050 0.0000 1.0000 
0.1916 0.1204 0.0000 1.0000 
0.6038 0.1208 0.0000 1.0000 
0.7652 0.0874 0.0000 1.0000 
0.8051 0.4637 0.0000 1.0000 
0.7391 0.6531 0.0000 1.0000 
0.6102 0.2410 1.0000 0.0000 
0.8601 0.9449 1.0000 0.0000 
0.7733 0.4231 0.0000 1.0000 
0.7452 0.7247 1.0000 0.0000 
0.2449 0.3324 1.0000 0.0000 
0.1612 0.7253 1.0000 0.0000 
0.9568 0.4485 1.0000 0.0000 
0.7920 0.1387 0.0000 1.0000 
0.3193 0.8469 1.0000 0.0000 
0.2017 0.1111 0.0000 1.0000 
0.9973 0.3950 1.0000 0.0000 
0.6840 0.1380 0.0000 1.0000 
0.0271 0.1613 0.0000 1.0000 
0.0647 0.0110 0.0000 1.0000 
0.9128 0.9564 1.0000 0.0000 
0.6282 0.5823 0.0000 1.0000 
0.1165 0.6662 0.0000 1.0000 
0.8819 0.7033 1.0000 0.0000 
0.3541 0.3376 1.0000 0.0000 
0.1116 0.3946 0.0000 1.0000 
0.8687 0.6290 1.0000 0.0000 
0.6808 0.6886 1.0000 0.0000 
0.1506 0.6833 1.0000 0.0000 
0.5447 0.8420 1.0000 0.0000 
0.3494 0.6869 1.0000 0.0000 
0.5295 0.1488 0.0000 1.0000 
0.8015 0.3206 0.0000 1.0000 
0.4604 0.6315 1.0000 0.0000 
0.5963 0.6401 0.0000 1.0000 
0.3514 0.8760 1.0000 0.0000 
0.1182 0.4550 0.0000 1.0000 
0.2519 0.8111 1.0000 0.0000 
0.7581 0.2879 0.0000 1.0000 
0.3817 0.9903 0.0000 1.0000 
0.2196 0.5855 1.0000 0.0000 
0.4621 0.8715 1.0000 0.0000 
0.7737 0.0287 1.0000 0.0000 
0.2543 0.0355 0.0000 1.0000 
0.2300 0.3947 0.0000 1.0000 
0.2259 0.1012 0.0000 1.0000 
0.9740 0.4580 1.0000 0.0000 
0.5885 0.5777 0.0000 1.0000 
0.5407 0.4425 0.0000 1.0000 
0.6206 0.2958 1.0000 0.0000 
0.1081 0.0860 0.0000 1.0000 
0.1279 0.4115 0.0000 1.0000 
0.1431 0.0724 0.0000 1.0000 
0.4268 0.3248 0.0000 1.0000 
0.2828 0.7286 1.0000 0.0000 
0.5018 0.5920 1.0000 0.0000 
0.5388 0.8048 1.0000 0.0000 
0.7707 0.8751 1.0000 0.0000 
0.7681 0.4405 0.0000 1.0000 
0.3518 0.4836 1.0000 0.0000 
0.2488 0.8412 1.0000 0.0000 
0.2560 0.3973 1.0000 0.0000 
0.0419 0.4256 0.0000 1.0000 
0.7595 0.7225 1.0000 0.0000 
0.2159 0.0787 0.0000 1.0000 
0.1461 0.5557 0.0000 1.0000 
0.3558 0.4167 1.0000 0.0000 
0.6577 0.2646 0.0000 1.0000 
0.4074 0.8134 1.0000 0.0000 
0.4098 0.2817 1.0000 0.0000 
0.6494 0.0983 0.0000 1.0000 
0.7492 0.5864 0.0000 1.0000 
0.8455 0.2058 0.0000 1.0000 
0.3965 0.2201 1.0000 0.0000 
0.5354 0.6473 0.0000 1.0000 
0.1031 0.7281 1.0000 0.0000 
0.2562 0.1559 0.0000 1.0000 
0.4021 0.2170 0.0000 1.0000 
0.5109 0.8300 1.0000 0.0000 
0.4598 0.6399 1.0000 0.0000 
0.4732 0.2386 0.0000 1.0000 
0.3182 0.4169 1.0000 0.0000 
0.7302 0.1353 0.0000 1.0000 
0.8046 0.7200 0.0000 1.0000 
0.6053 0.2823 0.0000 1.0000 
0.0636 0.3782 0.0000 1.0000 
0.4937 0.4564 0.0000 1.0000 
0.5134 0.3921 0.0000 1.0000 
0.5330 0.3017 0.0000 1.0000 
0.0781 0.9456 1.0000 0.0000 
0.1842 0.0775 0.0000 1.0000 
0.7578 0.3907 0.0000 1.0000 
0.2416 0.3619 1.0000 0.0000 
0.7166 0.3990 0.0000 1.0000 
0.8898 0.5994 1.0000 0.0000 
0.0558 0.8440 1.0000 0.0000 
0.5072 0.7997 1.0000 0.0000 
0.6550 0.5747 0.0000 1.0000 
0.3434 0.9881 1.0000 0.0000 
0.8349 0.1051 0.0000 1.0000 
0.9451 0.8296 1.0000 0.0000 
0.0169 0.6491 0.0000 1.0000 
0.0087 0.4842 0.0000 1.0000 
0.8118 0.2291 0.0000 1.0000 
0.0802 0.6720 1.0000 0.0000 
0.6615 0.5732 0.0000 1.0000 
0.8709 0.2732 0.0000 1.0000 
0.0889 0.2177 0.0000 1.0000 
0.6475 0.0984 0.0000 1.0000 
0.4367 0.8424 1.0000 0.0000 
0.6075 0.8845 1.0000 0.0000 
0.3421 0.4798 1.0000 0.0000 
0.6346 0.8137 1.0000 0.0000 
0.0136 0.1575 1.0000 0.0000 
0.2337 0.4327 1.0000 0.0000 
0.9016 0.0305 0.0000 1.0000 
0.1382 0.5746 0.0000 1.0000 
0.3526 0.5562 1.0000 0.0000 
0.6331 0.5287 0.0000 1.0000 
0.7205 0.8022 1.0000 0.0000 
0.5372 0.4304 0.0000 1.0000 
0.4978 0.5938 1.0000 0.0000 
0.5215 0.2095 0.0000 1.0000 
0.7404 0.3880 0.0000 1.0000 
0.0752 0.6882 0.0000 1.0000 
0.4166 0.6633 1.0000 0.0000 
0.8463 0.0376 1.0000 0.0000 
0.8033 0.7002 1.0000 0.0000 
0.4791 0.2261 0.0000 1.0000 
0.1776 0.0125 0.0000 1.0000 
0.9586 0.4648 1.0000 0.0000 
0.9522 0.4804 1.0000 0.0000 
0.6831 0.1324 0.0000 1.0000 
0.0652 0.0215 0.0000 1.0000 
0.1836 0.4100 0.0000 1.0000 
0.9593 0.9121 1.0000 0.0000 
0.3487 0.2254 1.0000 0.0000 
0.6443 0.1987 0.0000 1.0000 
0.3007 0.2476 1.0000 0.0000 
0.9389 0.1051 0.0000 1.0000 
0.8588 0.4381 1.0000 0.0000 
0.3901 0.4706 1.0000 0.0000 
0.5424 0.4738 1.0000 0.0000 
0.7895 0.4521 0.0000 1.0000 
0.9871 0.4392 1.0000 0.0000 
0.3165 0.7491 1.0000 0.0000 
0.3428 0.6757 1.0000 0.0000 
0.1321 0.3310 0.0000 1.0000 
0.9020 0.8890 1.0000 0.0000 
0.8924 0.2671 0.0000 1.0000 
0.5649 0.6711 0.0000 1.0000 
0.8504 0.0016 0.0000 1.0000 
0.3028 0.5524 1.0000 0.0000 
0.2350 0.4578 1.0000 0.0000 
0.9109 0.2716 0.0000 1.0000 
0.1844 0.5268 1.0000 0.0000 
0.1850 0.2846 0.0000 1.0000 
0.3187 0.6646 1.0000 0.0000 
0.3433 0.4098 1.0000 0.0000 
0.3703 0.7378 1.0000 0.0000 
0.3299 0.6966 0.0000 1.0000 
0.4752 0.6696 1.0000 0.0000 
0.2293 0.1050 1.0000 0.0000 
0.6378 0.7893 0.0000 1.0000 
0.2804 0.9701 1.0000 0.0000 
0.2543 0.9509 1.0000 0.0000 
0.8793 0.4824 0.0000 1.0000 
0.6633 0.8067 1.0000 0.0000 
0.6021 0.3518 1.0000 0.0000 
0.8627 0.7476 1.0000 0.0000 
0.9295 0.6556 1.0000 0.0000 
0.1215 0.9991 1.0000 0.0000 
0.8866 0.7096 1.0000 0.0000 
0.7504 0.0252 0.0000 1.0000 
0.3297 0.6920 1.0000 0.0000 
0.7141 0.7607 0.0000 1.0000 
0.8576 0.4362 1.0000 0.0000 
0.9843 0.8904 1.0000 0.0000 
0.4250 0.7395 1.0000 0.0000 
0.4038 0.2322 0.0000 1.0000 
0.2483 0.4812 1.0000 0.0000 
0.0825 0.6881 0.0000 1.0000 
0.5466 0.8890 1.0000 0.0000 
0.2396 0.9305 1.0000 0.0000 
0.1713 0.4120 0.0000 1.0000 
0.6959 0.6648 0.0000 1.0000 
0.7423 0.9371 1.0000 0.0000 
0.1180 0.3857 0.0000 1.0000 
0.3765 0.0854 0.0000 1.0000 
0.2918 0.2444 1.0000 0.0000 
0.3823 0.1034 0.0000 1.0000 
0.3606 0.6004 1.0000 0.0000 
0.9699 0.9214 1.0000 0.0000 
0.5146 0.9494 1.0000 0.0000 
0.0265 0.4772 0.0000 1.0000 
0.6417 0.2339 0.0000 1.0000 
0.9686 0.8538 1.0000 0.0000 
0.3354 0.5625 1.0000 0.0000 
0.1064 0.3069 0.0000 1.0000 
0.2094 0.5474 1.0000 0.0000 
0.3105 0.7862 1.0000 0.0000 
0.6487 0.7168 0.0000 1.0000 
0.9991 0.8985 1.0000 0.0000 
0.2857 0.0871 0.0000 1.0000 
0.3607 0.1444 1.0000 0.0000 
0.4180 0.3376 1.0000 0.0000 
0.3661 0.6223 1.0000 0.0000 
0.1646 0.1529 0.0000 1.0000 
0.7706 0.4371 0.0000 1.0000 
0.3089 0.1550 0.0000 1.0000 
0.2463 0.1775 0.0000 1.0000 
0.4334 0.1522 0.0000 1.0000 
0.2493 0.6042 1.0000 0.0000 
0.2330 0.7848 1.0000 0.0000 
0.1862 0.3567 0.0000 1.0000 
0.1741 0.1601 0.0000 1.0000 
0.5528 0.4631 0.0000 1.0000 
0.5300 0.1314 0.0000 1.0000 
0.8729 0.6026 1.0000 0.0000 
0.4088 0.1009 0.0000 1.0000 
0.7629 0.7376 1.0000 0.0000 
0.2450 0.7253 1.0000 0.0000 
0.8272 0.9817 1.0000 0.0000 
0.0792 0.0111 0.0000 1.0000 
0.6211 0.9926 1.0000 0.0000 
0.7347 0.0877 0.0000 1.0000 
0.1087 0.5811 0.0000 1.0000 
0.4626 0.7741 1.0000 0.0000 
0.2957 0.1453 0.0000 1.0000 
0.1702 0.8340 1.0000 0.0000 
0.0377 0.4505 0.0000 1.0000 
0.5128 0.0559 0.0000 1.0000 
0.6654 0.8100 0.0000 1.0000 
0.4890 0.8482 1.0000 0.0000 
0.9603 0.4427 1.0000 0.0000 
0.1716 0.3020 1.0000 0.0000 
0.6888 0.7773 1.0000 0.0000 
0.9781 0.1230 0.0000 1.0000 
0.8635 0.3767 0.0000 1.0000 
0.6619 0.2929 0.0000 1.0000 
0.3209 0.5205 1.0000 0.0000 
0.1278 0.3980 0.0000 1.0000 
0.6137 0.0459 1.0000 0.0000 
0.9066 0.4399 1.0000 0.0000 
0.0803 0.3168 0.0000 1.0000 
0.2212 0.9842 1.0000 0.0000 
0.5204 0.4868 0.0000 1.0000 
0.1027 0.4917 0.0000 1.0000 
0.7566 0.9213 1.0000 0.0000 
0.4113 0.3317 1.0000 0.0000 
0.3748 0.2792 1.0000 0.0000 
0.6956 0.3881 0.0000 1.0000 
0.5148 0.8333 1.0000 0.0000 
0.5759 0.2354 0.0000 1.0000 
0.9668 0.9803 1.0000 0.0000 
0.9777 0.6178 0.0000 1.0000 
0.2321 0.6423 1.0000 0.0000 
0.6753 0.7425 0.0000 1.0000 
0.4506 0.0681 0.0000 1.0000 
0.1273 0.5171 0.0000 1.0000 
0.1842 0.4146 0.0000 1.0000 
0.0927 0.1173 1.0000 0.0000 
0.0765 0.3269 0.0000 1.0000 
0.9662 0.2149 0.0000 1.0000 
0.4568 0.9707 1.0000 0.0000 
0.2533 0.3513 1.0000 0.0000 
0.0707 0.0856 0.0000 1.0000 
0.5761 0.8784 1.0000 0.0000 
0.5798 0.9817 1.0000 0.0000 
0.4947 0.3701 0.0000 1.0000 
0.2764 0.5983 1.0000 0.0000 
0.5271 0.9774 1.0000 0.0000 
0.8622 0.6467 1.0000 0.0000 
0.3873 0.3787 1.0000 0.0000 
0.8192 0.1797 0.0000 1.0000 
0.8152 0.2366 0.0000 1.0000 
0.2279 0.8872 1.0000 0.0000 
0.9185 0.9370 1.0000 0.0000 
0.9233 0.9525 0.0000 1.0000 
0.0658 0.9202 1.0000 0.0000 
0.4058 0.0707 1.0000 0.0000 
0.4629 0.2007 0.0000 1.0000 
0.2703 0.5717 1.0000 0.0000 
0.5049 0.7214 1.0000 0.0000 
0.3220 0.3546 1.0000 0.0000 
0.7134 0.2839 0.0000 1.0000 
0.8897 0.3488 0.0000 1.0000 
0.2347 0.5237 1.0000 0.0000 
0.6517 0.7034 0.0000 1.0000 
0.5299 0.7616 1.0000 0.0000 
0.9899 0.1155 0.0000 1.0000 
0.1323 0.9753 1.0000 0.0000 
0.7134 0.6064 0.0000 1.0000 
0.9100 0.1892 0.0000 1.0000 
0.3307 0.1123 0.0000 1.0000 
0.1967 0.7729 1.0000 0.0000 
0.5921 0.8013 1.0000 0.0000 
0.1814 0.4216 0.0000 1.0000 
0.2145 0.0527 0.0000 1.0000 
0.4062 0.3024 1.0000 0.0000 
0.1068 0.6420 0.0000 1.0000 
0.3502 0.9017 1.0000 0.0000 
0.9637 0.9262 1.0000 0.0000 
0.2476 0.0950 0.0000 1.0000 
0.2794 0.1291 0.0000 1.0000 
0.9705 0.0757 0.0000 1.0000 
0.4643 0.7758 1.0000 0.0000 
0.5518 0.4769 0.0000 1.0000 
0.5362 0.4633 0.0000 1.0000 
0.2574 0.3541 1.0000 0.0000 
0.2441 0.5360 1.0000 0.0000 
0.0043 0.7312 0.0000 1.0000 
0.3435 0.6783 1.0000 0.0000 
0.3951 0.9722 1.0000 0.0000 
0.8287 0.2610 0.0000 1.0000 
0.4942 0.1911 0.0000 1.0000 
0.1312 0.9833 1.0000 0.0000 
0.4794 0.5014 1.0000 0.0000 
0.2547 0.1769 0.0000 1.0000 
0.8332 0.9233 1.0000 0.0000 
0.0695 0.7101 0.0000 1.0000 
0.8520 0.0376 0.0000 1.0000 
0.4182 0.7373 1.0000 0.0000 
0.7256 0.2667 0.0000 1.0000 
0.2136 0.7445 1.0000 0.0000 
0.6259 0.1782 0.0000 1.0000 
0.2261 0.9977 1.0000 0.0000 
0.1001 0.4558 0.0000 1.0000 
0.3393 0.4126 1.0000 0.0000 
0.2136 0.9810 1.0000 0.0000 
0.8139 0.6520 1.0000 0.0000 
0.0986 0.6565 0.0000 1.0000 
0.2607 0.2572 0.0000 1.0000 
0.8854 0.9828 1.0000 0.0000 
0.3434 0.6236 1.0000 0.0000 
0.4058 0.2554 0.0000 1.0000 
0.7961 0.0547 0.0000 1.0000 
0.6748 0.6324 0.0000 1.0000 
0.7529 0.8905 1.0000 0.0000 
0.7053 0.8554 1.0000 0.0000 
0.7635 0.0661 0.0000 1.0000 
0.8142 0.0717 0.0000 1.0000 
0.7231 0.3239 0.0000 1.0000 
0.7539 0.1107 0.0000 1.0000 
0.0664 0.7222 0.0000 1.0000 
0.3187 0.9488 0.0000 1.0000 
0.1117 0.8074 0.0000 1.0000 
0.4225 0.5176 1.0000 0.0000 
0.0596 0.5071 1.0000 0.0000 
0.6692 0.1920 0.0000 1.0000 
0.4122 0.7331 1.0000 0.0000 
0.3219 0.8088 1.0000 0.0000 
0.2388 0.7347 1.0000 0.0000 
0.6689 0.8789 0.0000 1.0000 
0.4989 0.9068 1.0000 0.0000 
0.7231 0.1372 0.0000 1.0000 
0.2535 0.8142 0.0000 1.0000 
0.1862 0.0176 0.0000 1.0000 
0.5697 0.5966 0.0000 1.0000 
0.5365 0.1511 1.0000 0.0000 
0.0216 0.1377 0.0000 1.0000 
0.6359 0.9796 1.0000 0.0000 
0.8369 0.3637 1.0000 0.0000 
0.6983 0.8200 1.0000 0.0000 
0.2843 0.4454 1.0000 0.0000 
0.7475 0.9899 0.0000 1.0000 
0.4753 0.8037 1.0000 0.0000 
0.7705 0.5059 0.0000 1.0000 
0.9580 0.8874 1.0000 0.0000 
0.1131 0.2170 0.0000 1.0000 
0.8663 0.7014 1.0000 0.0000 
0.8574 0.9177 1.0000 0.0000 
0.9660 0.3226 1.0000 0.0000 
0.5456 0.4502 0.0000 1.0000 
0.4258 0.6984 1.0000 0.0000 
0.7735 0.5114 1.0000 0.0000 
0.6478 0.0472 0.0000 1.0000 
0.0919 0.0667 0.0000 1.0000 
0.9301 0.2427 0.0000 1.0000 
0.7726 0.4077 1.0000 0.0000 
0.9388 0.0037 1.0000 0.0000 
0.2904 0.3404 1.0000 0.0000 
0.7771 0.2270 0.0000 1.0000 
0.8565 0.0081 0.0000 1.0000 
0.3457 0.7837 1.0000 0.0000 
0.9859 0.5600 1.0000 0.0000 
0.8703 0.7628 1.0000 0.0000 
0.9856 0.1261 0.0000 1.0000 
0.5621 0.0639 0.0000 1.0000 
0.1358 0.7105 1.0000 0.0000 
0.5634 0.0884 0.0000 1.0000 
0.5745 0.4445 0.0000 1.0000 
0.2047 0.4525 1.0000 0.0000 
0.5457 0.5921 0.0000 1.0000 
0.5057 0.2482 0.0000 1.0000 
0.9724 0.3248 1.0000 0.0000 
0.6150 0.1611 1.0000 0.0000 
0.6418 0.5080 0.0000 1.0000 
0.3389 0.3941 0.0000 1.0000 
0.2002 0.2216 0.0000 1.0000 
0.9081 0.2937 0.0000 1.0000 
0.5026 0.2832 0.0000 1.0000 
0.9217 0.8636 1.0000 0.0000 
0.1926 0.3280 0.0000 1.0000 
0.0535 0.7575 0.0000 1.0000 
0.3801 0.4637 1.0000 0.0000 
0.2156 0.2896 1.0000 0.0000 
0.8854 0.8651 1.0000 0.0000 
0.2708 0.9368 1.0000 0.0000 
0.1055 0.1012 0.0000 1.0000 
0.7093 0.2461 0.0000 1.0000 
0.2230 0.1653 0.0000 1.0000 
0.8196 0.4968 0.0000 1.0000 
0.0661 0.9366 1.0000 0.0000 
0.6699 0.4330 0.0000 1.0000 
0.5302 0.3805 0.0000 1.0000 
0.6887 0.0105 0.0000 1.0000 
0.3237 0.1290 0.0000 1.0000 
0.9293 0.3599 0.0000 1.0000 
0.6802 0.6099 0.0000 1.0000 
0.5243 0.2080 0.0000 1.0000 
0.3315 0.9832 1.0000 0.0000 
0.4611 0.7851 0.0000 1.0000 
0.0148 0.0457 0.0000 1.0000 
0.0425 0.6554 0.0000 1.0000 
0.0300 0.6768 0.0000 1.0000 
0.4318 0.4850 1.0000 0.0000 
0.3892 0.4612 1.0000 0.0000 
0.7056 0.9725 0.0000 1.0000 
0.2597 0.5893 1.0000 0.0000 
0.3005 0.6720 1.0000 0.0000 
0.4454 0.0612 0.0000 1.0000 
0.7239 0.3241 0.0000 1.0000 
0.6300 0.3022 0.0000 1.0000 
0.1667 0.7557 1.0000 0.0000 
0.2888 0.8107 1.0000 0.0000 
0.8341 0.9839 1.0000 0.0000 
0.9605 0.4056 1.0000 0.0000 
0.0513 0.3745 0.0000 1.0000 
0.0580 0.2962 0.0000 1.0000 
0.7938 0.4206 0.0000 1.0000 
0.8945 0.3089 0.0000 1.0000 
0.3128 0.8995 1.0000 0.0000 
0.6473 0.8450 1.0000 0.0000 
0.0418 0.0674 0.0000 1.0000 
0.1260 0.1314 0.0000 1.0000 
0.5409 0.7152 1.0000 0.0000 
0.0051 0.8742 1.0000 0.0000 
0.1961 0.5461 1.0000 0.0000 
0.1995 0.1662 1.0000 0.0000 
0.2462 0.8515 1.0000 0.0000 
0.6454 0.0434 0.0000 1.0000 
0.3191 0.8751 1.0000 0.0000 
0.5771 0.9470 1.0000 0.0000 
0.0104 0.6650 0.0000 1.0000 
0.6727 0.2799 0.0000 1.0000 
0.1470 0.9226 1.0000 0.0000 
0.7729 0.2189 0.0000 1.0000 
0.6835 0.8895 1.0000 0.0000 
0.1857 0.7593 1.0000 0.0000 
0.9638 0.7642 1.0000 0.0000 
0.5775 0.6425 0.0000 1.0000 
0.7320 0.6026 0.0000 1.0000 
0.6163 0.8824 1.0000 0.0000 
0.7460 0.5959 0.0000 1.0000 
0.5384 0.9541 1.0000 0.0000 
0.6803 0.3170 0.0000 1.0000 
0.2935 0.2364 1.0000 0.0000 
0.9217 0.8955 1.0000 0.0000 
0.6318 0.1868 0.0000 1.0000 
0.7571 0.7887 1.0000 0.0000 
0.1744 0.2231 0.0000 1.0000 
0.9241 0.6725 1.0000 0.0000 
0.6568 0.3203 1.0000 0.0000 
0.6024 0.9139 1.0000 0.0000 
0.1431 0.8196 1.0000 0.0000 
0.2567 0.9858 1.0000 0.0000 
0.3963 0.5521 1.0000 0.0000 
0.4090 0.4943 1.0000 0.0000 
0.2082 0.8353 1.0000 0.0000 
0.6599 0.2217 0.0000 1.0000 
0.9050 0.9989 1.0000 0.0000 
0.3701 0.2451 1.0000 0.0000 
0.1017 0.8021 1.0000 0.0000 
0.1543 0.3995 0.0000 1.0000 
0.3888 0.5857 0.0000 1.0000 
0.9934 0.3199 1.0000 0.0000 
0.5167 0.2852 0.0000 1.0000 
0.7658 0.4024 0.0000 1.0000 
0.4217 0.9486 1.0000 0.0000 
0.6271 0.0067 1.0000 0.0000 
0.0879 0.5582 0.0000 1.0000 
0.8792 0.8923 1.0000 0.0000 
0.1471 0.0566 0.0000 1.0000 
0.7730 0.9520 1.0000 0.0000 
0.5714 0.5023 0.0000 1.0000 
0.4731 0.9089 0.0000 1.0000 
0.4165 0.8022 0.0000 1.0000 
0.0341 0.2341 0.0000 1.0000 
0.5129 0.5245 0.0000 1.0000 
0.9434 0.1364 0.0000 1.0000 
0.2987 0.5803 1.0000 0.0000 
0.0694 0.0275 0.0000 1.0000 
0.6401 0.6651 0.0000 1.0000 
0.4319 0.2567 0.0000 1.0000 
0.8271 0.5740 1.0000 0.0000 
0.6267 0.4840 1.0000 0.0000 
0.4443 0.2461 0.0000 1.0000 
0.9733 0.5708 0.0000 1.0000 
0.6680 0.0968 0.0000 1.0000 
0.3534 0.7974 1.0000 0.0000 
0.7778 0.6586 1.0000 0.0000 
0.7580 0.6035 0.0000 1.0000 
0.1322 0.2834 0.0000 1.0000 
0.2220 0.1043 0.0000 1.0000 
0.1769 0.0878 0.0000 1.0000 
0.0505 0.4420 0.0000 1.0000 
0.8516 0.7756 1.0000 0.0000 
0.1201 0.4909 0.0000 1.0000 
0.2140 0.8838 1.0000 0.0000 
0.3645 0.4106 1.0000 0.0000 
0.9826 0.5272 0.0000 1.0000 
0.2469 0.2051 0.0000 1.0000 
0.9485 0.6759 1.0000 0.0000 
0.0043 0.2719 0.0000 1.0000 
0.0434 0.1956 0.0000 1.0000 
0.5191 0.2600 0.0000 1.0000 
0.7490 0.6289 0.0000 1.0000 
0.4608 0.4590 1.0000 0.0000 
0.8443 0.6626 1.0000 0.0000 
0.7741 0.7362 1.0000 0.0000 
0.6389 0.6315 0.0000 1.0000 
0.0843 0.1945 0.0000 1.0000 
0.3226 0.1685 0.0000 1.0000 
0.5955 0.6646 0.0000 1.0000 
0.1343 0.7862 1.0000 0.0000 
0.5317 0.8079 1.0000 0.0000 
0.9440 0.3484 1.0000 0.0000 
0.8116 0.1533 0.0000 1.0000 
0.3883 0.3117 1.0000 0.0000 
0.0100 0.9498 1.0000 0.0000 
0.4749 0.5820 1.0000 0.0000 
0.4504 0.1735 0.0000 1.0000 
0.5068 0.2521 0.0000 1.0000 
0.3923 0.4892 1.0000 0.0000 
0.8545 0.0590 0.0000 1.0000 
0.3957 0.7799 1.0000 0.0000 
0.2812 0.9439 1.0000 0.0000 
0.2861 0.5517 1.0000 0.0000 
0.5572 0.5467 0.0000 1.0000 
0.9985 0.8425 1.0000 0.0000 
0.7628 0.6833 0.0000 1.0000 
0.8397 0.1083 0.0000 1.0000 
0.6629 0.8255 1.0000 0.0000 
0.7145 0.3860 0.0000 1.0000 
0.0533 0.0260 0.0000 1.0000 
0.4413 0.3758 1.0000 0.0000 
0.4056 0.5857 1.0000 0.0000 
0.2586 0.8701 1.0000 0.0000 
0.3810 0.4948 1.0000 0.0000 
0.8832 0.8309 1.0000 0.0000 
0.0639 0.5001 0.0000 1.0000 
0.3269 0.5634 1.0000 0.0000 
0.4556 0.2473 0.0000 1.0000 
0.8646 0.8136 1.0000 0.0000 
0.0212 0.3994 0.0000 1.0000 
0.1878 0.9224 1.0000 0.0000 
0.6470 0.6131 0.0000 1.0000 
0.5366 0.8724 1.0000 0.0000 
0.8826 0.8269 1.0000 0.0000 
0.5339 0.7949 1.0000 0.0000 
0.9574 0.8991 1.0000 0.0000 
0.6880 0.8389 1.0000 0.0000 
0.7386 0.5786 0.0000 1.0000 
0.9936 0.7621 1.0000 0.0000 
0.8138 0.4861 0.0000 1.0000 
0.6476 0.4724 0.0000 1.0000 
0.4332 0.6523 1.0000 0.0000 
0.2743 0.5619 1.0000 0.0000 
0.3909 0.4206 1.0000 0.0000 
0.5078 0.0423 0.0000 1.0000 
0.2874 0.3468 1.0000 0.0000 
0.7694 0.2608 0.0000 1.0000 
0.5949 0.6830 0.0000 1.0000 
0.1471 0.6312 1.0000 0.0000 
0.0019 0.3387 0.0000 1.0000 
0.9459 0.6245 1.0000 0.0000 
0.2549 0.8864 1.0000 0.0000 
0.7077 0.7217 0.0000 1.0000 
0.8389 0.9344 1.0000 0.0000 
0.9673 0.0182 1.0000 0.0000 
0.3486 0.4684 1.0000 0.0000 
0.8919 0.6364 1.0000 0.0000 
0.3407 0.0357 0.0000 1.0000 
0.2151 0.1177 0.0000 1.0000 
0.0289 0.4052 0.0000 1.0000 
0.1343 0.5486 0.0000 1.0000 
0.7295 0.4257 0.0000 1.0000 
0.1135 0.7391 1.0000 0.0000 
0.1681 0.6026 0.0000 1.0000 
0.2085 0.7657 1.0000 0.0000 
0.9718 0.8900 1.0000 0.0000 
0.8469 0.1969 0.0000 1.0000 
0.2651 0.6203 1.0000 0.0000 
0.3059 0.0468 0.0000 1.0000 
0.7420 0.2578 0.0000 1.0000 
0.7115 0.7229 0.0000 1.0000 
0.8760 0.8288 1.0000 0.0000 
0.7464 0.5014 0.0000 1.0000 
0.8762 0.3359 0.0000 1.0000 
0.7875 0.5834 0.0000 1.0000 
0.0658 0.3346 0.0000 1.0000 
0.7588 0.3296 0.0000 1.0000 
0.5804 0.3931 1.0000 0.0000 
0.0303 0.7121 0.0000 1.0000 
0.5956 0.1509 1.0000 0.0000 
0.6809 0.1886 0.0000 1.0000 
0.1407 0.6064 1.0000 0.0000 
0.0291 0.3764 0.0000 1.0000 
0.2389 0.3138 1.0000 0.0000 
0.9536 0.4064 0.0000 1.0000 
0.9925 0.6178 1.0000 0.0000 
0.9261 0.1529 0.0000 1.0000 
0.3840 0.5669 1.0000 0.0000 
0.4534 0.1320 0.0000 1.0000 
0.1036 0.1133 1.0000 0.0000 
0.9106 0.5291 1.0000 0.0000 
0.0040 0.0139 0.0000 1.0000 
0.7925 0.3194 0.0000 1.0000 
0.9311 0.5574 1.0000 0.0000 
0.7778 0.4600 1.0000 0.0000 
0.0665 0.8528 1.0000 0.0000 
0.2954 0.3123 1.0000 0.0000 
0.8277 0.7892 1.0000 0.0000 
0.8121 0.3734 0.0000 1.0000 
0.1744 0.1894 0.0000 1.0000 
0.6256 0.5161 0.0000 1.0000 
0.4336 0.9681 1.0000 0.0000 
0.1901 0.4359 1.0000 0.0000 
0.9360 0.5478 1.0000 0.0000 
0.8895 0.6680 1.0000 0.0000 
0.9467 0.7652 1.0000 0.0000 
0.3471 0.0363 0.0000 1.0000 
0.1655 0.7478 0.0000 1.0000 
0.8739 0.5498 1.0000 0.0000 
0.4612 0.6014 1.0000 0.0000 
0.2360 0.5409 1.0000 0.0000 
0.5261 0.8175 1.0000 0.0000 
0.1948 0.8393 1.0000 0.0000 
0.8811 0.2330 0.0000 1.0000 
0.1137 0.1155 0.0000 1.0000 
0.0009 0.9003 1.0000 0.0000 
0.9043 0.4072 1.0000 0.0000 
0.0937 0.8905 0.0000 1.0000 
0.7598 0.0926 0.0000 1.0000 
0.2278 0.5329 1.0000 0.0000 
0.3038 0.4795 0.0000 1.0000 
0.0354 0.6889 0.0000 1.0000 
0.5193 0.8571 1.0000 0.0000 
0.0000 0.0273 0.0000 1.0000 
0.5373 0.0512 0.0000 1.0000 
0.9307 0.4839 1.0000 0.0000 
0.0847 0.9477 1.0000 0.0000 
0.0410 0.1152 0.0000 1.0000 
0.9976 0.1504 0.0000 1.0000 
0.1306 0.7918 1.0000 0.0000 
0.5373 0.8895 1.0000 0.0000 
0.9267 0.1691 0.0000 1.0000 
0.9535 0.6562 1.0000 0.0000 
0.3852 0.0875 0.0000 1.0000 
0.1613 0.6612 1.0000 0.0000 
0.6054 0.7971 1.0000 0.0000 
0.4550 0.7348 1.0000 0.0000 
0.2805 0.8878 1.0000 0.0000 
0.3811 0.3319 0.0000 1.0000 
0.5654 0.6993 1.0000 0.0000 
0.2616 0.8820 1.0000 0.0000 
0.8424 0.4335 0.0000 1.0000 
0.5634 0.1400 0.0000 1.0000 
0.0880 0.4723 0.0000 1.0000 
0.2403 0.7656 1.0000 0.0000 
0.4290 0.1560 0.0000 1.0000 
0.7798 0.8067 1.0000 0.0000 
0.2613 0.5988 1.0000 0.0000 
0.6484 0.8519 0.0000 1.0000 
0.8262 0.4985 0.0000 1.0000 
0.1075 0.0275 0.0000 1.0000 
0.3709 0.8782 1.0000 0.0000 
0.5777 0.2855 0.0000 1.0000 
0.0999 0.4003 0.0000 1.0000 
0.8777 0.7347 1.0000 0.0000 
0.6293 0.2060 0.0000 1.0000 
0.1431 0.0501 0.0000 1.0000 
0.4435 0.8928 1.0000 0.0000 
0.8566 0.8240 1.0000 0.0000 
0.2051 0.2543 0.0000 1.0000 
0.0052 0.0661 0.0000 1.0000 
0.4184 0.6861 1.0000 0.0000 
0.3848 0.4022 1.0000 0.0000 
0.5826 0.7874 1.0000 0.0000 
0.9219 0.0877 0.0000 1.0000 
0.1506 0.3164 0.0000 1.0000 
0.8334 0.7719 1.0000 0.0000 
0.3165 0.3091 0.0000 1.0000 
0.9935 0.0407 0.0000 1.0000 
0.8844 0.0189 0.0000 1.0000 
0.3556 0.1474 0.0000 1.0000 
0.4105 0.3368 1.0000 0.0000 
0.2400 0.8477 1.0000 0.0000 
0.3668 0.0816 0.0000 1.0000 
0.8175 0.0438 0.0000 1.0000 
0.7410 0.2320 0.0000 1.0000 
0.9984 0.6173 1.0000 0.0000 
0.1271 0.3825 0.0000 1.0000 
0.5450 0.2961 0.0000 1.0000 
0.1927 0.8438 1.0000 0.0000 
0.9418 0.4708 1.0000 0.0000 
0.6949 0.9772 1.0000 0.0000 
0.0501 0.9450 1.0000 0.0000 
0.5546 0.1683 0.0000 1.0000 
0.5302 0.0214 0.0000 1.0000 
0.4489 0.3478 0.0000 1.0000 
0.5911 0.5215 1.0000 0.0000 
0.2474 0.2659 0.0000 1.0000 
0.2237 0.5030 1.0000 0.0000 
0.5756 0.6568 0.0000 1.0000 
0.6419 0.1344 0.0000 1.0000 
0.6434 0.2712 0.0000 1.0000 
0.6946 0.6136 0.0000 1.0000 
0.9027 0.0369 0.0000 1.0000 
0.2107 0.5817 1.0000 0.0000 
0.7002 0.5783 0.0000 1.0000 
0.6615 0.7907 0.0000 1.0000 
0.2272 0.7298 1.0000 0.0000 
0.1462 0.3755 0.0000 1.0000 
0.9991 0.8724 1.0000 0.0000 
0.9687 0.7820 1.0000 0.0000 
0.3134 0.7138 1.0000 0.0000 
0.5824 0.4461 0.0000 1.0000 
0.1942 0.2247 0.0000 1.0000 
0.0546 0.3066 0.0000 1.0000 
0.0080 0.9572 1.0000 0.0000 
0.8159 0.3538 0.0000 1.0000 
0.7725 0.4459 0.0000 1.0000 
0.0600 0.5447 0.0000 1.0000 
0.2549 0.5164 1.0000 0.0000 
0.2951 0.9806 1.0000 0.0000 
0.7423 0.5333 1.0000 0.0000 
0.9094 0.6884 0.0000 1.0000 
0.3310 0.9815 1.0000 0.0000 
0.9038 0.1169 0.0000 1.0000 
0.9520 0.2618 1.0000 0.0000 
0.9588 0.1111 0.0000 1.0000 
0.4755 0.7379 1.0000 0.0000 
0.1087 0.3968 0.0000 1.0000 
0.6373 0.1695 0.0000 1.0000 
0.3391 0.3009 1.0000 0.0000 
0.5170 0.7942 1.0000 0.0000 
0.8378 0.3082 0.0000 1.0000 
0.4420 0.9236 1.0000 0.0000 
0.6794 0.7906 0.0000 1.0000 
0.7472 0.5993 0.0000 1.0000 
0.8244 0.4116 0.0000 1.0000 
0.1626 0.6946 1.0000 0.0000 
0.8255 0.1280 0.0000 1.0000 
0.1062 0.3861 0.0000 1.0000 
0.6229 0.7805 1.0000 0.0000 
0.3046 0.6601 1.0000 0.0000 
0.0449 0.2775 0.0000 1.0000 
0.3668 0.8501 1.0000 0.0000 
0.2089 0.3114 0.0000 1.0000 
0.0333 0.8227 1.0000 0.0000 
0.4612 0.9598 1.0000 0.0000 
0.9700 0.2337 1.0000 0.0000 
0.0297 0.2943 0.0000 1.0000 
0.2994 0.0820 0.0000 1.0000 
0.8220 0.3261 0.0000 1.0000 
0.7586 0.6254 0.0000 1.0000 
0.8139 0.5133 0.0000 1.0000 
0.6976 0.9598 0.0000 1.0000 
0.3473 0.2253 1.0000 0.0000 
0.4087 0.1154 0.0000 1.0000 
0.5332 0.8344 1.0000 0.0000 
0.4791 0.5612 0.0000 1.0000 
0.2367 0.7739 1.0000 0.0000 
0.7131 0.2015 0.0000 1.0000 
0.7052 0.2765 0.0000 1.0000 
0.6301 0.5138 0.0000 1.0000 
0.0757 0.0834 0.0000 1.0000 
0.1375 0.3845 0.0000 1.0000 
0.8365 0.6452 1.0000 0.0000 
0.8794 0.1741 1.0000 0.0000 
0.9850 0.2898 1.0000 0.0000 
0.6731 0.6440 0.0000 1.0000 
0.2770 0.8206 1.0000 0.0000 
0.5113 0.9634 1.0000 0.0000 
0.3829 0.0061 0.0000 1.0000 
0.7778 0.9330 1.0000 0.0000 
0.6146 0.7990 1.0000 0.0000 
0.1486 0.7661 1.0000 0.0000 
0.4796 0.5508 1.0000 0.0000 
0.1095 0.0468 1.0000 0.0000 
0.9185 0.9230 1.0000 0.0000 
0.6720 0.4602 0.0000 1.0000 
0.4443 0.0877 0.0000 1.0000 
0.1915 0.8132 1.0000 0.0000 
0.6148 0.2993 0.0000 1.0000 
0.1301 0.8815 1.0000 0.0000 
0.3083 0.5895 1.0000 0.0000 
0.6622 0.1685 0.0000 1.0000 
0.1844 0.0523 0.0000 1.0000 
0.9864 0.9019 1.0000 0.0000 
0.4253 0.4519 1.0000 0.0000 
0.0634 0.8749 1.0000 0.0000 
0.6620 0.1260 0.0000 1.0000 
0.2854 0.2723 1.0000 0.0000 
0.9636 0.6076 1.0000 0.0000 
0.0382 0.3846 0.0000 1.0000 
0.2121 0.1326 0.0000 1.0000 
0.8070 0.2508 0.0000 1.0000 
0.4631 0.7873 1.0000 0.0000 
0.3271 0.0525 0.0000 1.0000 
0.3470 0.2499 1.0000 0.0000 
0.3643 0.8837 1.0000 0.0000 
0.9075 0.9581 1.0000 0.0000 
0.8887 0.5729 1.0000 0.0000 
0.3699 0.5951 1.0000 0.0000 
0.1002 0.7659 1.0000 0.0000 
0.9219 0.8076 1.0000 0.0000 
0.4172 0.9874 0.0000 1.0000 
0.8189 0.5639 1.0000 0.0000 
0.5429 0.6287 1.0000 0.0000 
0.0468 0.7705 0.0000 1.0000 
0.9552 0.7501 1.0000 0.0000 
0.8015 0.6511 1.0000 0.0000 
0.5051 0.7055 1.0000 0.0000 
0.3911 0.6517 1.0000 0.0000 
0.0742 0.6775 0.0000 1.0000 
0.9535 0.1332 0.0000 1.0000 
0.6607 0.7002 0.0000 1.0000 
0.1644 0.5189 1.0000 0.0000 
0.4301 0.2313 0.0000 1.0000 
0.5311 0.8832 1.0000 0.0000 
0.0891 0.4105 0.0000 1.0000 
0.9109 0.5466 1.0000 0.0000 
0.7519 0.5601 0.0000 1.0000 
0.9079 0.7797 1.0000 0.0000 
0.9207 0.2208 0.0000 1.0000 
0.8568 0.4177 0.0000 1.0000 
0.9049 0.4754 1.0000 0.0000 
0.2112 0.0520 0.0000 1.0000 
0.8801 0.1160 0.0000 1.0000 
0.3411 0.1638 0.0000 1.0000 
0.3384 0.3453 1.0000 0.0000 
0.8329 0.2355 0.0000 1.0000 
0.6122 0.5986 1.0000 0.0000 
0.4533 0.1166 0.0000 1.0000 
0.0379 0.1585 0.0000 1.0000 
0.0607 0.5651 0.0000 1.0000 
0.3633 0.9088 1.0000 0.0000 
0.8473 0.9041 1.0000 0.0000 
0.3960 0.2403 0.0000 1.0000 
0.5956 0.9147 1.0000 0.0000 
0.6383 0.9349 1.0000 0.0000 
0.5068 0.3856 1.0000 0.0000 
0.5556 0.6385 1.0000 0.0000 
0.2760 0.9892 0.0000 1.0000 
0.2491 0.0378 0.0000 1.0000 
0.4806 0.4607 1.0000 0.0000 
0.9848 0.0612 0.0000 1.0000 
0.1597 0.6877 1.0000 0.0000 
0.2446 0.4314 1.0000 0.0000 
0.4596 0.9039 1.0000 0.0000 
0.5630 0.6040 0.0000 1.0000 
0.1536 0.6458 1.0000 0.0000 
0.0893 0.5287 0.0000 1.0000 
0.9190 0.9248 1.0000 0.0000 
0.6523 0.4452 1.0000 0.0000 
0.2762 0.3727 1.0000 0.0000 
0.0256 0.9647 1.0000 0.0000 
0.3171 0.3273 1.0000 0.0000 
0.9858 0.1747 0.0000 1.0000 
0.6451 0.5206 0.0000 1.0000 
0.5065 0.3176 0.0000 1.0000 
0.4937 0.5962 1.0000 0.0000 
0.7347 0.6926 0.0000 1.0000 
0.9102 0.4012 1.0000 0.0000 
0.0581 0.9269 1.0000 0.0000 
0.8416 0.4940 1.0000 0.0000 
0.5079 0.6525 1.0000 0.0000 
0.6150 0.1295 0.0000 1.0000 
0.1275 0.9606 1.0000 0.0000 
0.4905 0.6624 1.0000 0.0000 
0.7040 0.9826 1.0000 0.0000 
0.7063 0.7501 0.0000 1.0000 
0.5575 0.3992 0.0000 1.0000 
0.8266 0.0798 0.0000 1.0000 
0.2692 0.9118 1.0000 0.0000 
0.3769 0.3824 1.0000 0.0000 
0.2146 0.9456 1.0000 0.0000 
0.4964 0.4374 1.0000 0.0000 
0.0001 0.1018 0.0000 1.0000 
0.6769 0.1426 0.0000 1.0000 
0.9129 0.2660 0.0000 1.0000 
0.4115 0.6570 1.0000 0.0000 
0.0116 0.3815 0.0000 1.0000 
0.4592 0.0776 0.0000 1.0000 
0.6712 0.5532 0.0000 1.0000 
0.0591 0.3215 0.0000 1.0000 
0.9909 0.6830 1.0000 0.0000 
0.8710 0.9697 0.0000 1.0000 
0.0927 0.8311 0.0000 1.0000 
0.8336 0.4368 0.0000 1.0000 
0.3651 0.2677 1.0000 0.0000 
0.0915 0.6552 0.0000 1.0000 
0.2777 0.4729 1.0000 0.0000 
0.9832 0.3955 1.0000 0.0000 
0.2506 0.8943 1.0000 0.0000 
0.4974 0.6920 1.0000 0.0000 
0.0769 0.7506 1.0000 0.0000 
0.3572 0.6944 1.0000 0.0000 
0.8823 0.6617 0.0000 1.0000 
0.3806 0.0562 0.0000 1.0000 
0.6481 0.2932 0.0000 1.0000 
0.2530 0.7463 1.0000 0.0000 
0.9482 0.2790 1.0000 0.0000 
0.5658 0.9885 1.0000 0.0000 
0.4100 0.1089 0.0000 1.0000 
0.5281 0.5496 0.0000 1.0000 
0.3760 0.9011 1.0000 0.0000 
0.3641 0.4765 1.0000 0.0000 
0.6865 0.4146 0.0000 1.0000 
0.8345 0.0204 0.0000 1.0000 
0.4705 0.1015 0.0000 1.0000 
0.0578 0.2930 0.0000 1.0000 
0.1341 0.1904 0.0000 1.0000 
0.4019 0.5372 1.0000 0.0000 
0.1814 0.6697 1.0000 0.0000 
0.1556 0.6594 1.0000 0.0000 
0.2543 0.4128 1.0000 0.0000 
0.6396 0.2795 0.0000 1.0000 
0.5193 0.0630 1.0000 0.0000 
0.6557 0.1070 0.0000 1.0000 
0.1345 0.7670 1.0000 0.0000 
0.8338 0.7950 1.0000 0.0000 
0.3998 0.3593 0.0000 1.0000 
0.4942 0.6613 1.0000 0.0000 
0.0655 0.5720 0.0000 1.0000 
0.4710 0.6553 1.0000 0.0000 
0.0276 0.6240 0.0000 1.0000 
0.7486 0.4210 0.0000 1.0000 
0.0507 0.6001 0.0000 1.0000 
0.8737 0.2425 0.0000 1.0000 
0.3951 0.8792 1.0000 0.0000 
0.8617 0.8945 1.0000 0.0000 
0.6737 0.0569 0.0000 1.0000 
0.0821 0.3919 0.0000 1.0000 
0.4324 0.7634 1.0000 0.0000 
0.3464 0.4476 1.0000 0.0000 
0.7339 0.3183 0.0000 1.0000 
0.4956 0.6857 1.0000 0.0000 
0.3365 0.0241 0.0000 1.0000 
0.0299 0.0002 0.0000 1.0000 
0.7423 0.8907 1.0000 0.0000 
0.3626 0.3543 1.0000 0.0000 
0.9556 0.9584 1.0000 0.0000 
0.9789 0.1921 0.0000 1.0000 
0.1831 0.6071 1.0000 0.0000 
0.9733 0.5357 1.0000 0.0000 
0.0121 0.0908 1.0000 0.0000 
0.1275 0.0830 1.0000 0.0000 
0.4371 0.8653 1.0000 0.0000 
0.8984 0.2492 0.0000 1.0000 
0.8400 0.2160 0.0000 1.0000 
0.2548 0.4959 1.0000 0.0000 
0.9531 0.4193 1.0000 0.0000 
0.5134 0.0823 0.0000 1.0000 
0.7198 0.8412 1.0000 0.0000 
0.8065 0.8756 1.0000 0.0000 
0.8235 0.6495 1.0000 0.0000 
0.8591 0.5977 1.0000 0.0000 
0.3369 0.6956 1.0000 0.0000 
0.6130 0.3943 0.0000 1.0000 
0.4165 0.2118 1.0000 0.0000 
0.9121 0.5507 1.0000 0.0000 
0.9520 0.8163 1.0000 0.0000 
0.6993 0.5921 0.0000 1.0000 
0.3197 0.6424 1.0000 0.0000 
0.7520 0.1962 0.0000 1.0000 
0.1606 0.6777 1.0000 0.0000 
0.8743 0.3828 0.0000 1.0000 
0.0547 0.1926 0.0000 1.0000 
0.9905 0.8733 1.0000 0.0000 
0.5033 0.7205 1.0000 0.0000 
0.8085 0.9027 1.0000 0.0000 
0.5821 0.7223 1.0000 0.0000 
0.4048 0.7255 0.0000 1.0000 
0.2024 0.7208 1.0000 0.0000 
0.5521 0.7240 1.0000 0.0000 
0.1055 0.3434 0.0000 1.0000 
0.7455 0.8373 1.0000 0.0000 
0.3019 0.0226 0.0000 1.0000 
0.9043 0.3072 0.0000 1.0000 
0.2995 0.0673 0.0000 1.0000 
0.3391 0.2503 1.0000 0.0000 
0.1788 0.9121 1.0000 0.0000 
0.3496 0.9767 1.0000 0.0000 
0.5636 0.5113 0.0000 1.0000 
0.0575 0.0556 0.0000 1.0000 
0.3890 0.3791 1.0000 0.0000 
0.7022 0.3477 1.0000 0.0000 
0.4703 0.8649 1.0000 0.0000 
0.6540 0.3637 1.0000 0.0000 
0.5514 0.1873 0.0000 1.0000 
0.1224 0.6669 1.0000 0.0000 
0.6579 0.0961 0.0000 1.0000 
0.7846 0.5322 0.0000 1.0000 
0.9655 0.4928 0.0000 1.0000 
0.3337 0.7951 1.0000 0.0000 
0.8605 0.0675 0.0000 1.0000 
0.3054 0.1711 0.0000 1.0000 
0.1570 0.7902 1.0000 0.0000 
0.0941 0.4047 0.0000 1.0000 
0.9610 0.5729 1.0000 0.0000 
0.5194 0.5809 1.0000 0.0000 
0.6415 0.6734 0.0000 1.0000 
0.5703 0.6711 0.0000 1.0000 
0.2107 0.2110 0.0000 1.0000 
0.8570 0.2628 1.0000 0.0000 
0.6638 0.0002 0.0000 1.0000 
0.7864 0.6210 0.0000 1.0000 
0.2847 0.9434 0.0000 1.0000 
0.6042 0.9694 1.0000 0.0000 
0.9101 0.2066 0.0000 1.0000 
0.5702 0.1653 0.0000 1.0000 
0.1674 0.7545 1.0000 0.0000 
0.7870 0.5439 0.0000 1.0000 
0.0393 0.7901 1.0000 0.0000 
0.6344 0.2252 0.0000 1.0000 
0.4950 0.2576 0.0000 1.0000 
0.7792 0.9664 0.0000 1.0000 
0.0469 0.7134 0.0000 1.0000 
0.9218 0.4431 1.0000 0.0000 
0.1369 0.1234 0.0000 1.0000 
0.8827 0.9925 1.0000 0.0000 
0.5809 0.0766 0.0000 1.0000 
0.4924 0.0812 0.0000 1.0000 
0.8836 0.9803 0.0000 1.0000 
0.3870 0.8749 1.0000 0.0000 
0.0557 0.7272 0.0000 1.0000 
0.9354 0.6485 1.0000 0.0000 
0.1379 0.7903 1.0000 0.0000 
0.2907 0.5981 1.0000 0.0000 
0.7391 0.1931 0.0000 1.0000 
0.4487 0.7831 1.0000 0.0000 
0.3334 0.4900 1.0000 0.0000 
0.2159 0.6688 1.0000 0.0000 
0.5845 0.0254 0.0000 1.0000 
0.7759 0.7481 1.0000 0.0000 
0.0868 0.4590 0.0000 1.0000 
0.9793 0.2632 1.0000 0.0000 
0.4399 0.2141 0.0000 1.0000 
0.7926 0.2603 0.0000 1.0000 
0.6310 0.7175 0.0000 1.0000 
0.9659 0.2792 1.0000 0.0000 
0.6931 0.1464 0.0000 1.0000 
0.9997 0.1053 0.0000 1.0000 
0.6318 0.9933 1.0000 0.0000 
0.7850 0.7439 1.0000 0.0000 
0.4979 0.1474 0.0000 1.0000 
0.3812 0.6120 1.0000 0.0000 
0.7545 0.5115 0.0000 1.0000 
0.3593 0.8819 1.0000 0.0000 
0.2238 0.9151 1.0000 0.0000 
0.6922 0.2340 1.0000 0.0000 
0.6905 0.7143 0.0000 1.0000 
0.4417 0.1695 0.0000 1.0000 
0.4399 0.1594 0.0000 1.0000 
0.2784 0.3132 1.0000 0.0000 
0.4818 0.2065 0.0000 1.0000 
0.1172 0.0724 0.0000 1.0000 
0.0556 0.7559 0.0000 1.0000 
0.5813 0.6214 0.0000 1.0000 
0.1819 0.1960 0.0000 1.0000 
0.3214 0.4571 1.0000 0.0000 
0.9170 0.4359 1.0000 0.0000 
0.1377 0.4403 0.0000 1.0000 
0.1686 0.9410 1.0000 0.0000 
0.3764 0.1982 0.0000 1.0000 
0.1408 0.6784 1.0000 0.0000 
0.7876 0.2028 0.0000 1.0000 
0.6633 0.9259 1.0000 0.0000 
0.5045 0.1756 0.0000 1.0000 
0.3825 0.2098 0.0000 1.0000 
0.7373 0.4173 0.0000 1.0000 
0.6981 0.3444 0.0000 1.0000 
0.4854 0.2140 1.0000 0.0000 
0.4896 0.9737 1.0000 0.0000 
0.1644 0.0472 0.0000 1.0000 
0.1354 0.3820 0.0000 1.0000 
0.4825 0.5686 1.0000 0.0000 
0.3265 0.2875 1.0000 0.0000 
0.6434 0.9252 1.0000 0.0000 
0.3376 0.7517 1.0000 0.0000 
0.7624 0.8725 1.0000 0.0000 
0.1717 0.9723 1.0000 0.0000 
0.2714 0.2923 1.0000 0.0000 
0.3321 0.6638 1.0000 0.0000 
0.8201 0.4274 0.0000 1.0000 
0.9455 0.2333 0.0000 1.0000 
0.1859 0.2231 0.0000 1.0000 
0.2188 0.9495 1.0000 0.0000 
0.6961 0.1739 0.0000 1.0000 
0.4079 0.8914 1.0000 0.0000 
0.9770 0.2982 1.0000 0.0000 
0.8966 0.2298 0.0000 1.0000 
0.2453 0.9686 1.0000 0.0000 
0.5446 0.0362 0.0000 1.0000 
0.0494 0.6414 0.0000 1.0000 
0.2331 0.4897 1.0000 0.0000 
0.0147 0.7654 0.0000 1.0000 
0.4188 0.7598 1.0000 0.0000 
0.0977 0.8149 1.0000 0.0000 
0.0641 0.8900 1.0000 0.0000 
0.1402 0.4799 0.0000 1.0000 
0.4592 0.7101 1.0000 0.0000 
0.9788 0.8013 1.0000 0.0000 
0.1407 0.4980 1.0000 0.0000 
0.3679 0.5965 1.0000 0.0000 
0.0468 0.1610 0.0000 1.0000 
0.1244 0.0201 0.0000 1.0000 
0.2148 0.2056 0.0000 1.0000 
0.1924 0.1486 0.0000 1.0000 
0.4450 0.2623 0.0000 1.0000 
0.6487 0.1714 0.0000 1.0000 
0.7494 0.5539 0.0000 1.0000 
0.6594 0.3264 0.0000 1.0000 
0.0962 0.1511 0.0000 1.0000 
0.9215 0.5064 1.0000 0.0000 
0.9796 0.5946 1.0000 0.0000 
0.6439 0.6742 0.0000 1.0000 
0.1267 0.9544 1.0000 0.0000 
0.6351 0.0472 0.0000 1.0000 
0.6665 0.4247 0.0000 1.0000 
0.9460 0.0187 0.0000 1.0000 
0.6118 0.2108 0.0000 1.0000 
0.4897 0.9487 1.0000 0.0000 
0.5313 0.0809 0.0000 1.0000 
0.6710 0.7834 1.0000 0.0000 
0.3134 0.3863 1.0000 0.0000 
0.2614 0.5353 1.0000 0.0000 
0.0507 0.4154 0.0000 1.0000 
0.5109 0.0633 0.0000 1.0000 
0.9494 0.2727 1.0000 0.0000 
0.0909 0.3820 0.0000 1.0000 
0.4209 0.4266 0.0000 1.0000 
0.3106 0.4135 1.0000 0.0000 
0.2201 0.5801 1.0000 0.0000 
0.3491 0.6660 1.0000 0.0000 
0.5904 0.1103 1.0000 0.0000 
0.7535 0.9234 1.0000 0.0000 
0.9226 0.4772 1.0000 0.0000 
0.0906 0.7151 1.0000 0.0000 
0.5783 0.8891 1.0000 0.0000 
0.5711 0.8177 1.0000 0.0000 
0.5536 0.7251 1.0000 0.0000 
0.9655 0.1196 0.0000 1.0000 
0.3829 0.2676 1.0000 0.0000 
0.6148 0.2084 0.0000 1.0000 
0.0863 0.6647 0.0000 1.0000 
0.0844 0.5176 0.0000 1.0000 
0.8249 0.2115 0.0000 1.0000 
0.5057 0.0316 0.0000 1.0000 
0.2769 0.0611 0.0000 1.0000 
0.0222 0.9903 1.0000 0.0000 
0.0230 0.8958 1.0000 0.0000 
0.6355 0.3612 0.0000 1.0000 
0.0892 0.1358 0.0000 1.0000 
0.0779 0.3121 0.0000 1.0000 
0.9362 0.1319 0.0000 1.0000 
0.0579 0.9210 1.0000 0.0000 
0.8317 0.5500 1.0000 0.0000 
0.7263 0.5698 0.0000 1.0000 
0.8837 0.2881 0.0000 1.0000 
0.1374 0.6041 0.0000 1.0000 
0.0505 0.6798 0.0000 1.0000 
0.6646 0.6771 0.0000 1.0000 
0.8990 0.5715 1.0000 0.0000 
0.3734 0.3370 1.0000 0.0000 
0.4394 0.7900 1.0000 0.0000 
0.5683 0.6403 0.0000 1.0000 
0.9059 0.8374 1.0000 0.0000 
0.9186 0.7428 1.0000 0.0000 
0.8664 0.9043 1.0000 0.0000 
0.6165 0.5888 0.0000 1.0000 
0.2193 0.5875 1.0000 0.0000 
0.9516 0.6080 1.0000 0.0000 
0.2125 0.5435 1.0000 0.0000 
0.9700 0.3708 1.0000 0.0000 
0.5878 0.1474 0.0000 1.0000 
0.6173 0.1577 0.0000 1.0000 
0.9255 0.7500 1.0000 0.0000 
0.0567 0.8144 1.0000 0.0000 
0.6112 0.7016 0.0000 1.0000 
0.2518 0.4738 1.0000 0.0000 
0.4775 0.8110 1.0000 0.0000 
0.8535 0.5433 1.0000 0.0000 
0.5306 0.1748 0.0000 1.0000 
0.1566 0.2353 0.0000 1.0000 
0.2840 0.0532 0.0000 1.0000 
0.3882 0.0766 0.0000 1.0000 
0.9946 0.7259 1.0000 0.0000 
0.0481 0.6297 0.0000 1.0000 
0.8022 0.3686 0.0000 1.0000 
0.4243 0.1663 0.0000 1.0000 
0.3943 0.8122 1.0000 0.0000 
0.3081 0.3704 1.0000 0.0000 
0.2848 0.0518 0.0000 1.0000 
0.5177 0.2133 0.0000 1.0000 
0.7657 0.5738 0.0000 1.0000 
0.7584 0.5952 0.0000 1.0000 
0.4742 0.8730 1.0000 0.0000 
0.3313 0.6438 1.0000 0.0000 
0.8650 0.2251 0.0000 1.0000 
0.3197 0.3866 1.0000 0.0000 
0.0141 0.7973 0.0000 1.0000 
0.1167 0.6357 1.0000 0.0000 
0.9309 0.2807 1.0000 0.0000 
0.2621 0.7719 1.0000 0.0000 
0.9671 0.4776 1.0000 0.0000 
0.4190 0.4919 1.0000 0.0000 
0.3191 0.3182 1.0000 0.0000 
0.4627 0.5334 1.0000 0.0000 
0.1241 0.5849 1.0000 0.0000 
0.5439 0.6644 0.0000 1.0000 
0.5460 0.1308 0.0000 1.0000 
0.2983 0.7832 1.0000 0.0000 
0.2784 0.2339 1.0000 0.0000 
0.4658 0.4338 1.0000 0.0000 
0.3061 0.9611 1.0000 0.0000 
0.4434 0.6147 1.0000 0.0000 
0.4490 0.8504 1.0000 0.0000 
0.5532 0.0184 0.0000 1.0000 
0.7037 0.1002 0.0000 1.0000 
0.6450 0.0416 0.0000 1.0000 
0.8479 0.4886 1.0000 0.0000 
0.1207 0.7261 0.0000 1.0000 
0.6125 0.9924 0.0000 1.0000 
0.3759 0.6738 1.0000 0.0000 
0.2342 0.6590 1.0000 0.0000 
0.4896 0.7613 1.0000 0.0000 
0.1198 0.3687 0.0000 1.0000 
0.9599 0.3151 1.0000 0.0000 
0.3320 0.6367 0.0000 1.0000 
0.2110 0.2203 0.0000 1.0000 
0.9322 0.1292 0.0000 1.0000 
0.6400 0.0730 0.0000 1.0000 
0.2041 0.4329 0.0000 1.0000 
0.0222 0.2961 0.0000 1.0000 
0.8360 0.4302 0.0000 1.0000 
0.0480 0.0901 0.0000 1.0000 
0.8053 0.5198 0.0000 1.0000 
0.3796 0.8459 1.0000 0.0000 
0.3772 0.4246 1.0000 0.0000 
0.6592 0.9514 1.0000 0.0000 
0.2290 0.3769 1.0000 0.0000 
0.1843 0.7831 1.0000 0.0000 
0.5120 0.4564 0.0000 1.0000 
0.8109 0.0217 0.0000 1.0000 
0.4426 0.7150 0.0000 1.0000 
0.1857 0.6347 1.0000 0.0000 
0.6854 0.1936 0.0000 1.0000 
0.4364 0.5555 1.0000 0.0000 
0.6985 0.8383 0.0000 1.0000 
0.5711 0.9585 1.0000 0.0000 
0.7361 0.1927 0.0000 1.0000 
0.4609 0.3800 0.0000 1.0000 
0.9068 0.1746 0.0000 1.0000 
0.2325 0.0910 0.0000 1.0000 
0.7420 0.3267 0.0000 1.0000 
0.8290 0.9594 1.0000 0.0000 
0.6204 0.7048 0.0000 1.0000 
0.1393 0.7570 1.0000 0.0000 
0.6854 0.2748 0.0000 1.0000 
0.2679 0.2699 1.0000 0.0000 
0.1013 0.4726 0.0000 1.0000 
0.0118 0.9833 1.0000 0.0000 
0.1997 0.2601 0.0000 1.0000 
0.3578 0.4487 1.0000 0.0000 
0.8155 0.4858 0.0000 1.0000 
0.4969 0.1875 0.0000 1.0000 
0.0772 0.1957 1.0000 0.0000 
0.8638 0.1865 0.0000 1.0000 
0.7658 0.2457 0.0000 1.0000 
0.2505 0.2140 0.0000 1.0000 
0.9373 0.3809 1.0000 0.0000 
0.5012 0.7687 0.0000 1.0000 
0.5502 0.2524 0.0000 1.0000 
0.4356 0.0570 0.0000 1.0000 
0.2236 0.6647 1.0000 0.0000 
0.9582 0.6154 1.0000 0.0000 
0.4304 0.6440 1.0000 0.0000 
0.4131 0.0681 0.0000 1.0000 
0.9145 0.9172 0.0000 1.0000 
0.8490 0.9394 1.0000 0.0000 
0.2599 0.0932 0.0000 1.0000 
0.8455 0.3160 0.0000 1.0000 
0.8242 0.6587 1.0000 0.0000 
0.0337 0.3257 0.0000 1.0000 
0.7396 0.3141 0.0000 1.0000 
