0.5870 0.4102 0.0000 1.0000 
0.1481 0.5371 0.0000 1.0000 
0.4396 0.9970 1.0000 0.0000 
0.2151 0.7580 1.0000 0.0000 
0.1348 0.0985 0.0000 1.0000 
0.8198 0.8783 1.0000 0.0000 
0.2742 0.5870 1.0000 0.0000 
0.1130 0.5823 0.0000 1.0000 
0.9494 0.6073 1.0000 0.0000 
0.6639 0.8405 1.0000 0.0000 
0.9948 0.0371 0.0000 1.0000 
0.7178 0.4122 0.0000 1.0000 
0.7890 0.8331 1.0000 0.0000 
0.5898 0.2082 0.0000 1.0000 
0.5803 0.9861 1.0000 0.0000 
0.6201 0.8918 1.0000 0.0000 
0.9450 0.1617 0.0000 1.0000 
0.3236 0.8362 1.0000 0.0000 
0.5747 0.4673 0.0000 1.0000 
0.8651 0.2415 0.0000 1.0000 
0.1549 0.3261 0.0000 1.0000 
0.6164 0.7493 0.0000 1.0000 
0.8658 0.0150 0.0000 1.0000 
0.6568 0.6409 0.0000 1.0000 
0.7983 0.0736 0.0000 1.0000 
0.9642 0.3043 1.0000 0.0000 
0.8714 0.0437 0.0000 1.0000 
0.9873 0.5588 1.0000 0.0000 
0.2833 0.9211 1.0000 0.0000 
0.2374 0.5913 0.0000 1.0000 
0.5105 0.3376 0.0000 1.0000 
0.5023 0.0099 0.0000 1.0000 
0.4707 0.5399 1.0000 0.0000 
0.6221 0.1965 0.0000 1.0000 
0.3171 0.6319 1.0000 0.0000 
0.3947 0.0863 0.0000 1.0000 
0.2013 0.6405 1.0000 0.0000 
0.0047 0.8337 1.0000 0.0000 
0.9760 0.5314 1.0000 0.0000 
0.4476 0.9472 1.0000 0.0000 
0.0113 0.3146 0.0000 1.0000 
0.1412 0.7857 1.0000 0.0000 
0.7454 0.6794 0.0000 1.0000 
0.9135 0.8996 1.0000 0.0000 
0.2087 0.6257 1.0000 0.0000 
0.0746 0.0619 0.0000 1.0000 
0.0628 0.3579 0.0000 1.0000 
0.9720 0.3827 1.0000 0.0000 
0.9959 0.8723 1.0000 0.0000 
0.4024 0.8144 1.0000 0.0000 
0.8561 0.4990 1.0000 0.0000 
0.6809 0.1209 0.0000 1.0000 
0.5281 0.0179 0.0000 1.0000 
0.3906 0.7953 1.0000 0.0000 
0.1104 0.0514 0.0000 1.0000 
0.5668 0.8187 1.0000 0.0000 
0.1390 0.9937 1.0000 0.0000 
0.6941 0.6584 0.0000 1.0000 
0.8773 0.7397 1.0000 0.0000 
0.4393 0.9283 1.0000 0.0000 
0.5865 0.8243 1.0000 0.0000 
0.0903 0.9483 1.0000 0.0000 
0.2633 0.0239 0.0000 1.0000 
0.3195 0.6505 1.0000 0.0000 
0.8481 0.9158 1.0000 0.0000 
0.2217 0.1239 0.0000 1.0000 
0.6925 0.5014 0.0000 1.0000 
0.8078 0.8305 1.0000 0.0000 
0.2171 0.1526 0.0000 1.0000 
0.4712 0.8749 1.0000 0.0000 
0.8847 0.6103 1.0000 0.0000 
0.3322 0.3311 1.0000 0.0000 
0.4742 0.0969 0.0000 1.0000 
0.3960 0.6475 1.0000 0.0000 
0.4883 0.1143 0.0000 1.0000 
0.0930 0.9707 1.0000 0.0000 
0.9959 0.7181 1.0000 0.0000 
0.9620 0.7694 1.0000 0.0000 
0.0812 0.7315 1.0000 0.0000 
0.8507 0.6874 1.0000 0.0000 
0.7482 0.7312 0.0000 1.0000 
0.2024 0.4918 0.0000 1.0000 
0.7189 0.5540 0.0000 1.0000 
0.6063 0.8100 1.0000 0.0000 
0.8570 0.3944 0.0000 1.0000 
0.8245 0.7808 1.0000 0.0000 
0.3564 0.8847 1.0000 0.0000 
0.9707 0.3774 1.0000 0.0000 
0.4123 0.5400 1.0000 0.0000 
0.7195 0.7308 0.0000 1.0000 
0.4098 0.7122 1.0000 0.0000 
0.4256 0.1669 0.0000 1.0000 
0.1431 0.7282 1.0000 0.0000 
0.7908 0.7276 0.0000 1.0000 
0.3277 0.3045 1.0000 0.0000 
0.5102 0.6344 1.0000 0.0000 
0.8172 0.9730 1.0000 0.0000 
0.1370 0.0663 0.0000 1.0000 
0.5210 0.1925 1.0000 0.0000 
0.5402 0.9299 1.0000 0.0000 
0.3060 0.6498 1.0000 0.0000 
0.0750 0.5829 0.0000 1.0000 
0.6830 0.6108 0.0000 1.0000 
0.8199 0.5738 1.0000 0.0000 
0.8968 0.0175 0.0000 1.0000 
0.7924 0.8665 1.0000 0.0000 
0.0085 0.0689 0.0000 1.0000 
0.1724 0.6163 1.0000 0.0000 
0.4901 0.4912 1.0000 0.0000 
0.9594 0.1685 0.0000 1.0000 
0.8055 0.2656 0.0000 1.0000 
0.4806 0.5267 0.0000 1.0000 
0.3145 0.4640 1.0000 0.0000 
0.2882 0.9472 1.0000 0.0000 
0.3107 0.2121 1.0000 0.0000 
0.7376 0.0424 0.0000 1.0000 
0.9887 0.5019 1.0000 0.0000 
0.0399 0.5104 1.0000 0.0000 
0.7772 0.1379 0.0000 1.0000 
0.9932 0.3261 1.0000 0.0000 
0.3927 0.0176 0.0000 1.0000 
0.5408 0.3546 1.0000 0.0000 
0.1177 0.6127 0.0000 1.0000 
0.4251 0.5165 1.0000 0.0000 
0.4290 0.7505 1.0000 0.0000 
0.5338 0.9175 1.0000 0.0000 
0.3426 0.8768 1.0000 0.0000 
0.9887 0.7742 1.0000 0.0000 
0.0235 0.4221 0.0000 1.0000 
0.3887 0.6305 1.0000 0.0000 
0.7395 0.4017 1.0000 0.0000 
0.6934 0.0440 0.0000 1.0000 
0.6002 0.6016 0.0000 1.0000 
0.8663 0.6123 1.0000 0.0000 
0.9896 0.5790 1.0000 0.0000 
0.2563 0.6048 1.0000 0.0000 
0.5113 0.7631 1.0000 0.0000 
0.8331 0.1657 0.0000 1.0000 
0.5012 0.0055 0.0000 1.0000 
0.7802 0.8299 1.0000 0.0000 
0.1842 0.8252 1.0000 0.0000 
0.4160 0.8864 1.0000 0.0000 
0.8496 0.2185 1.0000 0.0000 
0.3501 0.3448 1.0000 0.0000 
0.7551 0.5271 0.0000 1.0000 
0.3315 0.1260 0.0000 1.0000 
0.8352 0.0132 0.0000 1.0000 
0.8870 0.8994 1.0000 0.0000 
0.5810 0.3078 0.0000 1.0000 
0.3391 0.2244 1.0000 0.0000 
0.8505 0.3115 0.0000 1.0000 
0.0623 0.6126 0.0000 1.0000 
0.5072 0.2881 0.0000 1.0000 
0.1483 0.7836 0.0000 1.0000 
0.8416 0.0632 1.0000 0.0000 
0.8017 0.7795 1.0000 0.0000 
0.7015 0.3593 0.0000 1.0000 
0.3319 0.0901 0.0000 1.0000 
0.0560 0.4795 0.0000 1.0000 
0.8157 0.5731 1.0000 0.0000 
0.8182 0.1955 0.0000 1.0000 
0.8490 0.4692 1.0000 0.0000 
0.5845 0.2985 0.0000 1.0000 
0.3722 0.9893 1.0000 0.0000 
0.5664 0.1207 0.0000 1.0000 
0.2017 0.5944 1.0000 0.0000 
0.4499 0.7065 1.0000 0.0000 
0.7866 0.2878 0.0000 1.0000 
0.0593 0.9603 1.0000 0.0000 
0.4867 0.7482 0.0000 1.0000 
0.6922 0.0558 0.0000 1.0000 
0.9207 0.0716 0.0000 1.0000 
0.0365 0.4568 1.0000 0.0000 
0.0192 0.0325 0.0000 1.0000 
0.4435 0.0017 0.0000 1.0000 
0.0254 0.5797 0.0000 1.0000 
0.5496 0.3108 0.0000 1.0000 
0.4569 0.5530 1.0000 0.0000 
0.8554 0.2924 1.0000 0.0000 
0.2768 0.1084 0.0000 1.0000 
0.9657 0.1531 0.0000 1.0000 
0.7365 0.2630 0.0000 1.0000 
0.3100 0.9081 1.0000 0.0000 
0.3830 0.9053 1.0000 0.0000 
0.2569 0.5436 0.0000 1.0000 
0.4150 0.1225 1.0000 0.0000 
0.4121 0.8250 1.0000 0.0000 
0.3750 0.0523 0.0000 1.0000 
0.6675 0.1385 0.0000 1.0000 
0.7075 0.1762 0.0000 1.0000 
0.4804 0.6850 1.0000 0.0000 
0.4261 0.2847 1.0000 0.0000 
0.0971 0.0463 0.0000 1.0000 
0.5450 0.0131 0.0000 1.0000 
0.4750 0.6382 1.0000 0.0000 
0.0002 0.6214 0.0000 1.0000 
0.3997 0.9594 1.0000 0.0000 
0.9992 0.0103 0.0000 1.0000 
0.7714 0.5014 0.0000 1.0000 
0.8017 0.2586 0.0000 1.0000 
0.2020 0.4571 1.0000 0.0000 
0.6246 0.5376 0.0000 1.0000 
0.9957 0.8025 1.0000 0.0000 
0.4196 0.8704 1.0000 0.0000 
0.1919 0.1794 0.0000 1.0000 
0.2717 0.0475 0.0000 1.0000 
0.1668 0.3329 0.0000 1.0000 
0.8884 0.0579 0.0000 1.0000 
1.0000 0.5082 1.0000 0.0000 
0.3498 0.3549 1.0000 0.0000 
0.8320 0.8849 1.0000 0.0000 
0.7313 0.7960 0.0000 1.0000 
0.4498 0.0443 1.0000 0.0000 
0.1165 0.3103 0.0000 1.0000 
0.8270 0.7388 1.0000 0.0000 
0.9290 0.0555 1.0000 0.0000 
0.3916 0.8945 1.0000 0.0000 
0.0924 0.8370 1.0000 0.0000 
0.7293 0.7437 0.0000 1.0000 
0.9770 0.2330 1.0000 0.0000 
0.9929 0.3710 1.0000 0.0000 
0.9137 0.9962 1.0000 0.0000 
0.5218 0.5941 1.0000 0.0000 
0.8500 0.2279 0.0000 1.0000 
0.1809 0.7640 1.0000 0.0000 
0.2183 0.8689 1.0000 0.0000 
0.8236 0.6431 1.0000 0.0000 
0.2214 0.1458 0.0000 1.0000 
0.6613 0.4929 0.0000 1.0000 
0.6168 0.2585 0.0000 1.0000 
0.8534 0.7061 1.0000 0.0000 
0.7568 0.5352 0.0000 1.0000 
0.2245 0.5687 0.0000 1.0000 
0.5693 0.7315 1.0000 0.0000 
0.3699 0.4944 1.0000 0.0000 
0.0105 0.5812 0.0000 1.0000 
0.8880 0.8999 1.0000 0.0000 
0.5668 0.0626 0.0000 1.0000 
0.2430 0.5703 1.0000 0.0000 
0.2284 0.7826 1.0000 0.0000 
0.1266 0.1881 0.0000 1.0000 
0.8281 0.9460 1.0000 0.0000 
0.0245 0.5482 0.0000 1.0000 
0.7696 0.4772 0.0000 1.0000 
0.0443 0.3809 0.0000 1.0000 
0.6033 0.6780 0.0000 1.0000 
0.7622 0.2812 1.0000 0.0000 
0.1138 0.6765 1.0000 0.0000 
0.0817 0.4066 0.0000 1.0000 
0.1833 0.8119 1.0000 0.0000 
0.2790 0.1520 0.0000 1.0000 
0.6247 0.7105 1.0000 0.0000 
0.2565 0.3019 1.0000 0.0000 
0.6761 0.0676 0.0000 1.0000 
0.0034 0.3167 0.0000 1.0000 
0.8307 0.7613 0.0000 1.0000 
0.4098 0.2315 0.0000 1.0000 
0.5502 0.1875 0.0000 1.0000 
0.3004 0.4525 1.0000 0.0000 
0.2149 0.9254 1.0000 0.0000 
0.8838 0.3280 1.0000 0.0000 
0.5149 0.6721 1.0000 0.0000 
0.9954 0.7992 1.0000 0.0000 
0.2997 0.6551 1.0000 0.0000 
0.5717 0.5928 0.0000 1.0000 
0.0535 0.4466 0.0000 1.0000 
0.8936 0.3990 1.0000 0.0000 
0.8417 0.2553 0.0000 1.0000 
0.5795 0.0907 0.0000 1.0000 
0.7254 0.9072 1.0000 0.0000 
0.9194 0.2657 0.0000 1.0000 
0.2021 0.8707 0.0000 1.0000 
0.5785 0.1851 0.0000 1.0000 
0.3221 0.2337 0.0000 1.0000 
0.2606 0.8941 1.0000 0.0000 
0.8227 0.8637 1.0000 0.0000 
0.9185 0.4382 1.0000 0.0000 
0.6914 0.5620 0.0000 1.0000 
0.0703 0.9331 1.0000 0.0000 
0.3920 0.9725 1.0000 0.0000 
0.6998 0.5791 0.0000 1.0000 
0.9614 0.0723 0.0000 1.0000 
0.5151 0.2024 0.0000 1.0000 
0.2821 0.8375 1.0000 0.0000 
0.1696 0.9924 1.0000 0.0000 
0.2948 0.3183 1.0000 0.0000 
0.8136 0.5333 0.0000 1.0000 
0.4372 0.6814 1.0000 0.0000 
0.6903 0.7018 0.0000 1.0000 
0.4955 0.4589 0.0000 1.0000 
0.7803 0.6123 0.0000 1.0000 
0.1858 0.9958 1.0000 0.0000 
0.3346 0.6274 1.0000 0.0000 
0.6230 0.0672 1.0000 0.0000 
0.1543 0.2735 0.0000 1.0000 
0.9568 0.4140 1.0000 0.0000 
0.9772 0.5279 1.0000 0.0000 
0.8415 0.5416 1.0000 0.0000 
0.8969 0.7442 1.0000 0.0000 
0.2492 0.3649 1.0000 0.0000 
0.3438 0.0087 0.0000 1.0000 
0.3798 0.9567 1.0000 0.0000 
0.0237 0.0464 1.0000 0.0000 
0.0503 0.7799 1.0000 0.0000 
0.6208 0.7331 0.0000 1.0000 
0.7730 0.5211 0.0000 1.0000 
0.0731 0.7241 0.0000 1.0000 
0.7866 0.8885 1.0000 0.0000 
0.0148 0.7291 0.0000 1.0000 
0.7693 0.5138 0.0000 1.0000 
0.2641 0.6384 1.0000 0.0000 
0.8184 0.6024 1.0000 0.0000 
0.1446 0.8862 1.0000 0.0000 
0.7795 0.5646 0.0000 1.0000 
0.6717 0.6383 0.0000 1.0000 
0.7899 0.6569 1.0000 0.0000 
0.9411 0.2324 0.0000 1.0000 
0.2318 0.3668 1.0000 0.0000 
0.0974 0.5980 0.0000 1.0000 
0.2753 0.9162 1.0000 0.0000 
0.1074 0.0173 1.0000 0.0000 
0.6326 0.0342 0.0000 1.0000 
0.1357 0.1036 0.0000 1.0000 
0.2102 0.5416 1.0000 0.0000 
0.9047 0.0206 0.0000 1.0000 
0.6533 0.8020 1.0000 0.0000 
0.5586 0.7915 1.0000 0.0000 
0.4947 0.0831 0.0000 1.0000 
0.5391 0.0294 0.0000 1.0000 
0.9612 0.6835 1.0000 0.0000 
0.3635 0.7328 1.0000 0.0000 
0.1341 0.9663 0.0000 1.0000 
0.7555 0.1299 0.0000 1.0000 
0.4226 0.5730 1.0000 0.0000 
0.1052 0.5451 0.0000 1.0000 
0.0153 0.3222 0.0000 1.0000 
0.1543 0.9240 1.0000 0.0000 
0.4551 0.2696 0.0000 1.0000 
0.4649 0.2363 0.0000 1.0000 
0.1159 0.6693 1.0000 0.0000 
0.6588 0.9696 1.0000 0.0000 
0.8223 0.8637 0.0000 1.0000 
0.8855 0.0871 0.0000 1.0000 
0.1443 0.4158 0.0000 1.0000 
0.6252 0.7763 0.0000 1.0000 
0.8674 0.7177 1.0000 0.0000 
0.5672 0.4089 0.0000 1.0000 
0.0453 0.3881 0.0000 1.0000 
0.7203 0.0264 0.0000 1.0000 
0.0796 0.4235 0.0000 1.0000 
0.1957 0.8795 1.0000 0.0000 
0.1537 0.6442 0.0000 1.0000 
0.5987 0.3476 1.0000 0.0000 
0.6480 0.9599 1.0000 0.0000 
0.7209 0.4666 0.0000 1.0000 
0.4665 0.8074 0.0000 1.0000 
0.4783 0.1823 0.0000 1.0000 
0.9754 0.5015 1.0000 0.0000 
0.5878 0.9822 1.0000 0.0000 
0.3748 0.3550 1.0000 0.0000 
0.8736 0.3700 0.0000 1.0000 
0.5180 0.1539 0.0000 1.0000 
0.8690 0.7415 1.0000 0.0000 
0.9542 0.2913 1.0000 0.0000 
0.1871 0.6757 0.0000 1.0000 
0.7519 0.9725 1.0000 0.0000 
0.8938 0.3454 0.0000 1.0000 
0.8492 0.0000 0.0000 1.0000 
0.4888 0.9390 1.0000 0.0000 
0.0657 0.5659 0.0000 1.0000 
0.6196 0.1025 0.0000 1.0000 
0.9909 0.4917 1.0000 0.0000 
0.8805 0.7886 1.0000 0.0000 
0.4545 0.3623 0.0000 1.0000 
0.4092 0.5427 1.0000 0.0000 
0.0683 0.7208 0.0000 1.0000 
0.4708 0.6525 1.0000 0.0000 
0.0702 0.3714 1.0000 0.0000 
0.1157 0.5688 0.0000 1.0000 
0.1951 0.0877 0.0000 1.0000 
0.8868 0.5365 1.0000 0.0000 
0.4523 0.1111 0.0000 1.0000 
0.0704 0.6877 0.0000 1.0000 
0.4651 0.8288 1.0000 0.0000 
0.1030 0.7017 1.0000 0.0000 
0.3607 0.8044 1.0000 0.0000 
0.3116 0.8583 1.0000 0.0000 
0.2124 0.4087 1.0000 0.0000 
0.8536 0.5759 1.0000 0.0000 
0.8222 0.9300 1.0000 0.0000 
0.4566 0.4974 1.0000 0.0000 
0.9863 1.0000 1.0000 0.0000 
0.3636 0.3821 1.0000 0.0000 
0.5384 0.7327 1.0000 0.0000 
0.6722 0.5526 1.0000 0.0000 
0.6780 0.4188 0.0000 1.0000 
0.0078 0.7494 1.0000 0.0000 
0.8004 0.4051 0.0000 1.0000 
0.0290 0.9018 1.0000 0.0000 
0.4645 0.6479 1.0000 0.0000 
0.8761 0.1411 0.0000 1.0000 
0.5199 0.9575 1.0000 0.0000 
0.4648 0.3013 1.0000 0.0000 
0.6056 0.0545 0.0000 1.0000 
0.2434 0.1817 0.0000 1.0000 
0.7724 0.0471 0.0000 1.0000 
0.9786 0.4359 1.0000 0.0000 
0.9142 0.3159 0.0000 1.0000 
0.5362 0.3400 0.0000 1.0000 
0.8513 0.8768 1.0000 0.0000 
0.6081 0.9803 1.0000 0.0000 
0.8538 0.4243 1.0000 0.0000 
0.7878 0.7463 1.0000 0.0000 
0.7054 0.0001 0.0000 1.0000 
0.6945 0.1305 0.0000 1.0000 
0.0031 0.4634 1.0000 0.0000 
0.8482 0.2159 0.0000 1.0000 
0.3600 0.3905 1.0000 0.0000 
0.4053 0.5078 1.0000 0.0000 
0.5829 0.7978 1.0000 0.0000 
0.1977 0.2798 0.0000 1.0000 
0.1744 0.5467 0.0000 1.0000 
0.5487 0.9378 0.0000 1.0000 
0.6848 0.4323 0.0000 1.0000 
0.0826 0.7429 1.0000 0.0000 
0.3665 0.8022 1.0000 0.0000 
0.0453 0.9174 1.0000 0.0000 
0.5271 0.3755 0.0000 1.0000 
0.1662 0.3966 0.0000 1.0000 
0.3179 0.3017 0.0000 1.0000 
0.0917 0.5028 0.0000 1.0000 
0.9539 0.6211 1.0000 0.0000 
0.3955 0.7614 1.0000 0.0000 
0.1058 0.0505 1.0000 0.0000 
0.4441 0.2124 0.0000 1.0000 
0.8653 0.8939 1.0000 0.0000 
0.9009 0.6773 1.0000 0.0000 
0.7450 0.6820 0.0000 1.0000 
0.3687 0.5617 1.0000 0.0000 
0.6515 0.7305 0.0000 1.0000 
0.6628 0.0189 0.0000 1.0000 
0.0685 0.4226 0.0000 1.0000 
0.4382 0.4471 1.0000 0.0000 
0.5319 0.1003 0.0000 1.0000 
0.0153 0.5269 0.0000 1.0000 
0.6149 0.3325 0.0000 1.0000 
0.3597 0.9507 0.0000 1.0000 
0.6022 0.7569 1.0000 0.0000 
0.5921 0.5411 0.0000 1.0000 
0.2702 0.9263 0.0000 1.0000 
0.8463 0.9875 1.0000 0.0000 
0.9521 0.4512 1.0000 0.0000 
0.7134 0.7478 0.0000 1.0000 
0.9848 0.0902 0.0000 1.0000 
0.8609 0.8676 1.0000 0.0000 
0.8681 0.4789 1.0000 0.0000 
0.1604 0.2637 1.0000 0.0000 
0.4004 0.8479 1.0000 0.0000 
0.9887 0.1308 1.0000 0.0000 
0.5234 0.5315 0.0000 1.0000 
0.1510 0.4817 0.0000 1.0000 
0.3464 0.3644 1.0000 0.0000 
0.2055 0.1805 0.0000 1.0000 
0.6020 0.2276 0.0000 1.0000 
0.0931 0.4103 0.0000 1.0000 
0.3234 0.4055 1.0000 0.0000 
0.1834 0.4892 1.0000 0.0000 
0.2346 0.5795 1.0000 0.0000 
0.1430 0.3397 0.0000 1.0000 
0.5062 0.6969 0.0000 1.0000 
0.6563 0.3044 0.0000 1.0000 
0.6620 0.0914 0.0000 1.0000 
0.2774 0.1486 0.0000 1.0000 
0.5139 0.3323 0.0000 1.0000 
0.0910 0.3907 0.0000 1.0000 
0.3534 0.8766 1.0000 0.0000 
0.2181 0.3976 1.0000 0.0000 
0.4941 0.9097 1.0000 0.0000 
0.8548 0.9720 1.0000 0.0000 
0.8754 0.1762 0.0000 1.0000 
0.4001 0.9978 1.0000 0.0000 
0.6001 0.2945 0.0000 1.0000 
0.8777 0.8709 1.0000 0.0000 
0.5643 0.1110 0.0000 1.0000 
0.8581 0.2572 0.0000 1.0000 
0.5251 0.0143 0.0000 1.0000 
0.5528 0.5016 0.0000 1.0000 
0.2085 0.9972 1.0000 0.0000 
0.7757 0.1983 0.0000 1.0000 
0.5072 0.7027 1.0000 0.0000 
0.4889 0.9152 1.0000 0.0000 
0.3065 0.7918 1.0000 0.0000 
0.9612 0.6570 1.0000 0.0000 
0.6210 0.5549 0.0000 1.0000 
0.8680 0.7159 0.0000 1.0000 
0.0040 0.7400 0.0000 1.0000 
0.1018 0.0071 0.0000 1.0000 
0.7432 0.0516 0.0000 1.0000 
0.1710 0.0437 0.0000 1.0000 
0.3792 0.2596 1.0000 0.0000 
0.8509 0.1800 0.0000 1.0000 
0.1856 0.2902 0.0000 1.0000 
0.4109 0.5524 0.0000 1.0000 
0.3985 0.9272 1.0000 0.0000 
0.6573 0.4812 0.0000 1.0000 
0.9619 0.2294 1.0000 0.0000 
0.0214 0.3310 0.0000 1.0000 
0.7506 0.5455 1.0000 0.0000 
0.1262 0.6666 1.0000 0.0000 
0.8784 0.2713 0.0000 1.0000 
0.1748 0.5398 1.0000 0.0000 
0.5028 0.3088 0.0000 1.0000 
0.8746 0.8864 1.0000 0.0000 
0.9529 0.3056 1.0000 0.0000 
0.8890 0.1742 1.0000 0.0000 
0.9457 0.1620 0.0000 1.0000 
0.8795 0.2847 0.0000 1.0000 
0.1610 0.9432 1.0000 0.0000 
0.6631 0.8398 1.0000 0.0000 
0.3385 0.0365 0.0000 1.0000 
0.9649 0.6628 1.0000 0.0000 
0.2851 0.2103 0.0000 1.0000 
0.1990 0.2991 0.0000 1.0000 
0.9553 0.8981 1.0000 0.0000 
0.9852 0.3737 1.0000 0.0000 
0.6064 0.9327 1.0000 0.0000 
0.2453 0.2691 0.0000 1.0000 
0.4996 0.5162 1.0000 0.0000 
0.5958 0.5653 0.0000 1.0000 
0.0731 0.1343 0.0000 1.0000 
0.0647 0.3308 0.0000 1.0000 
0.7296 0.1891 0.0000 1.0000 
0.5378 0.5991 0.0000 1.0000 
0.5480 0.8860 1.0000 0.0000 
0.0669 0.5705 0.0000 1.0000 
0.5681 0.3100 0.0000 1.0000 
0.3171 0.9508 1.0000 0.0000 
0.8455 0.1264 0.0000 1.0000 
0.0634 0.8499 1.0000 0.0000 
0.7875 0.6590 0.0000 1.0000 
0.7281 0.0850 0.0000 1.0000 
0.1811 0.9841 1.0000 0.0000 
0.6478 0.6505 0.0000 1.0000 
0.7194 0.7071 0.0000 1.0000 
0.9620 1.0000 1.0000 0.0000 
0.6418 0.0995 0.0000 1.0000 
0.7283 0.0891 0.0000 1.0000 
0.7131 0.3141 0.0000 1.0000 
0.8349 0.8295 1.0000 0.0000 
0.1957 0.5453 1.0000 0.0000 
0.9798 0.0435 0.0000 1.0000 
0.9184 0.1159 0.0000 1.0000 
0.7689 0.6268 0.0000 1.0000 
0.6105 0.9489 1.0000 0.0000 
0.9810 0.8543 1.0000 0.0000 
0.3373 0.9259 1.0000 0.0000 
0.8419 0.4778 0.0000 1.0000 
0.1802 0.2399 0.0000 1.0000 
0.2922 0.4919 1.0000 0.0000 
0.3739 0.3104 1.0000 0.0000 
0.9275 0.4100 1.0000 0.0000 
0.0365 0.3701 0.0000 1.0000 
0.5098 0.8241 1.0000 0.0000 
0.4185 0.1456 0.0000 1.0000 
0.0378 0.8766 1.0000 0.0000 
0.2709 0.2149 0.0000 1.0000 
0.7867 0.3201 0.0000 1.0000 
0.1639 0.4298 0.0000 1.0000 
0.9628 0.2157 0.0000 1.0000 
0.5152 0.4693 0.0000 1.0000 
0.5405 0.4598 1.0000 0.0000 
0.0850 0.1348 0.0000 1.0000 
0.9337 0.5164 1.0000 0.0000 
0.1954 0.1351 0.0000 1.0000 
0.1800 0.8369 1.0000 0.0000 
0.9887 0.8748 1.0000 0.0000 
0.7722 0.8980 0.0000 1.0000 
0.3924 0.5093 1.0000 0.0000 
0.7252 0.7627 1.0000 0.0000 
0.5151 0.9545 1.0000 0.0000 
0.7474 0.3460 1.0000 0.0000 
0.1409 0.5657 0.0000 1.0000 
0.4355 0.2295 0.0000 1.0000 
0.2690 0.2354 0.0000 1.0000 
0.8568 0.5882 1.0000 0.0000 
0.1380 0.9992 1.0000 0.0000 
0.2162 0.3363 0.0000 1.0000 
0.9514 0.1997 0.0000 1.0000 
0.2458 0.1438 0.0000 1.0000 
0.6117 0.2285 0.0000 1.0000 
0.2779 0.2816 1.0000 0.0000 
0.3754 0.6035 0.0000 1.0000 
0.7539 0.0279 0.0000 1.0000 
0.3337 0.4207 1.0000 0.0000 
0.1885 0.1712 0.0000 1.0000 
0.8148 0.4459 1.0000 0.0000 
0.1392 0.0963 0.0000 1.0000 
0.2830 0.7138 0.0000 1.0000 
0.5654 0.5674 0.0000 1.0000 
0.3847 0.2311 0.0000 1.0000 
0.2386 0.1032 0.0000 1.0000 
0.9811 0.3028 1.0000 0.0000 
0.4451 0.6920 1.0000 0.0000 
0.9367 0.9548 1.0000 0.0000 
0.4271 0.3302 0.0000 1.0000 
0.1868 0.9917 1.0000 0.0000 
0.1502 0.9645 1.0000 0.0000 
0.4057 0.7232 1.0000 0.0000 
0.0241 0.9047 1.0000 0.0000 
0.3547 0.6559 1.0000 0.0000 
0.7672 0.5902 0.0000 1.0000 
0.0449 0.4536 0.0000 1.0000 
0.7724 0.6261 0.0000 1.0000 
0.6333 0.8842 1.0000 0.0000 
0.7447 0.0670 0.0000 1.0000 
0.2658 0.0309 0.0000 1.0000 
0.5065 0.9154 1.0000 0.0000 
0.5429 0.4624 0.0000 1.0000 
0.7811 0.7653 1.0000 0.0000 
0.4402 0.9652 1.0000 0.0000 
0.1115 0.8322 1.0000 0.0000 
0.5250 0.5908 1.0000 0.0000 
0.4142 0.0591 0.0000 1.0000 
0.6038 0.7223 0.0000 1.0000 
0.1249 0.4037 0.0000 1.0000 
0.4929 0.6112 0.0000 1.0000 
0.8224 0.4429 1.0000 0.0000 
0.9189 0.5383 1.0000 0.0000 
0.7015 0.6408 0.0000 1.0000 
0.5742 0.8003 1.0000 0.0000 
0.3846 0.6243 1.0000 0.0000 
0.2048 0.0823 0.0000 1.0000 
0.9805 0.4697 1.0000 0.0000 
0.7068 0.2506 0.0000 1.0000 
0.8125 0.2806 0.0000 1.0000 
0.5624 0.8146 1.0000 0.0000 
0.0314 0.0117 0.0000 1.0000 
0.8756 0.3872 1.0000 0.0000 
0.5142 0.9585 1.0000 0.0000 
0.3815 0.0272 0.0000 1.0000 
0.7444 0.1980 0.0000 1.0000 
0.5895 0.5810 0.0000 1.0000 
0.2289 0.7447 1.0000 0.0000 
0.5082 0.6269 1.0000 0.0000 
0.7367 0.1727 0.0000 1.0000 
0.8090 0.4285 0.0000 1.0000 
0.1374 0.9907 1.0000 0.0000 
0.6610 0.2694 0.0000 1.0000 
0.3698 0.1169 0.0000 1.0000 
0.1266 0.3987 0.0000 1.0000 
0.5345 0.5143 0.0000 1.0000 
0.5307 0.8104 1.0000 0.0000 
0.0794 0.1952 1.0000 0.0000 
0.6712 0.7410 0.0000 1.0000 
0.8600 0.4654 1.0000 0.0000 
0.9818 0.1875 0.0000 1.0000 
0.5527 0.8058 1.0000 0.0000 
0.7280 0.0093 0.0000 1.0000 
0.6508 0.1668 0.0000 1.0000 
0.1861 0.2329 0.0000 1.0000 
0.3874 0.6665 1.0000 0.0000 
0.1544 0.7782 0.0000 1.0000 
0.0861 0.5395 0.0000 1.0000 
0.4061 0.3215 1.0000 0.0000 
0.8576 0.8679 1.0000 0.0000 
0.0418 0.1469 0.0000 1.0000 
0.0315 0.8685 1.0000 0.0000 
0.4025 0.0320 0.0000 1.0000 
0.1103 0.3635 0.0000 1.0000 
0.4193 0.8989 0.0000 1.0000 
0.7208 0.0276 0.0000 1.0000 
0.5686 0.5487 0.0000 1.0000 
0.7372 0.2715 0.0000 1.0000 
0.9859 0.5522 1.0000 0.0000 
0.2214 0.8651 1.0000 0.0000 
0.9582 0.9705 0.0000 1.0000 
0.6666 0.8989 1.0000 0.0000 
0.2673 0.0105 0.0000 1.0000 
0.8067 0.9553 1.0000 0.0000 
0.2124 0.6349 0.0000 1.0000 
0.4518 0.9191 1.0000 0.0000 
0.1499 0.6792 1.0000 0.0000 
0.2500 0.2510 0.0000 1.0000 
0.5003 0.9401 1.0000 0.0000 
0.9238 0.9895 1.0000 0.0000 
0.4130 0.5597 1.0000 0.0000 
0.6072 0.5527 0.0000 1.0000 
0.4190 0.6705 0.0000 1.0000 
0.9932 0.2454 1.0000 0.0000 
0.5545 0.8409 0.0000 1.0000 
0.8220 0.0653 1.0000 0.0000 
0.6634 0.9813 0.0000 1.0000 
0.6643 0.0606 0.0000 1.0000 
0.9219 0.3368 1.0000 0.0000 
0.5920 0.4688 0.0000 1.0000 
0.0454 0.8771 1.0000 0.0000 
0.2637 0.0755 0.0000 1.0000 
0.2515 0.7611 1.0000 0.0000 
0.3199 0.6684 1.0000 0.0000 
0.8785 0.4715 1.0000 0.0000 
0.3661 0.9307 0.0000 1.0000 
0.2924 0.8384 1.0000 0.0000 
0.9189 0.0910 1.0000 0.0000 
0.5325 0.6487 1.0000 0.0000 
0.0684 0.8765 1.0000 0.0000 
0.0117 0.2496 0.0000 1.0000 
0.7741 0.0957 0.0000 1.0000 
0.2331 0.5770 1.0000 0.0000 
0.0950 0.4433 0.0000 1.0000 
0.0053 0.6371 0.0000 1.0000 
0.6475 0.5141 0.0000 1.0000 
0.9775 0.5457 1.0000 0.0000 
0.9550 0.2444 1.0000 0.0000 
0.3061 0.4412 1.0000 0.0000 
0.2704 0.4521 1.0000 0.0000 
0.2185 0.5449 1.0000 0.0000 
0.0779 0.4004 0.0000 1.0000 
0.0857 0.2240 0.0000 1.0000 
0.8348 0.2394 0.0000 1.0000 
0.8138 0.3891 0.0000 1.0000 
0.8991 0.8987 1.0000 0.0000 
0.0898 0.7288 1.0000 0.0000 
0.3410 0.0907 0.0000 1.0000 
0.7739 0.1412 0.0000 1.0000 
0.5916 0.5924 1.0000 0.0000 
0.5226 0.8243 1.0000 0.0000 
0.2194 0.1909 0.0000 1.0000 
0.3677 0.4917 1.0000 0.0000 
0.7005 0.3121 1.0000 0.0000 
0.1795 0.2934 0.0000 1.0000 
0.8481 0.6590 1.0000 0.0000 
0.2870 0.4121 1.0000 0.0000 
0.9040 0.5698 1.0000 0.0000 
0.1743 0.8440 1.0000 0.0000 
0.5017 0.1429 0.0000 1.0000 
0.3608 0.5384 1.0000 0.0000 
0.0204 0.1276 0.0000 1.0000 
0.5104 0.7108 1.0000 0.0000 
0.0661 0.6871 0.0000 1.0000 
0.4583 0.7496 1.0000 0.0000 
0.2351 0.8034 0.0000 1.0000 
0.1537 0.0840 0.0000 1.0000 
0.6956 0.0570 0.0000 1.0000 
0.9006 0.6297 1.0000 0.0000 
0.6644 0.1041 0.0000 1.0000 
0.7620 0.9739 1.0000 0.0000 
0.4202 0.3317 0.0000 1.0000 
0.4540 0.3178 1.0000 0.0000 
0.2757 0.9621 1.0000 0.0000 
0.4550 0.9706 1.0000 0.0000 
0.3779 0.9668 1.0000 0.0000 
0.7080 0.5551 0.0000 1.0000 
0.2405 0.4095 1.0000 0.0000 
0.3989 0.2340 0.0000 1.0000 
0.6964 0.5436 0.0000 1.0000 
0.9761 0.6743 1.0000 0.0000 
0.8650 0.7903 1.0000 0.0000 
0.2480 0.2095 0.0000 1.0000 
0.7819 0.3832 0.0000 1.0000 
0.6112 0.2647 0.0000 1.0000 
0.3065 0.6463 1.0000 0.0000 
0.5816 0.1634 0.0000 1.0000 
0.8467 0.4385 0.0000 1.0000 
0.9476 0.7384 1.0000 0.0000 
0.7168 0.2451 0.0000 1.0000 
0.9160 0.7057 1.0000 0.0000 
0.4612 0.2242 0.0000 1.0000 
0.1585 0.1787 0.0000 1.0000 
0.7546 0.2970 0.0000 1.0000 
0.3166 0.3003 1.0000 0.0000 
0.9329 0.6551 1.0000 0.0000 
0.4165 0.7864 1.0000 0.0000 
0.2103 0.9582 1.0000 0.0000 
0.8558 0.2692 0.0000 1.0000 
0.7546 0.3650 0.0000 1.0000 
0.7832 0.3389 0.0000 1.0000 
0.5861 0.4604 0.0000 1.0000 
0.8124 0.7300 1.0000 0.0000 
0.3559 0.9605 1.0000 0.0000 
0.7470 0.1993 0.0000 1.0000 
0.2886 0.8071 1.0000 0.0000 
0.3188 0.3359 1.0000 0.0000 
0.0200 0.0682 0.0000 1.0000 
0.2957 0.8561 1.0000 0.0000 
0.2732 0.3068 1.0000 0.0000 
0.8398 0.2760 0.0000 1.0000 
0.1756 0.7446 1.0000 0.0000 
0.3129 0.6295 1.0000 0.0000 
0.0250 0.3272 0.0000 1.0000 
0.0681 0.7159 0.0000 1.0000 
0.8494 0.7929 1.0000 0.0000 
0.0725 0.6267 0.0000 1.0000 
0.2465 0.6858 0.0000 1.0000 
0.7168 0.5323 0.0000 1.0000 
0.6067 0.3701 0.0000 1.0000 
0.4711 0.5529 1.0000 0.0000 
0.5668 0.1903 0.0000 1.0000 
0.3579 0.4631 0.0000 1.0000 
0.2834 0.0847 0.0000 1.0000 
0.7718 0.5086 0.0000 1.0000 
0.2288 0.8491 1.0000 0.0000 
0.2544 0.3181 1.0000 0.0000 
0.7048 0.5267 0.0000 1.0000 
0.7427 0.7350 1.0000 0.0000 
0.2553 0.8876 1.0000 0.0000 
0.6688 0.7594 0.0000 1.0000 
0.6459 0.4469 0.0000 1.0000 
0.1147 0.3999 0.0000 1.0000 
0.1745 0.5188 1.0000 0.0000 
0.5515 0.3542 0.0000 1.0000 
0.2064 0.4873 1.0000 0.0000 
0.0965 0.7815 1.0000 0.0000 
0.3095 0.6844 1.0000 0.0000 
0.2214 0.1862 0.0000 1.0000 
0.1257 0.7483 1.0000 0.0000 
0.3301 0.0733 0.0000 1.0000 
0.5840 0.9059 1.0000 0.0000 
0.6685 0.1444 0.0000 1.0000 
0.0585 0.0048 0.0000 1.0000 
0.5076 0.3930 0.0000 1.0000 
0.8143 0.3600 0.0000 1.0000 
0.4852 0.6135 1.0000 0.0000 
0.2179 0.8253 1.0000 0.0000 
0.8555 0.4696 1.0000 0.0000 
0.4545 0.0893 1.0000 0.0000 
0.3963 0.9867 1.0000 0.0000 
0.8322 0.7534 1.0000 0.0000 
0.7264 0.1406 0.0000 1.0000 
0.2573 0.0117 0.0000 1.0000 
0.8819 0.6230 1.0000 0.0000 
0.8403 0.6691 1.0000 0.0000 
0.0761 0.2992 0.0000 1.0000 
0.5725 0.5927 0.0000 1.0000 
0.0941 0.1978 0.0000 1.0000 
0.0376 0.1867 0.0000 1.0000 
0.4256 0.2480 0.0000 1.0000 
0.1422 0.8754 1.0000 0.0000 
0.5680 0.1685 0.0000 1.0000 
0.1795 0.8625 1.0000 0.0000 
0.3612 0.3169 1.0000 0.0000 
0.1938 0.8325 1.0000 0.0000 
0.9946 0.8722 1.0000 0.0000 
0.9195 0.4212 0.0000 1.0000 
0.2444 0.5470 1.0000 0.0000 
0.9858 0.3320 0.0000 1.0000 
0.8856 0.7050 1.0000 0.0000 
0.9206 0.2473 0.0000 1.0000 
0.6676 0.2639 0.0000 1.0000 
0.8890 0.3015 0.0000 1.0000 
0.0638 0.9918 1.0000 0.0000 
0.4096 0.7459 1.0000 0.0000 
0.2559 0.3135 1.0000 0.0000 
0.5043 0.9899 1.0000 0.0000 
0.5574 0.7380 0.0000 1.0000 
0.3943 0.5326 1.0000 0.0000 
0.4184 0.1707 0.0000 1.0000 
0.3865 0.5243 1.0000 0.0000 
0.7183 0.5553 0.0000 1.0000 
0.7269 0.0395 0.0000 1.0000 
0.6345 0.5491 0.0000 1.0000 
0.6841 0.3605 0.0000 1.0000 
0.8826 0.3512 0.0000 1.0000 
0.1527 0.3861 0.0000 1.0000 
0.6405 0.5560 0.0000 1.0000 
0.4447 0.3390 0.0000 1.0000 
0.4280 0.3985 1.0000 0.0000 
0.6231 0.1479 0.0000 1.0000 
0.4380 0.7444 1.0000 0.0000 
0.7919 0.1001 0.0000 1.0000 
0.9999 0.0979 0.0000 1.0000 
0.6988 0.9263 0.0000 1.0000 
0.5342 0.7091 1.0000 0.0000 
0.2319 0.6667 1.0000 0.0000 
0.7858 0.3460 0.0000 1.0000 
0.3526 0.6910 1.0000 0.0000 
0.4220 0.7354 1.0000 0.0000 
0.5585 0.7207 1.0000 0.0000 
0.0546 0.0916 0.0000 1.0000 
0.3118 0.3573 1.0000 0.0000 
0.4520 0.6912 1.0000 0.0000 
0.6751 0.3766 0.0000 1.0000 
0.6078 0.3630 0.0000 1.0000 
0.8769 0.6553 1.0000 0.0000 
0.8373 0.8195 1.0000 0.0000 
0.6312 0.1057 0.0000 1.0000 
0.1326 0.4720 0.0000 1.0000 
0.0430 0.8554 1.0000 0.0000 
0.8073 0.2761 0.0000 1.0000 
0.4161 0.4896 1.0000 0.0000 
0.9684 0.1040 0.0000 1.0000 
0.2682 0.6452 1.0000 0.0000 
0.1251 0.5154 0.0000 1.0000 
0.8078 0.4104 0.0000 1.0000 
0.6078 0.6561 0.0000 1.0000 
0.7809 0.8578 1.0000 0.0000 
0.8941 0.0694 0.0000 1.0000 
0.8765 0.4000 1.0000 0.0000 
0.1984 0.9111 1.0000 0.0000 
0.8019 0.0001 0.0000 1.0000 
0.5821 0.5639 0.0000 1.0000 
0.3595 0.7163 1.0000 0.0000 
0.3599 0.3277 1.0000 0.0000 
0.1720 0.3890 0.0000 1.0000 
0.4491 0.2231 1.0000 0.0000 
0.8156 0.4089 0.0000 1.0000 
0.9409 0.8617 1.0000 0.0000 
0.1219 0.5680 0.0000 1.0000 
0.7650 0.8041 1.0000 0.0000 
0.8716 0.3477 0.0000 1.0000 
0.8240 0.2945 0.0000 1.0000 
0.4572 0.7458 1.0000 0.0000 
0.6981 0.5110 0.0000 1.0000 
0.9834 0.3963 1.0000 0.0000 
0.7804 0.8394 1.0000 0.0000 
0.6929 0.2061 0.0000 1.0000 
0.0999 0.6349 0.0000 1.0000 
0.1581 0.9490 1.0000 0.0000 
0.5285 0.8466 1.0000 0.0000 
0.5298 0.9178 1.0000 0.0000 
0.3345 0.8432 0.0000 1.0000 
0.7660 0.0112 1.0000 0.0000 
0.2963 0.0356 0.0000 1.0000 
0.3284 0.2148 1.0000 0.0000 
0.7740 0.1444 0.0000 1.0000 
0.2639 0.8941 1.0000 0.0000 
0.1806 0.5187 0.0000 1.0000 
0.7949 0.3415 0.0000 1.0000 
0.4247 0.0342 0.0000 1.0000 
0.9879 0.2681 1.0000 0.0000 
0.7080 0.8264 1.0000 0.0000 
0.3521 0.3983 0.0000 1.0000 
0.6656 0.1392 0.0000 1.0000 
0.9927 0.9214 0.0000 1.0000 
0.4913 0.5825 1.0000 0.0000 
0.3493 0.2575 1.0000 0.0000 
0.9409 0.0796 0.0000 1.0000 
0.2354 0.3099 0.0000 1.0000 
0.5703 0.0744 0.0000 1.0000 
0.1011 0.5074 0.0000 1.0000 
0.9138 0.2180 0.0000 1.0000 
0.0844 0.3068 0.0000 1.0000 
0.6194 0.7732 1.0000 0.0000 
0.4826 0.8809 1.0000 0.0000 
0.2114 0.5562 0.0000 1.0000 
0.8558 0.5275 1.0000 0.0000 
0.9080 0.3348 1.0000 0.0000 
0.1339 0.5551 0.0000 1.0000 
0.0560 0.4886 0.0000 1.0000 
0.7133 0.2765 0.0000 1.0000 
0.1361 0.0164 0.0000 1.0000 
0.6514 0.0722 0.0000 1.0000 
0.6436 0.0341 1.0000 0.0000 
0.3548 0.4314 1.0000 0.0000 
0.6612 0.2868 0.0000 1.0000 
0.9908 0.5483 1.0000 0.0000 
0.6167 0.9317 1.0000 0.0000 
0.0254 0.9923 0.0000 1.0000 
0.9434 0.7440 1.0000 0.0000 
0.6483 0.1137 0.0000 1.0000 
0.3493 0.6944 1.0000 0.0000 
0.8636 0.8894 1.0000 0.0000 
0.0011 0.6442 0.0000 1.0000 
0.1266 0.2030 0.0000 1.0000 
0.5463 0.0511 0.0000 1.0000 
0.5357 0.8697 1.0000 0.0000 
0.1716 0.0499 0.0000 1.0000 
0.9727 0.4920 1.0000 0.0000 
0.9719 0.9608 1.0000 0.0000 
0.7719 0.0621 0.0000 1.0000 
0.3154 0.7134 1.0000 0.0000 
0.6003 0.6576 0.0000 1.0000 
0.3693 0.2912 1.0000 0.0000 
0.6192 0.8984 0.0000 1.0000 
0.5921 0.1191 0.0000 1.0000 
0.4077 0.7569 0.0000 1.0000 
0.4572 0.3873 1.0000 0.0000 
0.8117 0.7255 1.0000 0.0000 
0.8255 0.8767 1.0000 0.0000 
0.5289 0.9968 1.0000 0.0000 
0.4082 0.7406 1.0000 0.0000 
0.4150 0.1565 0.0000 1.0000 
0.7122 0.3613 0.0000 1.0000 
0.7323 0.6044 0.0000 1.0000 
0.9967 0.8401 0.0000 1.0000 
0.4565 0.9821 1.0000 0.0000 
0.4794 0.4070 0.0000 1.0000 
0.2864 0.5104 1.0000 0.0000 
0.4406 0.4366 1.0000 0.0000 
0.9854 0.5850 1.0000 0.0000 
0.9706 0.0866 1.0000 0.0000 
0.0978 0.8010 1.0000 0.0000 
0.9389 0.8783 1.0000 0.0000 
0.4218 0.0197 0.0000 1.0000 
0.1136 0.4228 0.0000 1.0000 
0.8777 0.8634 0.0000 1.0000 
0.4481 0.5454 1.0000 0.0000 
0.0390 0.4735 0.0000 1.0000 
0.9737 0.2928 1.0000 0.0000 
0.5349 0.1270 0.0000 1.0000 
0.1951 0.8546 0.0000 1.0000 
0.8039 0.1342 1.0000 0.0000 
0.2683 0.2487 0.0000 1.0000 
0.4622 0.2610 0.0000 1.0000 
0.9124 0.0147 0.0000 1.0000 
0.9445 0.0761 0.0000 1.0000 
0.2585 0.3232 1.0000 0.0000 
0.2636 0.4877 0.0000 1.0000 
0.5774 0.3313 0.0000 1.0000 
0.3268 0.3057 1.0000 0.0000 
0.8033 0.1345 1.0000 0.0000 
0.9468 0.3125 1.0000 0.0000 
0.1007 0.3030 0.0000 1.0000 
0.2926 0.1206 0.0000 1.0000 
0.6460 0.2627 0.0000 1.0000 
0.6915 0.0302 1.0000 0.0000 
0.7526 0.5318 0.0000 1.0000 
0.5639 0.5123 0.0000 1.0000 
0.3531 0.3859 0.0000 1.0000 
0.4140 0.7674 1.0000 0.0000 
0.2875 0.5058 1.0000 0.0000 
0.4646 0.0798 0.0000 1.0000 
0.7725 0.6148 0.0000 1.0000 
0.2254 0.9295 1.0000 0.0000 
0.4634 0.8708 1.0000 0.0000 
0.5476 0.3108 0.0000 1.0000 
0.5350 0.1284 0.0000 1.0000 
0.5211 0.1555 0.0000 1.0000 
0.7143 0.6629 0.0000 1.0000 
0.8330 0.5406 1.0000 0.0000 
0.8798 0.6919 1.0000 0.0000 
0.0771 0.3648 0.0000 1.0000 
0.9133 0.8518 1.0000 0.0000 
0.4691 0.8255 0.0000 1.0000 
0.6293 0.3153 0.0000 1.0000 
0.4996 0.4949 0.0000 1.0000 
0.1166 0.9009 1.0000 0.0000 
0.9756 0.8413 1.0000 0.0000 
0.1341 0.4769 0.0000 1.0000 
0.2240 0.0101 0.0000 1.0000 
0.2198 0.3837 1.0000 0.0000 
0.6293 0.4548 0.0000 1.0000 
0.5721 0.0493 1.0000 0.0000 
0.6929 0.3264 0.0000 1.0000 
0.1469 0.4068 1.0000 0.0000 
0.9264 0.1311 0.0000 1.0000 
0.4699 0.3673 0.0000 1.0000 
0.8032 0.0459 0.0000 1.0000 
0.3803 0.6053 1.0000 0.0000 
0.1054 0.0786 0.0000 1.0000 
0.4843 0.3811 0.0000 1.0000 
0.1524 0.5940 1.0000 0.0000 
0.0141 0.4000 0.0000 1.0000 
0.7565 0.8648 1.0000 0.0000 
0.6320 0.4889 0.0000 1.0000 
0.7979 0.1728 0.0000 1.0000 
0.3498 0.4744 1.0000 0.0000 
0.4085 0.0445 0.0000 1.0000 
0.3293 0.2771 1.0000 0.0000 
0.4808 0.8093 1.0000 0.0000 
0.9397 0.1199 0.0000 1.0000 
0.9806 0.7019 1.0000 0.0000 
0.5884 0.8483 1.0000 0.0000 
0.9758 0.9459 1.0000 0.0000 
0.2381 0.4504 1.0000 0.0000 
0.6716 0.0991 0.0000 1.0000 
0.1865 0.8692 1.0000 0.0000 
0.2049 0.8485 1.0000 0.0000 
0.6737 0.9395 1.0000 0.0000 
0.9179 0.3823 1.0000 0.0000 
0.1972 0.0321 0.0000 1.0000 
0.4945 0.0370 0.0000 1.0000 
0.3838 0.6064 1.0000 0.0000 
0.0347 0.2239 0.0000 1.0000 
0.6472 0.6036 0.0000 1.0000 
0.8999 0.4422 1.0000 0.0000 
0.4952 0.1330 0.0000 1.0000 
0.1779 0.2426 0.0000 1.0000 
0.8251 0.2509 0.0000 1.0000 
0.1195 0.7336 1.0000 0.0000 
0.0400 0.1462 0.0000 1.0000 
0.7739 0.5225 1.0000 0.0000 
0.9930 0.6189 1.0000 0.0000 
0.9992 0.3941 1.0000 0.0000 
0.2967 0.9157 0.0000 1.0000 
0.2068 0.0664 0.0000 1.0000 
0.0806 0.0599 0.0000 1.0000 
0.9309 0.8425 1.0000 0.0000 
0.5044 0.9484 1.0000 0.0000 
0.0007 0.3970 0.0000 1.0000 
0.4753 0.3220 0.0000 1.0000 
0.4977 0.3426 0.0000 1.0000 
0.9458 0.3858 0.0000 1.0000 
0.2154 0.8409 1.0000 0.0000 
0.6101 0.9847 1.0000 0.0000 
0.0710 0.9190 1.0000 0.0000 
0.9110 0.4040 1.0000 0.0000 
0.7907 0.6483 1.0000 0.0000 
0.7611 0.9514 1.0000 0.0000 
0.1647 0.0138 0.0000 1.0000 
0.6688 0.3980 0.0000 1.0000 
0.5026 0.4383 0.0000 1.0000 
0.3553 0.1109 0.0000 1.0000 
0.2585 0.7985 1.0000 0.0000 
0.1040 0.6465 1.0000 0.0000 
0.1230 0.6755 1.0000 0.0000 
0.3925 0.9566 1.0000 0.0000 
0.2926 0.4826 1.0000 0.0000 
0.9389 0.2064 0.0000 1.0000 
0.6889 0.4989 0.0000 1.0000 
0.7999 0.6242 1.0000 0.0000 
0.6367 0.7408 0.0000 1.0000 
0.9298 0.0257 0.0000 1.0000 
0.0194 0.5958 0.0000 1.0000 
0.5693 0.2465 0.0000 1.0000 
0.0967 0.1285 0.0000 1.0000 
0.4163 0.5210 1.0000 0.0000 
0.8459 0.5608 1.0000 0.0000 
0.5068 0.3196 0.0000 1.0000 
0.3293 0.2663 1.0000 0.0000 
0.0560 0.8710 0.0000 1.0000 
0.6510 0.1190 0.0000 1.0000 
0.0715 0.6552 0.0000 1.0000 
0.3565 0.1009 0.0000 1.0000 
0.2592 0.1295 0.0000 1.0000 
0.8457 0.5995 1.0000 0.0000 
0.9519 0.8671 1.0000 0.0000 
0.2388 0.6077 1.0000 0.0000 
0.5894 0.6076 0.0000 1.0000 
0.2177 0.3972 1.0000 0.0000 
0.0468 0.7233 1.0000 0.0000 
0.3180 0.2156 1.0000 0.0000 
0.5217 0.8500 1.0000 0.0000 
0.4169 0.1764 0.0000 1.0000 
0.6491 0.0717 0.0000 1.0000 
0.1030 0.8734 1.0000 0.0000 
0.6182 0.5942 0.0000 1.0000 
0.3722 0.6196 1.0000 0.0000 
0.5809 0.7847 1.0000 0.0000 
0.4490 0.4414 1.0000 0.0000 
0.3279 0.7467 1.0000 0.0000 
0.8498 0.1544 0.0000 1.0000 
0.8795 0.0053 0.0000 1.0000 
0.4751 0.5513 1.0000 0.0000 
0.6042 0.3142 0.0000 1.0000 
0.4790 0.6385 1.0000 0.0000 
0.7581 0.3909 0.0000 1.0000 
0.0162 0.7528 0.0000 1.0000 
0.3343 0.4857 1.0000 0.0000 
0.9914 0.0860 0.0000 1.0000 
0.5352 0.5084 0.0000 1.0000 
0.0266 0.5558 1.0000 0.0000 
0.3675 0.4885 1.0000 0.0000 
0.2870 0.1411 1.0000 0.0000 
0.6194 0.5474 0.0000 1.0000 
0.3221 0.9586 1.0000 0.0000 
0.2018 0.1631 0.0000 1.0000 
0.5395 0.4826 0.0000 1.0000 
0.1372 0.8471 0.0000 1.0000 
0.5217 0.2513 0.0000 1.0000 
0.0764 0.0678 0.0000 1.0000 
0.7257 0.8013 0.0000 1.0000 
0.6842 0.2036 0.0000 1.0000 
0.2574 0.6878 1.0000 0.0000 
0.7768 0.4143 0.0000 1.0000 
0.8997 0.0675 0.0000 1.0000 
0.7856 0.6712 1.0000 0.0000 
0.9168 0.4568 1.0000 0.0000 
0.3902 0.6191 1.0000 0.0000 
0.1848 0.8578 1.0000 0.0000 
0.3509 0.5732 1.0000 0.0000 
0.1461 0.0180 0.0000 1.0000 
0.3534 0.8294 1.0000 0.0000 
0.3675 0.7581 1.0000 0.0000 
0.7366 0.2905 0.0000 1.0000 
0.2188 0.5703 1.0000 0.0000 
0.4680 0.3225 0.0000 1.0000 
0.0931 0.7542 1.0000 0.0000 
0.2380 0.3653 1.0000 0.0000 
0.7176 0.9531 1.0000 0.0000 
0.4947 0.0834 0.0000 1.0000 
0.9591 0.4716 1.0000 0.0000 
0.2904 0.3042 1.0000 0.0000 
0.0285 0.1685 0.0000 1.0000 
0.4302 0.0838 0.0000 1.0000 
0.7934 0.5682 0.0000 1.0000 
0.2883 0.2238 1.0000 0.0000 
0.9066 0.4844 1.0000 0.0000 
0.7807 0.3527 0.0000 1.0000 
0.1175 0.5838 1.0000 0.0000 
0.5639 0.7525 1.0000 0.0000 
0.4971 0.1683 0.0000 1.0000 
0.7660 0.7885 1.0000 0.0000 
0.0255 0.3425 0.0000 1.0000 
0.4397 0.7593 1.0000 0.0000 
0.3277 0.2713 1.0000 0.0000 
0.7145 0.4259 0.0000 1.0000 
0.9132 0.5587 1.0000 0.0000 
0.7382 0.9844 1.0000 0.0000 
0.9025 0.7443 1.0000 0.0000 
0.9759 0.0595 0.0000 1.0000 
0.3701 0.7965 1.0000 0.0000 
0.0194 0.8470 1.0000 0.0000 
0.0144 0.5916 0.0000 1.0000 
0.2753 0.5384 0.0000 1.0000 
0.8058 0.2534 0.0000 1.0000 
0.6350 0.9111 1.0000 0.0000 
0.4198 0.0424 0.0000 1.0000 
0.2475 0.9117 1.0000 0.0000 
0.8587 0.4964 1.0000 0.0000 
0.2026 0.6589 1.0000 0.0000 
0.0738 0.4520 0.0000 1.0000 
0.8013 0.2855 1.0000 0.0000 
0.7271 0.8633 1.0000 0.0000 
0.7286 0.0520 0.0000 1.0000 
0.1271 0.4392 0.0000 1.0000 
0.4894 0.3397 1.0000 0.0000 
0.3405 0.1387 0.0000 1.0000 
0.9113 0.5633 1.0000 0.0000 
0.9160 0.3452 1.0000 0.0000 
0.0903 0.7374 1.0000 0.0000 
0.6674 0.0945 0.0000 1.0000 
0.0750 0.7418 1.0000 0.0000 
0.9659 0.2092 0.0000 1.0000 
0.4644 0.7200 0.0000 1.0000 
0.7541 0.3058 0.0000 1.0000 
0.6083 0.7663 1.0000 0.0000 
0.2361 0.6850 1.0000 0.0000 
0.1045 0.8844 1.0000 0.0000 
0.3412 0.9163 1.0000 0.0000 
0.3925 0.6343 1.0000 0.0000 
0.6683 0.8860 1.0000 0.0000 
0.7375 0.4362 0.0000 1.0000 
0.4744 0.2758 0.0000 1.0000 
0.2958 0.5221 1.0000 0.0000 
0.6454 0.8451 0.0000 1.0000 
0.9223 0.2753 0.0000 1.0000 
0.2600 0.6517 1.0000 0.0000 
0.8461 0.9721 1.0000 0.0000 
0.8263 0.7410 1.0000 0.0000 
0.4918 0.2018 0.0000 1.0000 
0.0609 0.9717 1.0000 0.0000 
0.5681 0.0483 0.0000 1.0000 
0.9891 0.7993 1.0000 0.0000 
0.6042 0.1027 0.0000 1.0000 
0.3859 0.8747 1.0000 0.0000 
0.1788 0.4413 0.0000 1.0000 
0.8849 0.7943 1.0000 0.0000 
0.5879 0.2380 0.0000 1.0000 
0.1917 0.8302 1.0000 0.0000 
0.7265 0.9383 1.0000 0.0000 
0.2229 0.6448 1.0000 0.0000 
0.0620 0.8438 1.0000 0.0000 
0.9681 0.4698 1.0000 0.0000 
0.1938 0.0189 0.0000 1.0000 
0.8414 0.9712 0.0000 1.0000 
0.9109 0.9920 1.0000 0.0000 
0.1852 0.2901 0.0000 1.0000 
0.1967 0.5325 1.0000 0.0000 
0.6317 0.7443 0.0000 1.0000 
0.4976 0.8498 1.0000 0.0000 
0.7724 0.7023 1.0000 0.0000 
0.4547 0.4783 1.0000 0.0000 
0.8157 0.0754 0.0000 1.0000 
0.8510 0.2792 0.0000 1.0000 
0.2334 0.1658 0.0000 1.0000 
0.6694 0.0713 0.0000 1.0000 
0.0544 0.2352 1.0000 0.0000 
0.7996 0.1003 0.0000 1.0000 
0.8758 0.3319 0.0000 1.0000 
0.8281 0.7410 1.0000 0.0000 
0.0799 0.1413 1.0000 0.0000 
0.2472 0.0859 0.0000 1.0000 
0.0657 0.3823 0.0000 1.0000 
0.4227 0.6206 1.0000 0.0000 
0.4131 0.6886 1.0000 0.0000 
0.4554 0.4824 1.0000 0.0000 
0.4741 0.7275 1.0000 0.0000 
0.7917 0.0840 0.0000 1.0000 
0.0416 0.1557 0.0000 1.0000 
0.4207 0.2845 0.0000 1.0000 
0.1696 0.5803 1.0000 0.0000 
0.1166 0.4850 0.0000 1.0000 
0.0422 0.0427 0.0000 1.0000 
0.1642 0.3278 1.0000 0.0000 
0.4567 0.4058 1.0000 0.0000 
0.1897 0.1967 0.0000 1.0000 
0.1801 0.3461 0.0000 1.0000 
0.6516 0.0932 0.0000 1.0000 
0.0611 0.5697 0.0000 1.0000 
0.8710 0.1006 0.0000 1.0000 
0.9397 0.4670 1.0000 0.0000 
0.3184 0.3532 1.0000 0.0000 
0.9032 0.4431 1.0000 0.0000 
0.4797 0.0974 0.0000 1.0000 
0.3786 0.8429 1.0000 0.0000 
0.3162 0.8444 1.0000 0.0000 
0.4328 0.2075 0.0000 1.0000 
0.7952 0.2405 0.0000 1.0000 
0.0209 0.5969 0.0000 1.0000 
0.6514 0.6970 0.0000 1.0000 
0.3755 0.4020 1.0000 0.0000 
0.3256 0.0006 0.0000 1.0000 
0.9980 0.9631 1.0000 0.0000 
0.3920 0.1789 0.0000 1.0000 
0.5746 0.8093 1.0000 0.0000 
0.7727 0.6995 1.0000 0.0000 
0.5818 0.0537 0.0000 1.0000 
0.6789 0.0475 0.0000 1.0000 
0.9556 0.9137 1.0000 0.0000 
0.1699 0.6626 1.0000 0.0000 
0.9159 0.7305 0.0000 1.0000 
0.5114 0.9796 1.0000 0.0000 
0.3884 0.3783 1.0000 0.0000 
0.0090 0.2483 0.0000 1.0000 
0.8453 0.2896 0.0000 1.0000 
0.8829 0.4605 1.0000 0.0000 
0.9781 0.1781 0.0000 1.0000 
0.8912 0.7486 1.0000 0.0000 
0.6420 0.0954 0.0000 1.0000 
0.9291 0.4090 1.0000 0.0000 
0.4946 0.2976 0.0000 1.0000 
0.8500 0.9828 1.0000 0.0000 
0.7757 0.7005 1.0000 0.0000 
0.8918 0.3746 1.0000 0.0000 
0.5786 0.7600 1.0000 0.0000 
0.9895 0.1524 1.0000 0.0000 
0.4110 0.2658 0.0000 1.0000 
0.2224 0.5148 0.0000 1.0000 
0.0660 0.9892 1.0000 0.0000 
0.5064 0.3355 0.0000 1.0000 
0.2748 0.6299 1.0000 0.0000 
0.5141 0.6608 1.0000 0.0000 
0.6255 0.6814 1.0000 0.0000 
0.4978 0.3618 1.0000 0.0000 
