0 1 1 0.404882096213459 0.595117903786541 1
0 1 1 0.458685226125144 0.541314773874856 1
1 0 0 0.878703251256209 0.121296748743791 0
1 0 0 0.736345820866397 0.263654179133603 0
0 1 1 0.115211187421792 0.884788812578208 1
1 0 0 0.861573549923448 0.138426450076553 0
1 0 0 0.558185297894143 0.441814702105857 0
0 1 1 0.509724606143471 0.490275393856529 0
1 0 0 0.724847471631528 0.275152528368472 0
1 0 0 0.839256584488728 0.160743415511272 0
0 1 1 0.145858618721435 0.854141381278565 1
0 1 1 0.441221978533725 0.558778021466275 1
1 0 0 0.844349265962993 0.155650734037007 0
0 1 1 0.200985501212634 0.799014498787366 1
1 0 0 0.881191490890957 0.118808509109043 0
1 0 0 0.856032720275461 0.143967279724539 0
0 1 1 0.216415639545058 0.783584360454942 1
1 0 0 0.807736709507986 0.192263290492014 0
0 1 1 0.477315241153334 0.522684758846666 1
0 1 1 0.273068446021945 0.726931553978055 1
0 1 1 0.229726878180284 0.770273121819716 1
0 1 1 0.786967658312266 0.213032341687734 0
0 1 1 0.12675488983357 0.87324511016643 1
0 1 1 0.706169858899154 0.293830141100846 0
0 1 1 0.14587778059292 0.85412221940708 1
1 0 0 0.365062356784707 0.634937643215293 1
0 1 1 0.138564006098146 0.861435993901854 1
1 0 0 0.686284357506681 0.313715642493319 0
1 0 0 0.845730975318126 0.154269024681874 0
0 1 1 0.554310659395442 0.445689340604558 0
0 1 1 0.301163935497228 0.698836064502772 1
0 1 1 0.106155710312193 0.893844289687807 1
1 0 0 0.547086949231558 0.452913050768442 0
0 1 1 0.197010157585181 0.80298984241482 1
1 0 0 0.625453597317973 0.374546402682027 0
0 1 1 0.123645278693885 0.876354721306115 1
1 0 0 0.608043075422582 0.391956924577418 0
1 0 0 0.764784492611437 0.235215507388563 0
1 0 0 0.655573113496095 0.344426886503905 0
1 0 0 0.865107856166767 0.134892143833233 0
0 1 1 0.203208906973653 0.796791093026347 1
1 0 0 0.747710722521495 0.252289277478505 0
0 1 1 0.75368084435032 0.24631915564968 0
1 0 0 0.871354822265756 0.128645177734243 0
1 0 0 0.591331121170014 0.408668878829986 0
0 1 1 0.103743066085312 0.896256933914688 1
0 1 1 0.241945909589447 0.758054090410552 1
1 0 0 0.468708170809174 0.531291829190826 1
1 0 0 0.867014514626266 0.132985485373734 0
1 0 0 0.803395808929747 0.196604191070253 0
1 0 0 0.591132854416791 0.408867145583209 0
0 1 1 0.158497586852646 0.841502413147354 1
0 1 1 0.109358376034105 0.890641623965895 1
1 0 0 0.790139651322255 0.209860348677745 0
0 1 1 0.102451023360889 0.897548976639111 1
1 0 0 0.821766848528528 0.178233151471471 0
1 0 0 0.863161140498792 0.136838859501208 0
0 1 1 0.72857515231394 0.27142484768606 0
1 0 0 0.808016431224594 0.191983568775406 0
1 0 0 0.85848911351908 0.14151088648092 0
1 0 0 0.826173725077195 0.173826274922805 0
1 0 0 0.842428531037934 0.157571468962066 0
0 1 1 0.100975594721601 0.899024405278399 1
1 0 0 0.647842098354144 0.352157901645856 0
1 0 0 0.873242051562986 0.126757948437014 0
0 1 1 0.127156309646075 0.872843690353925 1
0 1 1 0.553637482977398 0.446362517022602 0
1 0 0 0.844464427606663 0.155535572393337 0
0 1 1 0.137342996320789 0.862657003679212 1
1 0 0 0.840135973766327 0.159864026233673 0
1 0 0 0.717050030617995 0.282949969382005 0
1 0 0 0.261462511672936 0.738537488327064 1
0 1 1 0.132043309740946 0.867956690259054 1
1 0 0 0.661290681143297 0.338709318856703 0
0 1 1 0.13984420404324 0.86015579595676 1
1 0 0 0.851828506722291 0.148171493277709 0
1 0 0 0.80694682222418 0.19305317777582 0
1 0 0 0.829228999591792 0.170771000408208 0
1 0 0 0.685200982882446 0.314799017117554 0
1 0 0 0.773266117607793 0.226733882392207 0
0 1 1 0.790295962143982 0.209704037856018 0
0 1 1 0.41335699649066 0.58664300350934 1
0 1 1 0.625666483936831 0.374333516063169 0
1 0 0 0.820830717196475 0.179169282803525 0
0 1 1 0.454049149036708 0.545950850963292 1
1 0 0 0.824404085704266 0.175595914295734 0
1 0 0 0.835650780111325 0.164349219888675 0
1 0 0 0.461339767220937 0.538660232779064 1
1 0 0 0.532061834166696 0.467938165833304 0
0 1 1 0.786845090387888 0.213154909612112 0
1 0 0 0.728940268931917 0.271059731068083 0
0 1 1 0.158975711468052 0.841024288531948 1
1 0 0 0.694526986134739 0.305473013865261 0
0 1 1 0.792628352591275 0.207371647408725 0
1 0 0 0.237558101837753 0.762441898162247 1
1 0 0 0.671220229094371 0.328779770905629 0
1 0 0 0.88540057376929 0.11459942623071 0
0 1 1 0.106800607882323 0.893199392117677 1
1 0 0 0.182500288996521 0.817499711003479 1
1 0 0 0.864342742112717 0.135657257887283 0
1 0 0 0.6440148457344 0.3559851542656 0
0 1 1 0.50058121583892 0.49941878416108 0
0 1 1 0.681110758438862 0.318889241561138 0
1 0 0 0.66948217474019 0.33051782525981 0
0 1 1 0.129794366586448 0.870205633413552 1
1 0 0 0.856497755960462 0.143502244039538 0
0 1 1 0.10334554687273 0.89665445312727 1
1 0 0 0.570082223251867 0.429917776748133 0
1 0 0 0.487147667767803 0.512852332232197 1
0 1 1 0.224047387995213 0.775952612004787 1
0 1 1 0.285633652649915 0.714366347350085 1
0 1 1 0.532233628951488 0.467766371048512 0
1 0 0 0.405627174681711 0.59437282531829 1
1 0 0 0.85610874531338 0.14389125468662 0
1 0 0 0.172284189047907 0.827715810952093 1
0 1 1 0.128453134463965 0.871546865536035 1
1 0 0 0.625144387786519 0.374855612213481 0
1 0 0 0.396980968133814 0.603019031866186 1
0 1 1 0.177840154579048 0.822159845420952 1
1 0 0 0.3997831050314 0.600216894968601 1
0 1 1 0.103907411936996 0.896092588063004 1
1 0 0 0.326240231194003 0.673759768805997 1
0 1 1 0.551232975924072 0.448767024075928 0
1 0 0 0.50405639878345 0.49594360121655 0
1 0 0 0.763579488854109 0.236420511145891 0
1 0 0 0.860043436796176 0.139956563203824 0
1 0 0 0.830865795274736 0.169134204725264 0
1 0 0 0.833081214129784 0.166918785870216 0
0 1 1 0.293772667226428 0.706227332773572 1
1 0 0 0.640394813688476 0.359605186311524 0
1 0 0 0.432873486451496 0.567126513548504 1
0 1 1 0.12624102952392 0.87375897047608 1
0 1 1 0.654150193957735 0.345849806042265 0
1 0 0 0.715796993033015 0.284203006966985 0
1 0 0 0.705987113040222 0.294012886959778 0
1 0 0 0.576785748107732 0.423214251892268 0
1 0 0 0.783513073209657 0.216486926790343 0
0 1 1 0.20323739832533 0.79676260167467 1
0 1 1 0.105000711847921 0.894999288152079 1
1 0 0 0.842541583970732 0.157458416029268 0
1 0 0 0.78417964685062 0.21582035314938 0
1 0 0 0.840998672852798 0.159001327147202 0
1 0 0 0.248517703837607 0.751482296162393 1
1 0 0 0.277566968883722 0.722433031116278 1
0 1 1 0.601662774415312 0.398337225584688 0
0 1 1 0.134178415803209 0.865821584196791 1
0 1 1 0.12410696883888 0.87589303116112 1
1 0 0 0.870356532116079 0.129643467883921 0
0 1 1 0.284328081543627 0.715671918456373 1
1 0 0 0.182241782527407 0.817758217472593 1
0 1 1 0.346475367441787 0.653524632558213 1
0 1 1 0.536634666149989 0.463365333850011 0
0 1 1 0.252178957537883 0.747821042462117 1
0 1 1 0.747116973978972 0.252883026021028 0
1 0 0 0.144725816485948 0.855274183514052 1
1 0 0 0.822007513420908 0.177992486579092 0
0 1 1 0.36886464976055 0.63113535023945 1
0 1 1 0.121626331321674 0.878373668678326 1
0 1 1 0.363189053995867 0.636810946004133 1
1 0 0 0.667868689038271 0.332131310961729 0
0 1 1 0.223740366709675 0.776259633290325 1
1 0 0 0.551421882732726 0.448578117267274 0
0 1 1 0.275765686577245 0.724234313422755 1
1 0 0 0.87387270052889 0.12612729947111 0
0 1 1 0.148515937656185 0.851484062343815 1
1 0 0 0.549148442481144 0.450851557518856 0
1 0 0 0.73062151703458 0.269378482965421 0
0 1 1 0.305130061721597 0.694869938278403 1
1 0 0 0.845088313270181 0.154911686729819 0
0 1 1 0.769893609529999 0.230106390470001 0
0 1 1 0.130507313984315 0.869492686015685 1
0 1 1 0.155907899163647 0.844092100836353 1
1 0 0 0.33290184407691 0.66709815592309 1
0 1 1 0.0960467706373977 0.903953229362602 1
0 1 1 0.101914598720707 0.898085401279293 1
0 1 1 0.483220638037963 0.516779361962037 1
0 1 1 0.281321158207759 0.718678841792241 1
1 0 0 0.560755459809266 0.439244540190734 0
1 0 0 0.325303753784658 0.674696246215342 1
0 1 1 0.124796166179368 0.875203833820632 1
0 1 1 0.212869890930245 0.787130109069755 1
0 1 1 0.269632002416565 0.730367997583435 1
1 0 0 0.842306945425523 0.157693054574477 0
1 0 0 0.8464090514916 0.1535909485084 0
0 1 1 0.495952175056214 0.504047824943786 1
1 0 0 0.138154865081338 0.861845134918662 1
1 0 0 0.810552975138979 0.189447024861021 0
0 1 1 0.11227864727323 0.88772135272677 1
0 1 1 0.166521866568479 0.833478133431521 1
0 1 1 0.194033213618882 0.805966786381118 1
1 0 0 0.716370996384227 0.283629003615773 0
1 0 0 0.236169856986489 0.763830143013511 1
0 1 1 0.100924094894451 0.899075905105549 1
0 1 1 0.10878318561651 0.89121681438349 1
1 0 0 0.66796542053346 0.33203457946654 0
0 1 1 0.531946025767426 0.468053974232574 0
1 0 0 0.866471120391402 0.133528879608598 0
0 1 1 0.134454348317335 0.865545651682665 1
0 1 1 0.573462172953129 0.426537827046871 0
0 1 1 0.277720724515804 0.722279275484196 1
1 0 0 0.369912242853981 0.630087757146019 1
0 1 1 0.58321427466253 0.41678572533747 0
1 0 0 0.844692513444598 0.155307486555402 0
1 0 0 0.834215832984222 0.165784167015778 0
0 1 1 0.146631731605681 0.853368268394319 1
0 1 1 0.106890225052999 0.893109774947001 1
0 1 1 0.236806842762219 0.763193157237781 1
0 1 1 0.146284363823648 0.853715636176352 1
1 0 0 0.634897243633675 0.365102756366325 0
1 0 0 0.287556447649088 0.712443552350912 1
1 0 0 0.864108986346521 0.135891013653479 0
0 1 1 0.824321877668298 0.175678122331703 0
1 0 0 0.113294532836435 0.886705467163565 1
0 1 1 0.212808280897633 0.787191719102367 1
1 0 0 0.802890299245756 0.197109700754244 0
1 0 0 0.148705298237151 0.851294701762849 1
1 0 0 0.842625902702069 0.157374097297931 0
1 0 0 0.780015651851264 0.219984348148736 0
0 1 1 0.795949770133529 0.204050229866471 0
1 0 0 0.286802077951855 0.713197922048145 1
1 0 0 0.458685896790013 0.541314103209987 1
1 0 0 0.891973288008617 0.108026711991383 0
1 0 0 0.628090078383359 0.371909921616641 0
0 1 1 0.25719057546665 0.74280942453335 1
1 0 0 0.735726890120449 0.264273109879551 0
1 0 0 0.815198109835154 0.184801890164847 0
1 0 0 0.735854298479239 0.264145701520761 0
0 1 1 0.135007351587368 0.864992648412632 1
0 1 1 0.534410559740549 0.465589440259451 0
0 1 1 0.244279410766342 0.755720589233658 1
1 0 0 0.785941812099797 0.214058187900203 0
0 1 1 0.611916523837913 0.388083476162087 0
0 1 1 0.521065844997072 0.478934155002928 0
1 0 0 0.768803961216718 0.231196038783282 0
1 0 0 0.459760702533945 0.540239297466055 1
0 1 1 0.481329385586136 0.518670614413864 1
1 0 0 0.870511423883833 0.129488576116168 0
0 1 1 0.125195966643444 0.874804033356556 1
1 0 0 0.528076104466125 0.471923895533875 0
1 0 0 0.758971778749377 0.241028221250623 0
0 1 1 0.145894058719922 0.854105941280078 1
1 0 0 0.879870699614078 0.120129300385922 0
0 1 1 0.44141375802149 0.55858624197851 1
0 1 1 0.541643033205383 0.458356966794617 0
0 1 1 0.258659460591105 0.741340539408895 1
0 1 1 0.730997470701653 0.269002529298347 0
1 0 0 0.293029637145366 0.706970362854634 1
1 0 0 0.630681688968631 0.369318311031369 0
0 1 1 0.289082042981977 0.710917957018023 1
1 0 0 0.774636890429047 0.225363109570953 0
0 1 1 0.141072318656087 0.858927681343913 1
1 0 0 0.760712828279382 0.239287171720618 0
1 0 0 0.225102936578103 0.774897063421897 1
0 1 1 0.134015565560629 0.865984434439371 1
0 1 1 0.203738879534672 0.796261120465328 1
0 1 1 0.815333242480986 0.184666757519014 0
0 1 1 0.194571826062625 0.805428173937375 1
0 1 1 0.182625838221533 0.817374161778467 1
1 0 0 0.387692351124618 0.612307648875382 1
1 0 0 0.842410190079186 0.157589809920814 0
1 0 0 0.37468910934767 0.625310890652329 1
1 0 0 0.710404106950086 0.289595893049914 0
1 0 0 0.843437708608722 0.156562291391278 0
1 0 0 0.648630544416966 0.351369455583034 0
0 1 1 0.637879340444901 0.362120659555099 0
0 1 1 0.325161239085256 0.674838760914744 1
1 0 0 0.469907856416356 0.530092143583644 1
0 1 1 0.282358837001195 0.717641162998805 1
0 1 1 0.136572042153467 0.863427957846533 1
1 0 0 0.866076728939534 0.133923271060466 0
0 1 1 0.309598695616807 0.690401304383193 1
0 1 1 0.814508581319064 0.185491418680936 0
0 1 1 0.184338835984386 0.815661164015614 1
0 1 1 0.186037427249303 0.813962572750697 1
1 0 0 0.832046703332659 0.167953296667342 0
1 0 0 0.857078804499863 0.142921195500137 0
1 0 0 0.528593887359525 0.471406112640475 0
0 1 1 0.62881802908958 0.37118197091042 0
1 0 0 0.8338523914881 0.1661476085119 0
1 0 0 0.870023765545266 0.129976234454734 0
0 1 1 0.650324063415719 0.349675936584281 0
0 1 1 0.160257481822061 0.839742518177939 1
0 1 1 0.187989093460827 0.812010906539173 1
1 0 0 0.804003621198558 0.195996378801442 0
1 0 0 0.864515410828165 0.135484589171835 0
1 0 0 0.244062280781312 0.755937719218688 1
0 1 1 0.622746766809018 0.377253233190982 0
1 0 0 0.70508786688901 0.29491213311099 0
0 1 1 0.763115698101115 0.236884301898885 0
0 1 1 0.445265288216971 0.554734711783029 1
0 1 1 0.700970762826401 0.299029237173599 0
1 0 0 0.866517613514424 0.133482386485576 0
1 0 0 0.624191679524211 0.375808320475789 0
1 0 0 0.130312331604785 0.869687668395215 1
0 1 1 0.192586783010939 0.807413216989061 1
1 0 0 0.506572309440178 0.493427690559822 0
1 0 0 0.652067689559794 0.347932310440206 0
1 0 0 0.638617294223687 0.361382705776313 0
1 0 0 0.812158281535021 0.187841718464979 0
1 0 0 0.27880158242354 0.72119841757646 1
0 1 1 0.10015624291172 0.89984375708828 1
1 0 0 0.864596155747878 0.135403844252122 0
1 0 0 0.0989405551538916 0.901059444846108 1
1 0 0 0.726861158666712 0.273138841333288 0
0 1 1 0.77657898147483 0.22342101852517 0
0 1 1 0.598513768307764 0.401486231692236 0
0 1 1 0.675641168580298 0.324358831419702 0
1 0 0 0.863221831452272 0.136778168547728 0
0 1 1 0.668292185788924 0.331707814211076 0
0 1 1 0.588583371291316 0.411416628708684 0
1 0 0 0.620652133731876 0.379347866268124 0
1 0 0 0.69820300807527 0.30179699192473 0
1 0 0 0.81709342078307 0.18290657921693 0
0 1 1 0.651197453958881 0.348802546041119 0
0 1 1 0.706419570089846 0.293580429910154 0
1 0 0 0.742226413198828 0.257773586801172 0
0 1 1 0.278894792808956 0.721105207191044 1
1 0 0 0.277504451780672 0.722495548219328 1
0 1 1 0.526545717369004 0.473454282630996 0
1 0 0 0.84312619405345 0.15687380594655 0
1 0 0 0.0952471166591438 0.904752883340856 1
0 1 1 0.119336596850883 0.880663403149117 1
0 1 1 0.116706284632579 0.883293715367421 1
1 0 0 0.480918574604168 0.519081425395832 1
0 1 1 0.131580460738582 0.868419539261418 1
1 0 0 0.820851010731293 0.179148989268707 0
1 0 0 0.806421160415804 0.193578839584196 0
0 1 1 0.128192258296418 0.871807741703582 1
0 1 1 0.113113573646186 0.886886426353814 1
1 0 0 0.783382188376531 0.216617811623469 0
1 0 0 0.739286951518809 0.260713048481191 0
0 1 1 0.853045065637565 0.146954934362435 0
0 1 1 0.170787418342987 0.829212581657013 1
1 0 0 0.577969414019132 0.422030585980868 0
0 1 1 0.458152135867354 0.541847864132646 1
0 1 1 0.20884061288671 0.79115938711329 1
1 0 0 0.83690415490091 0.16309584509909 0
0 1 1 0.228273357253677 0.771726642746323 1
0 1 1 0.20460299037076 0.79539700962924 1
1 0 0 0.622540019644612 0.377459980355388 0
1 0 0 0.879969702595877 0.120030297404124 0
0 1 1 0.857079887093673 0.142920112906327 0
0 1 1 0.160498043512443 0.839501956487557 1
0 1 1 0.310497593551027 0.689502406448973 1
0 1 1 0.804446261158494 0.195553738841505 0
1 0 0 0.794614334741487 0.205385665258513 0
0 1 1 0.398208536473486 0.601791463526514 1
0 1 1 0.265280412480096 0.734719587519904 1
0 1 1 0.121703487876475 0.878296512123525 1
0 1 1 0.305768431342071 0.694231568657929 1
1 0 0 0.818697108641198 0.181302891358802 0
0 1 1 0.600948642619809 0.399051357380191 0
1 0 0 0.330968814835807 0.669031185164193 1
1 0 0 0.877241615990668 0.122758384009332 0
0 1 1 0.514831874308708 0.485168125691292 0
0 1 1 0.806117547165289 0.193882452834711 0
0 1 1 0.171999888692385 0.828000111307615 1
1 0 0 0.621765842043773 0.378234157956227 0
1 0 0 0.880527588574392 0.119472411425608 0
1 0 0 0.292384185323282 0.707615814676718 1
0 1 1 0.426028329042411 0.573971670957589 1
0 1 1 0.160516122825596 0.839483877174404 1
1 0 0 0.80825729471776 0.19174270528224 0
1 0 0 0.346903129939342 0.653096870060658 1
0 1 1 0.646848949960062 0.353151050039938 0
1 0 0 0.883512324971255 0.116487675028745 0
0 1 1 0.399155780662074 0.600844219337926 1
0 1 1 0.12039214185427 0.87960785814573 1
1 0 0 0.864632377044466 0.135367622955534 0
0 1 1 0.475476180045129 0.524523819954871 1
0 1 1 0.144500497520533 0.855499502479467 1
1 0 0 0.613763428985094 0.386236571014906 0
1 0 0 0.832037860559323 0.167962139440677 0
0 1 1 0.316285020538413 0.683714979461587 1
1 0 0 0.534905592082522 0.465094407917478 0
0 1 1 0.670922691233734 0.329077308766266 0
1 0 0 0.682308056009034 0.317691943990966 0
1 0 0 0.254477639505407 0.745522360494594 1
0 1 1 0.492477538885933 0.507522461114067 1
0 1 1 0.114620743535318 0.885379256464682 1
1 0 0 0.642551234595821 0.35744876540418 0
0 1 1 0.136084906166858 0.863915093833142 1
0 1 1 0.633698332114782 0.366301667885218 0
1 0 0 0.817772582195027 0.182227417804974 0
1 0 0 0.657406995927819 0.342593004072181 0
1 0 0 0.792490534843267 0.207509465156733 0
1 0 0 0.818798054502535 0.181201945497465 0
1 0 0 0.31661780000807 0.68338219999193 1
1 0 0 0.67830709981594 0.32169290018406 0
1 0 0 0.875901458758911 0.124098541241089 0
1 0 0 0.486580809027675 0.513419190972325 1
1 0 0 0.893943470584401 0.106056529415599 0
1 0 0 0.318905350603512 0.681094649396488 1
1 0 0 0.765501838171198 0.234498161828802 0
1 0 0 0.613223483349043 0.386776516650957 0
0 1 1 0.439516154316837 0.560483845683163 1
1 0 0 0.688637927788367 0.311362072211633 0
0 1 1 0.453393507935273 0.546606492064727 1
1 0 0 0.813526883552733 0.186473116447267 0
1 0 0 0.676167990392837 0.323832009607163 0
0 1 1 0.191829460432286 0.808170539567714 1
1 0 0 0.871543510540458 0.128456489459542 0
1 0 0 0.256856769771666 0.743143230228334 1
0 1 1 0.12464148455582 0.87535851544418 1
0 1 1 0.151354155639844 0.848645844360156 1
0 1 1 0.132635746721472 0.867364253278528 1
1 0 0 0.54096759660724 0.45903240339276 0
0 1 1 0.367175078025347 0.632824921974653 1
0 1 1 0.309059396641671 0.690940603358329 1
1 0 0 0.862519481067854 0.137480518932145 0
1 0 0 0.880765894057533 0.119234105942467 0
1 0 0 0.493218834784704 0.506781165215295 1
1 0 0 0.803343254660036 0.196656745339964 0
0 1 1 0.112557776814109 0.887442223185892 1
0 1 1 0.164888335659453 0.835111664340547 1
1 0 0 0.333131860346827 0.666868139653173 1
0 1 1 0.245910128666408 0.754089871333592 1
1 0 0 0.327531421393961 0.672468578606039 1
1 0 0 0.487006005563074 0.512993994436926 1
1 0 0 0.812315267803133 0.187684732196867 0
0 1 1 0.20166373131633 0.79833626868367 1
0 1 1 0.478309226002835 0.521690773997165 1
0 1 1 0.867169669408101 0.132830330591899 0
0 1 1 0.459338757339303 0.540661242660697 1
1 0 0 0.697274182554183 0.302725817445817 0
1 0 0 0.791766210735593 0.208233789264407 0
1 0 0 0.82368823651974 0.17631176348026 0
0 1 1 0.347355093586646 0.652644906413354 1
0 1 1 0.29480896637358 0.70519103362642 1
0 1 1 0.233791609714472 0.766208390285528 1
0 1 1 0.399973985066127 0.600026014933873 1
1 0 0 0.73716573930003 0.26283426069997 0
1 0 0 0.767120468118936 0.232879531881064 0
1 0 0 0.10211145138802 0.89788854861198 1
0 1 1 0.186255462588851 0.813744537411149 1
1 0 0 0.868037180425479 0.131962819574521 0
1 0 0 0.772359004768766 0.227640995231234 0
0 1 1 0.755638757741753 0.244361242258247 0
1 0 0 0.549393852091889 0.450606147908111 0
0 1 1 0.778617639939895 0.221382360060105 0
0 1 1 0.116091489382345 0.883908510617655 1
0 1 1 0.30272155368275 0.69727844631725 1
1 0 0 0.414939026783283 0.585060973216717 1
0 1 1 0.137174632011103 0.862825367988896 1
0 1 1 0.411746716138467 0.588253283861533 1
0 1 1 0.317560144567836 0.682439855432164 1
0 1 1 0.861556170217306 0.138443829782694 0
1 0 0 0.790190993911349 0.209809006088651 0
0 1 1 0.579537564767143 0.420462435232857 0
0 1 1 0.846936978354522 0.153063021645478 0
1 0 0 0.888965406106669 0.111034593893331 0
1 0 0 0.5541677051455 0.4458322948545 0
0 1 1 0.796735318744473 0.203264681255527 0
0 1 1 0.172832000049565 0.827167999950435 1
1 0 0 0.860115308004956 0.139884691995044 0
1 0 0 0.568671666670863 0.431328333329137 0
1 0 0 0.187183202901859 0.812816797098141 1
1 0 0 0.821710545743138 0.178289454256862 0
1 0 0 0.199742593654747 0.800257406345253 1
0 1 1 0.549677640135907 0.450322359864093 0
0 1 1 0.388026178029457 0.611973821970543 1
1 0 0 0.296564391047531 0.703435608952469 1
0 1 1 0.148066951961814 0.851933048038186 1
0 1 1 0.216742588870608 0.783257411129392 1
0 1 1 0.294905804103301 0.705094195896699 1
1 0 0 0.33658110827262 0.66341889172738 1
1 0 0 0.405387739417893 0.594612260582107 1
1 0 0 0.538025148661604 0.461974851338396 0
0 1 1 0.238889309668264 0.761110690331736 1
0 1 1 0.731635494306967 0.268364505693033 0
0 1 1 0.295788916191074 0.704211083808926 1
0 1 1 0.142921848939692 0.857078151060308 1
0 1 1 0.139569938388155 0.860430061611845 1
0 1 1 0.296323111238917 0.703676888761083 1
0 1 1 0.2753571366443 0.7246428633557 1
1 0 0 0.831677746469019 0.168322253530981 0
1 0 0 0.305923243559162 0.694076756440838 1
1 0 0 0.855168028163806 0.144831971836194 0
1 0 0 0.886166546537376 0.113833453462624 0
0 1 1 0.217182593189008 0.782817406810992 1
1 0 0 0.877326230468798 0.122673769531202 0
0 1 1 0.274789841302455 0.725210158697545 1
1 0 0 0.861890145087957 0.138109854912043 0
0 1 1 0.144022677112421 0.855977322887579 1
0 1 1 0.287602698190935 0.712397301809065 1
0 1 1 0.108256658197415 0.891743341802585 1
0 1 1 0.517622518328943 0.482377481671057 0
1 0 0 0.868178030995688 0.131821969004312 0
0 1 1 0.219458174336287 0.780541825663714 1
1 0 0 0.7367576828946 0.2632423171054 0
1 0 0 0.85678469847433 0.14321530152567 0
1 0 0 0.7770956380567 0.2229043619433 0
1 0 0 0.765541511073868 0.234458488926132 0
0 1 1 0.603873927635964 0.396126072364036 0
0 1 1 0.793592199355436 0.206407800644564 0
0 1 1 0.677820144092202 0.322179855907798 0
0 1 1 0.0931784743351743 0.906821525664826 1
0 1 1 0.132364519225146 0.867635480774854 1
0 1 1 0.102557649650334 0.897442350349666 1
1 0 0 0.210086647016154 0.789913352983846 1
0 1 1 0.216458395775416 0.783541604224584 1
0 1 1 0.207248998284424 0.792751001715576 1
0 1 1 0.548110020246843 0.451889979753157 0
1 0 0 0.855697306572022 0.144302693427978 0
0 1 1 0.517708702052355 0.482291297947646 0
1 0 0 0.280054653263981 0.719945346736019 1
0 1 1 0.215690293185497 0.784309706814503 1
1 0 0 0.62277701141153 0.37722298858847 0
1 0 0 0.621748164876254 0.378251835123746 0
0 1 1 0.306856809865774 0.693143190134226 1
1 0 0 0.4693033493608 0.5306966506392 1
0 1 1 0.270641429275603 0.729358570724397 1
1 0 0 0.866315833440931 0.133684166559068 0
1 0 0 0.363896879669462 0.636103120330538 1
1 0 0 0.217655479515014 0.782344520484986 1
0 1 1 0.216771601491918 0.783228398508082 1
0 1 1 0.321918235978407 0.678081764021593 1
1 0 0 0.845818533221599 0.154181466778401 0
1 0 0 0.838901016070129 0.161098983929871 0
0 1 1 0.106576199613783 0.893423800386217 1
1 0 0 0.770083453553667 0.229916546446333 0
0 1 1 0.168911323642698 0.831088676357302 1
0 1 1 0.21531237385669 0.78468762614331 1
1 0 0 0.872407106968285 0.127592893031715 0
1 0 0 0.460241620126988 0.539758379873012 1
1 0 0 0.868291016753808 0.131708983246193 0
0 1 1 0.200092771753157 0.799907228246843 1
1 0 0 0.523195285177318 0.476804714822682 0
0 1 1 0.6106703477107 0.3893296522893 0
0 1 1 0.123228461804117 0.876771538195883 1
0 1 1 0.221109786959989 0.778890213040011 1
0 1 1 0.205937142243583 0.794062857756417 1
0 1 1 0.637571895163493 0.362428104836507 0
1 0 0 0.849742739985194 0.150257260014806 0
0 1 1 0.48179746934107 0.51820253065893 1
0 1 1 0.284029694641499 0.715970305358501 1
1 0 0 0.859125375549134 0.140874624450866 0
0 1 1 0.178632471168244 0.821367528831756 1
1 0 0 0.785146829225045 0.214853170774955 0
0 1 1 0.74352454680179 0.25647545319821 0
0 1 1 0.145307285614839 0.854692714385161 1
1 0 0 0.862418251183148 0.137581748816852 0
0 1 1 0.71367161182559 0.28632838817441 0
0 1 1 0.770783588049144 0.229216411950856 0
1 0 0 0.893513357969632 0.106486642030368 0
0 1 1 0.144929241178356 0.855070758821644 1
0 1 1 0.147188138703557 0.852811861296443 1
0 1 1 0.318265992251749 0.681734007748251 1
1 0 0 0.845690046214567 0.154309953785433 0
1 0 0 0.482044939920691 0.517955060079309 1
0 1 1 0.1475353109408 0.8524646890592 1
0 1 1 0.180717300704823 0.819282699295177 1
0 1 1 0.712602987386142 0.287397012613858 0
1 0 0 0.872977752561625 0.127022247438375 0
1 0 0 0.861280934320017 0.138719065679983 0
1 0 0 0.851373739015875 0.148626260984125 0
0 1 1 0.560755517134508 0.439244482865492 0
0 1 1 0.175350101487445 0.824649898512555 1
1 0 0 0.436243903499653 0.563756096500347 1
1 0 0 0.249849433526506 0.750150566473494 1
1 0 0 0.493446178207585 0.506553821792415 1
0 1 1 0.248147508547646 0.751852491452354 1
1 0 0 0.819463802632098 0.180536197367902 0
0 1 1 0.148270532074566 0.851729467925434 1
1 0 0 0.799436182219084 0.200563817780916 0
0 1 1 0.170103852730289 0.829896147269711 1
0 1 1 0.341796517203368 0.658203482796632 1
0 1 1 0.329715826043813 0.670284173956187 1
0 1 1 0.266704543925919 0.733295456074081 1
0 1 1 0.464258703421538 0.535741296578462 1
1 0 0 0.458191901810878 0.541808098189122 1
0 1 1 0.123929986261341 0.876070013738659 1
1 0 0 0.629808895782237 0.370191104217763 0
0 1 1 0.129638959738589 0.870361040261411 1
1 0 0 0.791517968125186 0.208482031874814 0
1 0 0 0.867452301446458 0.132547698553542 0
0 1 1 0.865412689225367 0.134587310774633 0
1 0 0 0.485633558996863 0.514366441003137 1
1 0 0 0.806537118565838 0.193462881434163 0
1 0 0 0.870480338666895 0.129519661333105 0
1 0 0 0.363627487024634 0.636372512975366 1
0 1 1 0.494976238827343 0.505023761172656 1
0 1 1 0.196265783742281 0.803734216257719 1
0 1 1 0.181467756383884 0.818532243616116 1
1 0 0 0.691277903301418 0.308722096698582 0
1 0 0 0.864904369738403 0.135095630261598 0
0 1 1 0.247109202745591 0.75289079725441 1
0 1 1 0.249537485377766 0.750462514622234 1
0 1 1 0.135730326751968 0.864269673248032 1
0 1 1 0.218862212534757 0.781137787465243 1
1 0 0 0.21279804589688 0.78720195410312 1
0 1 1 0.60470666019479 0.39529333980521 0
0 1 1 0.124236775078709 0.875763224921291 1
1 0 0 0.356614377306218 0.643385622693782 1
0 1 1 0.142978543233875 0.857021456766125 1
1 0 0 0.51192219912419 0.48807780087581 0
0 1 1 0.114759068070907 0.885240931929093 1
0 1 1 0.707604871404485 0.292395128595515 0
0 1 1 0.606018515670156 0.393981484329844 0
0 1 1 0.19135262369177 0.80864737630823 1
0 1 1 0.121210728351624 0.878789271648376 1
1 0 0 0.367317801160115 0.632682198839885 1
1 0 0 0.716573775200378 0.283426224799622 0
1 0 0 0.884717287255182 0.115282712744818 0
0 1 1 0.277514758535451 0.722485241464549 1
1 0 0 0.86526242469617 0.13473757530383 0
1 0 0 0.853464237185051 0.146535762814948 0
1 0 0 0.737919372459598 0.262080627540402 0
1 0 0 0.814614671303749 0.185385328696251 0
1 0 0 0.661732607839698 0.338267392160302 0
0 1 1 0.67632388664224 0.32367611335776 0
0 1 1 0.331094947614139 0.668905052385861 1
0 1 1 0.712591936083851 0.287408063916149 0
1 0 0 0.854114175228741 0.145885824771259 0
0 1 1 0.138751080713968 0.861248919286032 1
0 1 1 0.102669617476547 0.897330382523453 1
1 0 0 0.857881591820918 0.142118408179082 0
0 1 1 0.462386586303878 0.537613413696122 1
1 0 0 0.813112333507195 0.186887666492805 0
1 0 0 0.870160886648345 0.129839113351655 0
1 0 0 0.779230884275765 0.220769115724235 0
1 0 0 0.624814122857281 0.375185877142719 0
0 1 1 0.116005190245766 0.883994809754234 1
0 1 1 0.766693559997348 0.233306440002652 0
0 1 1 0.294187278318793 0.705812721681207 1
0 1 1 0.64150065486061 0.358499345139389 0
1 0 0 0.509820746997421 0.490179253002579 0
1 0 0 0.651336259703517 0.348663740296483 0
0 1 1 0.713956338773226 0.286043661226774 0
1 0 0 0.812824453727351 0.187175546272649 0
1 0 0 0.632133188479262 0.367866811520738 0
0 1 1 0.113519080045845 0.886480919954155 1
1 0 0 0.58451313866466 0.41548686133534 0
0 1 1 0.252582919730138 0.747417080269862 1
0 1 1 0.302792797938569 0.697207202061432 1
1 0 0 0.819296741372498 0.180703258627502 0
0 1 1 0.092450984388883 0.907549015611117 1
1 0 0 0.449340039096625 0.550659960903375 1
1 0 0 0.871592389112198 0.128407610887802 0
0 1 1 0.105854226214921 0.894145773785079 1
0 1 1 0.214650454523587 0.785349545476413 1
0 1 1 0.62809446948796 0.37190553051204 0
1 0 0 0.726804858236468 0.273195141763532 0
1 0 0 0.662613429484181 0.337386570515819 0
0 1 1 0.19533999065094 0.80466000934906 1
0 1 1 0.486991305799491 0.513008694200509 1
1 0 0 0.862040354409684 0.137959645590316 0
0 1 1 0.261811000761532 0.738188999238468 1
0 1 1 0.133080480744582 0.866919519255418 1
0 1 1 0.289474741619068 0.710525258380932 1
0 1 1 0.529787875492539 0.470212124507461 0
1 0 0 0.814155452561877 0.185844547438123 0
1 0 0 0.145707505992563 0.854292494007437 1
0 1 1 0.787925744149114 0.212074255850886 0
1 0 0 0.549226615129379 0.450773384870621 0
0 1 1 0.243944302073402 0.756055697926598 1
1 0 0 0.813771292292544 0.186228707707457 0
0 1 1 0.116521077786014 0.883478922213986 1
0 1 1 0.181184829218956 0.818815170781044 1
0 1 1 0.172063261183325 0.827936738816675 1
1 0 0 0.680072482992977 0.319927517007023 0
0 1 1 0.743522551939123 0.256477448060877 0
0 1 1 0.445873493151752 0.554126506848248 1
1 0 0 0.26536454420678 0.73463545579322 1
1 0 0 0.860057887044478 0.139942112955522 0
0 1 1 0.125760110874594 0.874239889125406 1
1 0 0 0.793435153336241 0.206564846663759 0
0 1 1 0.107894666750083 0.892105333249917 1
0 1 1 0.253908116133072 0.746091883866929 1
0 1 1 0.846374052019472 0.153625947980528 0
0 1 1 0.122147062549926 0.877852937450074 1
0 1 1 0.583423245633134 0.416576754366866 0
0 1 1 0.278114411156578 0.721885588843422 1
1 0 0 0.679338961770383 0.320661038229617 0
1 0 0 0.813434174685113 0.186565825314887 0
0 1 1 0.888257548124578 0.111742451875422 0
1 0 0 0.860813926268368 0.139186073731633 0
0 1 1 0.0981707902247095 0.90182920977529 1
1 0 0 0.881331340205391 0.118668659794609 0
0 1 1 0.60382280486505 0.39617719513495 0
1 0 0 0.8560183398416 0.1439816601584 0
1 0 0 0.642316383687837 0.357683616312164 0
0 1 1 0.188944022053108 0.811055977946892 1
1 0 0 0.865545801681335 0.134454198318665 0
1 0 0 0.891003742024819 0.108996257975181 0
1 0 0 0.558264986447974 0.441735013552026 0
0 1 1 0.597819718816234 0.402180281183767 0
0 1 1 0.690673667648717 0.309326332351283 0
1 0 0 0.303331965734814 0.696668034265187 1
0 1 1 0.831423402973426 0.168576597026574 0
1 0 0 0.144060515743331 0.855939484256669 1
0 1 1 0.882795702270563 0.117204297729437 0
0 1 1 0.13051653681867 0.86948346318133 1
1 0 0 0.395273986146807 0.604726013853193 1
0 1 1 0.483867238050122 0.516132761949878 1
1 0 0 0.800653798495063 0.199346201504937 0
0 1 1 0.114044597627149 0.885955402372852 1
1 0 0 0.745053004007635 0.254946995992365 0
1 0 0 0.66804080821017 0.33195919178983 0
1 0 0 0.561812334159603 0.438187665840397 0
0 1 1 0.854999538155039 0.145000461844961 0
1 0 0 0.805642257442942 0.194357742557058 0
1 0 0 0.166070528198617 0.833929471801383 1
1 0 0 0.69064051891823 0.30935948108177 0
1 0 0 0.803062613394259 0.196937386605741 0
0 1 1 0.165678198989167 0.834321801010833 1
0 1 1 0.154313443909856 0.845686556090144 1
1 0 0 0.534333012538637 0.465666987461363 0
0 1 1 0.330132993833069 0.669867006166931 1
0 1 1 0.55388188715714 0.44611811284286 0
0 1 1 0.558676680815772 0.441323319184228 0
1 0 0 0.671011728827467 0.328988271172533 0
1 0 0 0.294173199915441 0.705826800084559 1
1 0 0 0.375040716143743 0.624959283856257 1
1 0 0 0.379974053996137 0.620025946003863 1
1 0 0 0.487629501054198 0.512370498945802 1
0 1 1 0.282365385841131 0.717634614158869 1
0 1 1 0.159049913273297 0.840950086726703 1
0 1 1 0.265295971496642 0.734704028503358 1
0 1 1 0.435700739060243 0.564299260939757 1
1 0 0 0.870607610074835 0.129392389925165 0
1 0 0 0.684194340946484 0.315805659053516 0
0 1 1 0.122278456412227 0.877721543587773 1
0 1 1 0.179506094996593 0.820493905003407 1
1 0 0 0.641839295087063 0.358160704912937 0
1 0 0 0.820694497021124 0.179305502978876 0
0 1 1 0.153743941608056 0.846256058391944 1
1 0 0 0.455567746815805 0.544432253184195 1
1 0 0 0.313346258695129 0.686653741304871 1
0 1 1 0.208786493874411 0.791213506125589 1
1 0 0 0.752231034856364 0.247768965143636 0
1 0 0 0.336137302358935 0.663862697641065 1
1 0 0 0.681679262047665 0.318320737952335 0
1 0 0 0.79544555147077 0.20455444852923 0
0 1 1 0.153640432866654 0.846359567133346 1
1 0 0 0.516355693602961 0.483644306397039 0
0 1 1 0.118867182887333 0.881132817112667 1
1 0 0 0.744158435713741 0.255841564286259 0
0 1 1 0.632020607808674 0.367979392191326 0
1 0 0 0.767033456722676 0.232966543277324 0
0 1 1 0.775691938300124 0.224308061699876 0
0 1 1 0.111939950946142 0.888060049053858 1
0 1 1 0.131189498677669 0.868810501322331 1
1 0 0 0.736293936217486 0.263706063782514 0
0 1 1 0.148860662485537 0.851139337514463 1
1 0 0 0.884084039807287 0.115915960192713 0
0 1 1 0.277709406743855 0.722290593256145 1
1 0 0 0.270386703226976 0.729613296773024 1
1 0 0 0.860583721117067 0.139416278882933 0
1 0 0 0.872350703251035 0.127649296748965 0
1 0 0 0.867626600183972 0.132373399816028 0
0 1 1 0.624536757764246 0.375463242235754 0
1 0 0 0.323345127276315 0.676654872723685 1
0 1 1 0.194870938798975 0.805129061201025 1
0 1 1 0.607983497375468 0.392016502624532 0
1 0 0 0.779051735566614 0.220948264433386 0
1 0 0 0.831700918834233 0.168299081165767 0
0 1 1 0.165198705945413 0.834801294054587 1
0 1 1 0.419544336632435 0.580455663367565 1
0 1 1 0.248827800931432 0.751172199068568 1
1 0 0 0.639981609071269 0.360018390928731 0
0 1 1 0.171763353613681 0.828236646386319 1
0 1 1 0.510267713462746 0.489732286537254 0
1 0 0 0.813453726188404 0.186546273811596 0
0 1 1 0.249382111647988 0.750617888352012 1
1 0 0 0.792378791057327 0.207621208942673 0
0 1 1 0.195857402368213 0.804142597631787 1
0 1 1 0.144084428452114 0.855915571547887 1
0 1 1 0.308360827677107 0.691639172322893 1
1 0 0 0.232499828432646 0.767500171567354 1
1 0 0 0.760577751420745 0.239422248579255 0
1 0 0 0.787472580276553 0.212527419723447 0
1 0 0 0.855131521469638 0.144868478530362 0
0 1 1 0.29977583758377 0.70022416241623 1
0 1 1 0.389141214198378 0.610858785801622 1
0 1 1 0.363510786569843 0.636489213430157 1
0 1 1 0.471062185327891 0.528937814672109 1
1 0 0 0.796335890825428 0.203664109174572 0
1 0 0 0.864548128235361 0.135451871764639 0
0 1 1 0.216051612940514 0.783948387059486 1
1 0 0 0.785382676439705 0.214617323560295 0
1 0 0 0.26358671898084 0.73641328101916 1
0 1 1 0.103524477423086 0.896475522576914 1
1 0 0 0.816016601102996 0.183983398897004 0
1 0 0 0.231333507903375 0.768666492096625 1
0 1 1 0.303695757261344 0.696304242738656 1
1 0 0 0.716984883141769 0.283015116858232 0
1 0 0 0.621517499958691 0.378482500041309 0
0 1 1 0.213460720332017 0.786539279667983 1
0 1 1 0.665563241653708 0.334436758346292 0
1 0 0 0.8317267300297 0.1682732699703 0
0 1 1 0.557889151074339 0.442110848925661 0
0 1 1 0.671242261236025 0.328757738763975 0
0 1 1 0.59898754767378 0.40101245232622 0
0 1 1 0.359433069750204 0.640566930249796 1
1 0 0 0.564331907192996 0.435668092807004 0
0 1 1 0.186290681446405 0.813709318553595 1
0 1 1 0.415382338627685 0.584617661372316 1
0 1 1 0.117626728654653 0.882373271345347 1
0 1 1 0.58264175475626 0.41735824524374 0
1 0 0 0.80495965545955 0.19504034454045 0
1 0 0 0.23771056900785 0.76228943099215 1
0 1 1 0.589018031914834 0.410981968085166 0
1 0 0 0.792066024819328 0.207933975180672 0
1 0 0 0.828456881129346 0.171543118870654 0
0 1 1 0.799040366256773 0.200959633743227 0
0 1 1 0.468647752785166 0.531352247214834 1
0 1 1 0.28849943003134 0.71150056996866 1
1 0 0 0.441337523960083 0.558662476039917 1
0 1 1 0.328146783922156 0.671853216077844 1
1 0 0 0.408589434595768 0.591410565404232 1
1 0 0 0.736539329246844 0.263460670753155 0
1 0 0 0.683041315961114 0.316958684038886 0
0 1 1 0.151748476133924 0.848251523866076 1
1 0 0 0.711155587100989 0.288844412899011 0
0 1 1 0.116330509221592 0.883669490778408 1
1 0 0 0.858887256970415 0.141112743029585 0
0 1 1 0.169933300352261 0.830066699647739 1
0 1 1 0.0918144296410988 0.908185570358901 1
0 1 1 0.363832636834652 0.636167363165348 1
0 1 1 0.397829941135813 0.602170058864187 1
1 0 0 0.642459717114866 0.357540282885134 0
1 0 0 0.788636031822082 0.211363968177918 0
1 0 0 0.553567485104575 0.446432514895425 0
1 0 0 0.128042486896479 0.871957513103521 1
1 0 0 0.874213093132786 0.125786906867214 0
1 0 0 0.811323166620311 0.188676833379689 0
0 1 1 0.173855528757741 0.826144471242259 1
0 1 1 0.0981318429617243 0.901868157038276 1
1 0 0 0.727816066982463 0.272183933017537 0
1 0 0 0.758880202203581 0.241119797796419 0
0 1 1 0.200418945292601 0.799581054707399 1
0 1 1 0.637984840727254 0.362015159272746 0
0 1 1 0.147796806560461 0.852203193439539 1
0 1 1 0.139690473035187 0.860309526964813 1
0 1 1 0.207774252668474 0.792225747331526 1
1 0 0 0.810761626012022 0.189238373987978 0
0 1 1 0.173259212259611 0.826740787740389 1
1 0 0 0.807413056883704 0.192586943116296 0
1 0 0 0.253515839820479 0.746484160179521 1
1 0 0 0.790369307507834 0.209630692492166 0
1 0 0 0.866938310539594 0.133061689460406 0
0 1 1 0.506276260960148 0.493723739039852 0
1 0 0 0.497224764788697 0.502775235211303 1
0 1 1 0.405513727247004 0.594486272752996 1
1 0 0 0.788738556972807 0.211261443027193 0
0 1 1 0.290088609047353 0.709911390952648 1
0 1 1 0.257901971628033 0.742098028371967 1
0 1 1 0.343633963971545 0.656366036028455 1
1 0 0 0.857745249114392 0.142254750885608 0
1 0 0 0.757248247971884 0.242751752028116 0
1 0 0 0.234174276712821 0.765825723287179 1
1 0 0 0.879395726335843 0.120604273664157 0
0 1 1 0.771942296310913 0.228057703689087 0
1 0 0 0.517500060078159 0.482499939921841 0
0 1 1 0.160234724033357 0.839765275966643 1
1 0 0 0.504291816480305 0.495708183519695 0
0 1 1 0.627066082379359 0.372933917620641 0
0 1 1 0.126712066876176 0.873287933123824 1
0 1 1 0.599972682786646 0.400027317213354 0
0 1 1 0.366162343549406 0.633837656450594 1
0 1 1 0.403804081877512 0.596195918122488 1
0 1 1 0.28191069665263 0.71808930334737 1
0 1 1 0.609961687694777 0.390038312305223 0
0 1 1 0.289571242472995 0.710428757527006 1
1 0 0 0.351927660018792 0.648072339981208 1
0 1 1 0.167296386542391 0.832703613457609 1
1 0 0 0.760240764547158 0.239759235452843 0
0 1 1 0.158208662632213 0.841791337367787 1
0 1 1 0.179272902187139 0.820727097812861 1
0 1 1 0.870390255051137 0.129609744948863 0
1 0 0 0.74644170234614 0.25355829765386 0
1 0 0 0.646672231390403 0.353327768609598 0
0 1 1 0.373018517439041 0.626981482560959 1
1 0 0 0.698433252274564 0.301566747725436 0
1 0 0 0.750740567175049 0.249259432824951 0
1 0 0 0.759239615120179 0.240760384879821 0
0 1 1 0.110278238384651 0.889721761615349 1
1 0 0 0.282744880194308 0.717255119805692 1
1 0 0 0.717060965503899 0.282939034496101 0
0 1 1 0.384014505056022 0.615985494943978 1
0 1 1 0.351137845968024 0.648862154031976 1
1 0 0 0.75337674916356 0.24662325083644 0
1 0 0 0.841978848779006 0.158021151220994 0
0 1 1 0.146851002320745 0.853148997679255 1
0 1 1 0.371829063447461 0.628170936552539 1
1 0 0 0.786131920955725 0.213868079044275 0
0 1 1 0.296938433124166 0.703061566875834 1
1 0 0 0.465515579609647 0.534484420390353 1
0 1 1 0.179279780608027 0.820720219391973 1
1 0 0 0.629870783237962 0.370129216762038 0
0 1 1 0.424414226372081 0.575585773627919 1
0 1 1 0.462440996149357 0.537559003850643 1
0 1 1 0.71186630874561 0.28813369125439 0
1 0 0 0.852958847869982 0.147041152130018 0
0 1 1 0.152287026859827 0.847712973140173 1
1 0 0 0.466628234628984 0.533371765371016 1
1 0 0 0.834728088406226 0.165271911593774 0
0 1 1 0.117659781840453 0.882340218159547 1
0 1 1 0.605742065887472 0.394257934112528 0
1 0 0 0.723978789283061 0.276021210716938 0
1 0 0 0.263045869517613 0.736954130482387 1
0 1 1 0.288237225070395 0.711762774929605 1
1 0 0 0.193652450701651 0.806347549298349 1
0 1 1 0.46248714401384 0.53751285598616 1
1 0 0 0.861828698944709 0.138171301055291 0
0 1 1 0.493036313536591 0.506963686463409 1
1 0 0 0.83068164441484 0.16931835558516 0
0 1 1 0.396574799372163 0.603425200627837 1
0 1 1 0.32066471915563 0.67933528084437 1
1 0 0 0.764055371506715 0.235944628493285 0
0 1 1 0.567391110470903 0.432608889529097 0
1 0 0 0.489983120498931 0.510016879501069 1
1 0 0 0.846252491921626 0.153747508078374 0
0 1 1 0.213422691839373 0.786577308160627 1
0 1 1 0.575570310594866 0.424429689405134 0
1 0 0 0.847960233666385 0.152039766333615 0
1 0 0 0.831991759799148 0.168008240200852 0
1 0 0 0.859941652472729 0.140058347527271 0
0 1 1 0.81285678812664 0.18714321187336 0
1 0 0 0.119269192174678 0.880730807825322 1
0 1 1 0.104828084959639 0.895171915040361 1
1 0 0 0.175511196187911 0.824488803812089 1
0 1 1 0.181450598317472 0.818549401682528 1
1 0 0 0.83237007894935 0.167629921050651 0
0 1 1 0.442774706709499 0.557225293290501 1
0 1 1 0.369645858139181 0.630354141860818 1
0 1 1 0.109402163192956 0.890597836807044 1
1 0 0 0.327588282995555 0.672411717004445 1
1 0 0 0.836335028896116 0.163664971103884 0
0 1 1 0.334595682415328 0.665404317584672 1
0 1 1 0.166748745332783 0.833251254667218 1
0 1 1 0.879075717790603 0.120924282209397 0
1 0 0 0.60679695162609 0.39320304837391 0
1 0 0 0.204762291597614 0.795237708402386 1
0 1 1 0.16210625906628 0.83789374093372 1
0 1 1 0.228425776731506 0.771574223268494 1
0 1 1 0.129644137258265 0.870355862741735 1
0 1 1 0.408192167277214 0.591807832722786 1
0 1 1 0.259588185538254 0.740411814461746 1
0 1 1 0.206497147983042 0.793502852016958 1
1 0 0 0.802061142823491 0.197938857176509 0
1 0 0 0.843450723368934 0.156549276631066 0
0 1 1 0.500860143920687 0.499139856079313 0
1 0 0 0.625445778249204 0.374554221750796 0
1 0 0 0.389289445120945 0.610710554879055 1
0 1 1 0.478907348380287 0.521092651619713 1
0 1 1 0.374079545195513 0.625920454804487 1
0 1 1 0.278486933223732 0.721513066776268 1
0 1 1 0.0957865394793476 0.904213460520652 1
0 1 1 0.134136927723324 0.865863072276676 1
1 0 0 0.119896090957178 0.880103909042822 1
1 0 0 0.374563639226074 0.625436360773926 1
0 1 1 0.278753462531962 0.721246537468038 1
1 0 0 0.676338455569986 0.323661544430014 0
1 0 0 0.868467985762975 0.131532014237025 0
0 1 1 0.855315653703088 0.144684346296912 0
1 0 0 0.815914143926319 0.184085856073681 0
0 1 1 0.152020551095706 0.847979448904294 1
1 0 0 0.701181270588763 0.298818729411237 0
1 0 0 0.866710712973208 0.133289287026792 0
0 1 1 0.562024107567481 0.43797589243252 0
0 1 1 0.15236212347609 0.847637876523909 1
0 1 1 0.120162885437311 0.879837114562689 1
1 0 0 0.842533213782752 0.157466786217248 0
0 1 1 0.104022864103077 0.895977135896923 1
1 0 0 0.609903641259382 0.390096358740618 0
1 0 0 0.886730696900029 0.113269303099971 0
0 1 1 0.138705438131995 0.861294561868005 1
1 0 0 0.713287960296319 0.286712039703681 0
0 1 1 0.711936096862015 0.288063903137985 0
1 0 0 0.232957997095977 0.767042002904023 1
0 1 1 0.858235887824777 0.141764112175223 0
0 1 1 0.149858688080783 0.850141311919217 1
0 1 1 0.765406734866827 0.234593265133172 0
1 0 0 0.345288757810118 0.654711242189882 1
1 0 0 0.793531362118075 0.206468637881925 0
1 0 0 0.861352706495065 0.138647293504935 0
1 0 0 0.88192746577629 0.11807253422371 0
1 0 0 0.752785174891242 0.247214825108758 0
0 1 1 0.15300106294548 0.84699893705452 1
0 1 1 0.374014367270644 0.625985632729356 1
0 1 1 0.684163041052784 0.315836958947216 0
0 1 1 0.857591262944539 0.142408737055461 0
1 0 0 0.875535163513447 0.124464836486553 0
0 1 1 0.374239032829812 0.625760967170188 1
1 0 0 0.459246055120628 0.540753944879372 1
1 0 0 0.402067948288456 0.597932051711544 1
1 0 0 0.710839901030427 0.289160098969573 0
1 0 0 0.169171325318605 0.830828674681395 1
1 0 0 0.753338923601223 0.246661076398777 0
1 0 0 0.866544560182876 0.133455439817124 0
0 1 1 0.105490309050642 0.894509690949358 1
0 1 1 0.311718277931041 0.688281722068959 1
0 1 1 0.859563343439983 0.140436656560018 0
1 0 0 0.548551899457422 0.451448100542578 0
0 1 1 0.352358548705191 0.647641451294809 1
1 0 0 0.353331081667581 0.646668918332419 1
0 1 1 0.148896638057163 0.851103361942837 1
0 1 1 0.804467446338545 0.195532553661455 0
1 0 0 0.178645030691409 0.821354969308591 1
0 1 1 0.189486166588054 0.810513833411946 1
0 1 1 0.222526026890005 0.777473973109995 1
0 1 1 0.129842797116038 0.870157202883962 1
0 1 1 0.160576535259763 0.839423464740237 1
1 0 0 0.242628448744964 0.757371551255036 1
0 1 1 0.423427323131403 0.576572676868597 1
0 1 1 0.308254396145526 0.691745603854474 1
1 0 0 0.238421990761576 0.761578009238424 1
1 0 0 0.178770216544079 0.821229783455921 1
1 0 0 0.370919168379431 0.629080831620569 1
0 1 1 0.205807761070848 0.794192238929152 1
0 1 1 0.129902073883672 0.870097926116328 1
0 1 1 0.253035139137606 0.746964860862394 1
1 0 0 0.12131087748542 0.87868912251458 1
0 1 1 0.606852690990748 0.393147309009252 0
0 1 1 0.534860375470712 0.465139624529288 0
0 1 1 0.320913410649044 0.679086589350956 1
1 0 0 0.774049440302107 0.225950559697893 0
1 0 0 0.453439731588788 0.546560268411212 1
0 1 1 0.125278957515831 0.874721042484169 1
0 1 1 0.701913271225785 0.298086728774215 0
1 0 0 0.844958561351828 0.155041438648172 0
1 0 0 0.837791853533549 0.162208146466451 0
0 1 1 0.280901947124257 0.719098052875743 1
0 1 1 0.149563801283873 0.850436198716127 1
0 1 1 0.161642773012065 0.838357226987935 1
0 1 1 0.735735944858645 0.264264055141355 0
1 0 0 0.635602307150027 0.364397692849973 0
1 0 0 0.779738518801711 0.220261481198289 0
0 1 1 0.249855983340483 0.750144016659517 1
1 0 0 0.857525501854727 0.142474498145273 0
0 1 1 0.816432133333964 0.183567866666036 0
0 1 1 0.301834432786958 0.698165567213042 1
0 1 1 0.494681583066126 0.505318416933874 1
1 0 0 0.822131735448269 0.177868264551731 0
1 0 0 0.857043622584576 0.142956377415424 0
0 1 1 0.378040871494989 0.621959128505011 1
0 1 1 0.096856781711889 0.903143218288111 1
1 0 0 0.291878747419653 0.708121252580347 1
0 1 1 0.474952910437174 0.525047089562826 1
1 0 0 0.120953171401051 0.879046828598949 1
0 1 1 0.32769319252549 0.67230680747451 1
1 0 0 0.301536087502303 0.698463912497697 1
0 1 1 0.19158110761396 0.80841889238604 1
0 1 1 0.32511690606356 0.67488309393644 1
0 1 1 0.13435968596357 0.86564031403643 1
1 0 0 0.608147260676335 0.391852739323665 0
0 1 1 0.108758933200811 0.891241066799189 1
0 1 1 0.344167242634401 0.655832757365599 1
1 0 0 0.535684959869228 0.464315040130772 0
0 1 1 0.270863140215505 0.729136859784495 1
1 0 0 0.854076629060958 0.145923370939042 0
0 1 1 0.521428609773006 0.478571390226994 0
0 1 1 0.20352782862849 0.79647217137151 1
1 0 0 0.428094667892541 0.571905332107459 1
0 1 1 0.11154206232826 0.88845793767174 1
1 0 0 0.216326480468018 0.783673519531982 1
1 0 0 0.808692440580752 0.191307559419248 0
0 1 1 0.185857587817614 0.814142412182386 1
1 0 0 0.796534278314646 0.203465721685354 0
1 0 0 0.837242690682275 0.162757309317725 0
1 0 0 0.883870291631445 0.116129708368555 0
1 0 0 0.370175996342342 0.629824003657658 1
0 1 1 0.147134288709547 0.852865711290453 1
1 0 0 0.812025449021355 0.187974550978645 0
1 0 0 0.801892723220806 0.198107276779194 0
1 0 0 0.872976110523856 0.127023889476144 0
1 0 0 0.453931052005302 0.546068947994698 1
0 1 1 0.10076437638505 0.89923562361495 1
0 1 1 0.113227345682398 0.886772654317602 1
1 0 0 0.610375182511199 0.389624817488801 0
0 1 1 0.155163383154755 0.844836616845245 1
0 1 1 0.66633134622428 0.33366865377572 0
1 0 0 0.529107304453687 0.470892695546313 0
0 1 1 0.148506021728821 0.851493978271179 1
0 1 1 0.176615105864586 0.823384894135414 1
0 1 1 0.274677479120834 0.725322520879166 1
1 0 0 0.695287925776965 0.304712074223035 0
0 1 1 0.125452624764779 0.874547375235221 1
1 0 0 0.600528805106084 0.399471194893916 0
1 0 0 0.741049917302719 0.258950082697281 0
1 0 0 0.491081032834724 0.508918967165276 1
0 1 1 0.844498322033678 0.155501677966322 0
0 1 1 0.109323944927496 0.890676055072504 1
0 1 1 0.103453936108752 0.896546063891248 1
1 0 0 0.855355389610986 0.144644610389014 0
1 0 0 0.868241044050861 0.131758955949139 0
0 1 1 0.265929322624665 0.734070677375335 1
0 1 1 0.278381593779662 0.721618406220338 1
0 1 1 0.303869255688075 0.696130744311925 1
0 1 1 0.465934786631578 0.534065213368422 1
1 0 0 0.798371782991082 0.201628217008918 0
1 0 0 0.88185734682884 0.11814265317116 0
1 0 0 0.82704799472591 0.17295200527409 0
1 0 0 0.481130118517889 0.518869881482111 1
1 0 0 0.735233589078885 0.264766410921115 0
1 0 0 0.879027135419661 0.120972864580339 0
0 1 1 0.0960171653513815 0.903982834648619 1
0 1 1 0.409789384370646 0.590210615629354 1
0 1 1 0.419882493673394 0.580117506326606 1
0 1 1 0.129989005458829 0.870010994541171 1
1 0 0 0.775302718964911 0.224697281035089 0
1 0 0 0.591392013080028 0.408607986919972 0
1 0 0 0.631614958498691 0.368385041501309 0
1 0 0 0.865225225406521 0.134774774593479 0
1 0 0 0.424166920074052 0.575833079925948 1
0 1 1 0.253398417333798 0.746601582666202 1
0 1 1 0.549416988904275 0.450583011095725 0
1 0 0 0.71550202420512 0.28449797579488 0
0 1 1 0.783750743248557 0.216249256751443 0
0 1 1 0.135492387660456 0.864507612339544 1
0 1 1 0.503073340526358 0.496926659473643 0
0 1 1 0.226768304659268 0.773231695340732 1
0 1 1 0.12247225379169 0.87752774620831 1
1 0 0 0.507648036685374 0.492351963314626 0
1 0 0 0.660797966744154 0.339202033255846 0
0 1 1 0.281963563677703 0.718036436322297 1
1 0 0 0.208454531994276 0.791545468005724 1
0 1 1 0.798121850017576 0.201878149982424 0
0 1 1 0.154832605375861 0.845167394624139 1
0 1 1 0.594228911501787 0.405771088498213 0
0 1 1 0.126521065130047 0.873478934869953 1
0 1 1 0.131189642972096 0.868810357027904 1
1 0 0 0.700303862332804 0.299696137667196 0
1 0 0 0.863864521381185 0.136135478618815 0
1 0 0 0.576018744960475 0.423981255039525 0
0 1 1 0.658566953367386 0.341433046632614 0
1 0 0 0.305415940213636 0.694584059786364 1
1 0 0 0.669053128048519 0.330946871951481 0
1 0 0 0.174957076693672 0.825042923306328 1
1 0 0 0.83302766693121 0.16697233306879 0
0 1 1 0.163025147793454 0.836974852206546 1
0 1 1 0.133772672526967 0.866227327473033 1
1 0 0 0.805207357193378 0.194792642806622 0
0 1 1 0.649759789023218 0.350240210976782 0
1 0 0 0.623608495071229 0.376391504928771 0
1 0 0 0.804777320025235 0.195222679974765 0
1 0 0 0.410329912933582 0.589670087066418 1
1 0 0 0.745324122531492 0.254675877468508 0
0 1 1 0.197495404886608 0.802504595113392 1
0 1 1 0.12411552359069 0.87588447640931 1
1 0 0 0.563257091224893 0.436742908775107 0
0 1 1 0.295549318979227 0.704450681020773 1
1 0 0 0.669107387490251 0.330892612509749 0
0 1 1 0.423532924302383 0.576467075697617 1
0 1 1 0.693855342806513 0.306144657193487 0
1 0 0 0.438954539988892 0.561045460011108 1
0 1 1 0.17113018539675 0.82886981460325 1
0 1 1 0.522119114543 0.477880885457 0
1 0 0 0.451920617313605 0.548079382686395 1
1 0 0 0.451223781702964 0.548776218297036 1
1 0 0 0.137212869609594 0.862787130390406 1
0 1 1 0.594200105448505 0.405799894551495 0
1 0 0 0.862061204617282 0.137938795382718 0
0 1 1 0.140531255012231 0.859468744987769 1
0 1 1 0.488647393976281 0.511352606023719 1
0 1 1 0.792835618272644 0.207164381727356 0
0 1 1 0.223498788362726 0.776501211637274 1
0 1 1 0.10516885837946 0.89483114162054 1
0 1 1 0.826410377992606 0.173589622007394 0
0 1 1 0.210284484401986 0.789715515598014 1
1 0 0 0.675783773049778 0.324216226950222 0
0 1 1 0.459498951418533 0.540501048581467 1
0 1 1 0.151856940659235 0.848143059340765 1
1 0 0 0.75300737016179 0.24699262983821 0
1 0 0 0.5524604322032 0.4475395677968 0
1 0 0 0.627280850325376 0.372719149674624 0
1 0 0 0.805206440266156 0.194793559733844 0
1 0 0 0.559916620636887 0.440083379363113 0
0 1 1 0.0963677961640634 0.903632203835936 1
1 0 0 0.806952708768651 0.193047291231349 0
1 0 0 0.760527414224687 0.239472585775313 0
0 1 1 0.297563938812264 0.702436061187736 1
1 0 0 0.521624752014867 0.478375247985133 0
0 1 1 0.277480274429441 0.722519725570559 1
1 0 0 0.710585504189041 0.289414495810959 0
1 0 0 0.27718203601658 0.72281796398342 1
1 0 0 0.87801547972368 0.12198452027632 0
0 1 1 0.128298530845171 0.871701469154829 1
1 0 0 0.581804155785736 0.418195844214264 0
1 0 0 0.23180181264636 0.76819818735364 1
0 1 1 0.132417015860833 0.867582984139167 1
0 1 1 0.124719091884352 0.875280908115648 1
0 1 1 0.658080240564292 0.341919759435708 0
1 0 0 0.17667476152425 0.82332523847575 1
1 0 0 0.5851123807684 0.4148876192316 0
0 1 1 0.380019502878746 0.619980497121254 1
1 0 0 0.512867861136609 0.487132138863391 0
1 0 0 0.78282438316289 0.21717561683711 0
0 1 1 0.166154077491686 0.833845922508314 1
1 0 0 0.82346788173767 0.17653211826233 0
0 1 1 0.224626988912794 0.775373011087206 1
1 0 0 0.771648049563825 0.228351950436175 0
1 0 0 0.211869833307572 0.788130166692428 1
0 1 1 0.458629823198474 0.541370176801526 1
1 0 0 0.672120715139315 0.327879284860685 0
1 0 0 0.885629545131836 0.114370454868164 0
1 0 0 0.812664766336336 0.187335233663664 0
0 1 1 0.155033419296457 0.844966580703543 1
1 0 0 0.788476168307163 0.211523831692837 0
1 0 0 0.776970473494254 0.223029526505746 0
0 1 1 0.496161376316737 0.503838623683263 1
0 1 1 0.493834503604631 0.506165496395369 1
0 1 1 0.273432190300078 0.726567809699922 1
1 0 0 0.863126805412262 0.136873194587738 0
0 1 1 0.111427772927229 0.888572227072771 1
1 0 0 0.839050690154205 0.160949309845795 0
1 0 0 0.588437667816424 0.411562332183576 0
1 0 0 0.630695140578183 0.369304859421817 0
0 1 1 0.335352679214555 0.664647320785445 1
1 0 0 0.305795075447959 0.694204924552041 1
1 0 0 0.851958217064776 0.148041782935224 0
0 1 1 0.131523377936992 0.868476622063008 1
0 1 1 0.332389833095041 0.667610166904959 1
1 0 0 0.299140652360146 0.700859347639854 1
0 1 1 0.139729977792006 0.860270022207994 1
1 0 0 0.676449764677158 0.323550235322842 0
1 0 0 0.404675208590107 0.595324791409893 1
1 0 0 0.69321371918082 0.30678628081918 0
0 1 1 0.144723325424611 0.855276674575389 1
1 0 0 0.69462851599114 0.30537148400886 0
0 1 1 0.261054887809785 0.738945112190215 1
0 1 1 0.744583096984104 0.255416903015897 0
0 1 1 0.318011302965987 0.681988697034013 1
1 0 0 0.796778952657961 0.203221047342039 0
1 0 0 0.668216983356776 0.331783016643224 0
1 0 0 0.811830560016154 0.188169439983846 0
1 0 0 0.847898137835113 0.152101862164887 0
1 0 0 0.645590575611992 0.354409424388008 0
1 0 0 0.856663879192556 0.143336120807444 0
0 1 1 0.478552127191901 0.521447872808099 1
0 1 1 0.236286834105005 0.763713165894995 1
1 0 0 0.477430421975247 0.522569578024753 1
0 1 1 0.839910492459061 0.160089507540939 0
0 1 1 0.320955268387712 0.679044731612288 1
1 0 0 0.635623623503835 0.364376376496165 0
1 0 0 0.885966653740766 0.114033346259234 0
1 0 0 0.804043937666433 0.195956062333567 0
0 1 1 0.184942617398541 0.815057382601459 1
1 0 0 0.849886385451509 0.150113614548491 0
0 1 1 0.120430399700465 0.879569600299535 1
1 0 0 0.843161127947808 0.156838872052191 0
0 1 1 0.143426254514482 0.856573745485518 1
1 0 0 0.833476666940973 0.166523333059027 0
0 1 1 0.345967749629186 0.654032250370814 1
1 0 0 0.834778034308324 0.165221965691676 0
0 1 1 0.222751809272341 0.777248190727659 1
1 0 0 0.788571124714151 0.211428875285849 0
1 0 0 0.874644406015372 0.125355593984628 0
1 0 0 0.618548033333584 0.381451966666416 0
1 0 0 0.780663343904977 0.219336656095023 0
1 0 0 0.581730413562044 0.418269586437956 0
0 1 1 0.0978298571259392 0.902170142874061 1
0 1 1 0.885650924400979 0.114349075599021 0
1 0 0 0.891185843020414 0.108814156979586 0
0 1 1 0.207162672202101 0.792837327797899 1
1 0 0 0.465227472294818 0.534772527705181 1
0 1 1 0.785468283422195 0.214531716577805 0
1 0 0 0.831015404238361 0.168984595761639 0
1 0 0 0.774049971380517 0.225950028619483 0
1 0 0 0.460461583146043 0.539538416853957 1
0 1 1 0.148200474904297 0.851799525095703 1
0 1 1 0.3095417789034 0.6904582210966 1
0 1 1 0.143719946052809 0.856280053947191 1
0 1 1 0.135009095131333 0.864990904868667 1
1 0 0 0.161959688949882 0.838040311050118 1
0 1 1 0.159076347897085 0.840923652102915 1
0 1 1 0.377592410029049 0.622407589970951 1
1 0 0 0.80424085476633 0.19575914523367 0
1 0 0 0.125788562255731 0.874211437744269 1
0 1 1 0.116352365746065 0.883647634253935 1
0 1 1 0.263332635606872 0.736667364393128 1
1 0 0 0.636577787314141 0.363422212685859 0
1 0 0 0.707557608166051 0.292442391833949 0
1 0 0 0.466127945437145 0.533872054562855 1
1 0 0 0.752203080494207 0.247796919505793 0
0 1 1 0.150171390905773 0.849828609094227 1
0 1 1 0.128699867529377 0.871300132470623 1
0 1 1 0.235210733859096 0.764789266140904 1
1 0 0 0.522053126424239 0.477946873575761 0
0 1 1 0.383878693163221 0.616121306836779 1
0 1 1 0.0986629857168782 0.901337014283122 1
1 0 0 0.232381414140443 0.767618585859557 1
1 0 0 0.367351143547113 0.632648856452887 1
0 1 1 0.15420259626644 0.84579740373356 1
0 1 1 0.249899289209465 0.750100710790535 1
0 1 1 0.142877122391951 0.857122877608049 1
0 1 1 0.479332087238009 0.520667912761991 1
0 1 1 0.16636585765307 0.83363414234693 1
1 0 0 0.57126171813295 0.42873828186705 0
1 0 0 0.279954720980596 0.720045279019404 1
1 0 0 0.531124551184803 0.468875448815197 0
0 1 1 0.132571602869541 0.867428397130459 1
1 0 0 0.817023675802447 0.182976324197553 0
1 0 0 0.811625983298404 0.188374016701596 0
0 1 1 0.182004736157554 0.817995263842446 1
0 1 1 0.259014183921846 0.740985816078154 1
0 1 1 0.504879649706953 0.495120350293047 0
0 1 1 0.754067444991336 0.245932555008664 0
1 0 0 0.344120706863548 0.655879293136452 1
0 1 1 0.0978097847777332 0.902190215222267 1
1 0 0 0.887739464163797 0.112260535836203 0
0 1 1 0.162100357700101 0.837899642299899 1
1 0 0 0.817664905703271 0.182335094296729 0
1 0 0 0.77212947040582 0.22787052959418 0
0 1 1 0.122990315301137 0.877009684698863 1
0 1 1 0.126601568363165 0.873398431636835 1
1 0 0 0.876242838946296 0.123757161053704 0
1 0 0 0.627405378441724 0.372594621558276 0
0 1 1 0.806539101210641 0.193460898789359 0
1 0 0 0.877101096927342 0.122898903072658 0
1 0 0 0.319934801467491 0.680065198532509 1
0 1 1 0.164819236587246 0.835180763412754 1
0 1 1 0.319900881095759 0.680099118904241 1
1 0 0 0.548650383513082 0.451349616486918 0
0 1 1 0.235078829119852 0.764921170880148 1
1 0 0 0.81395566452191 0.18604433547809 0
0 1 1 0.143130672578605 0.856869327421395 1
1 0 0 0.492598096699332 0.507401903300668 1
0 1 1 0.258696470391624 0.741303529608376 1
1 0 0 0.888164420328453 0.111835579671547 0
1 0 0 0.773202359759835 0.226797640240165 0
1 0 0 0.436877665348815 0.563122334651185 1
1 0 0 0.789493193116666 0.210506806883334 0
1 0 0 0.215974513542525 0.784025486457475 1
0 1 1 0.218967010414608 0.781032989585392 1
0 1 1 0.448411088483637 0.551588911516363 1
1 0 0 0.856979647203049 0.143020352796951 0
0 1 1 0.298148070890241 0.701851929109759 1
1 0 0 0.612904215417778 0.387095784582222 0
1 0 0 0.699217377594749 0.300782622405251 0
1 0 0 0.737472427567665 0.262527572432335 0
1 0 0 0.325002554800544 0.674997445199456 1
