0 1 1 0.120573353212882 0.879426646787117 1
1 0 0 0.81654350892093 0.18345649107907 0
1 0 0 0.491810587163968 0.508189412836032 1
1 0 0 0.760939705672896 0.239060294327104 0
1 0 0 0.498758298169957 0.501241701830043 1
1 0 0 0.671396570498599 0.328603429501401 0
0 1 1 0.117320936047132 0.882679063952868 1
1 0 0 0.737854674712839 0.262145325287161 0
1 0 0 0.613610985975492 0.386389014024508 0
0 1 1 0.124556527833627 0.875443472166373 1
1 0 0 0.470577525864757 0.529422474135243 1
1 0 0 0.826794714676159 0.173205285323841 0
0 1 1 0.392840355484494 0.607159644515506 1
1 0 0 0.826881616900151 0.173118383099849 0
1 0 0 0.795653242243185 0.204346757756815 0
1 0 0 0.830186070930061 0.169813929069939 0
0 1 1 0.637861410492425 0.362138589507575 0
1 0 0 0.834487372303867 0.165512627696133 0
0 1 1 0.740133372297198 0.259866627702802 0
1 0 0 0.779960108835028 0.220039891164972 0
1 0 0 0.520655355912152 0.479344644087848 0
1 0 0 0.855344584759945 0.144655415240055 0
0 1 1 0.861365781439262 0.138634218560738 0
0 1 1 0.185515388627877 0.814484611372123 1
0 1 1 0.124425098757037 0.875574901242963 1
0 1 1 0.151649059215421 0.848350940784579 1
0 1 1 0.149532656484335 0.850467343515665 1
0 1 1 0.532942363770283 0.467057636229717 0
0 1 1 0.73120621626725 0.26879378373275 0
1 0 0 0.228506650786002 0.771493349213997 1
1 0 0 0.880580282242545 0.119419717757455 0
0 1 1 0.470360798123181 0.529639201876819 1
1 0 0 0.78583389425267 0.21416610574733 0
1 0 0 0.248278436867644 0.751721563132356 1
1 0 0 0.695242088983986 0.304757911016014 0
1 0 0 0.551828651727956 0.448171348272044 0
0 1 1 0.180008764679958 0.819991235320042 1
1 0 0 0.813361433236619 0.186638566763381 0
0 1 1 0.121945894543685 0.878054105456315 1
1 0 0 0.491796546668204 0.508203453331796 1
0 1 1 0.167904857132072 0.832095142867928 1
0 1 1 0.12984977629499 0.87015022370501 1
0 1 1 0.0930533784571335 0.906946621542866 1
1 0 0 0.884442738400475 0.115557261599524 0
0 1 1 0.638343516008109 0.361656483991891 0
0 1 1 0.618942599393769 0.381057400606231 0
1 0 0 0.787299568329988 0.212700431670012 0
1 0 0 0.271337242007291 0.728662757992709 1
0 1 1 0.282752958664404 0.717247041335596 1
1 0 0 0.730918542639807 0.269081457360193 0
1 0 0 0.751702152479838 0.248297847520162 0
1 0 0 0.647212694591154 0.352787305408846 0
1 0 0 0.831125637244675 0.168874362755325 0
1 0 0 0.693637390982019 0.306362609017981 0
0 1 1 0.158971589083436 0.841028410916563 1
0 1 1 0.345796480972466 0.654203519027534 1
1 0 0 0.65749079401728 0.34250920598272 0
0 1 1 0.694174655988192 0.305825344011809 0
1 0 0 0.831236845314248 0.168763154685752 0
0 1 1 0.348437845568046 0.651562154431954 1
1 0 0 0.7833378395394 0.2166621604606 0
0 1 1 0.299254996637307 0.700745003362693 1
0 1 1 0.874556532219991 0.125443467780009 0
1 0 0 0.542108974775793 0.457891025224207 0
1 0 0 0.838017848780119 0.161982151219881 0
1 0 0 0.125775374272118 0.874224625727882 1
0 1 1 0.103347854268884 0.896652145731116 1
0 1 1 0.305237169177245 0.694762830822755 1
0 1 1 0.120001071908952 0.879998928091048 1
1 0 0 0.568279368534742 0.431720631465258 0
0 1 1 0.623950051693053 0.376049948306947 0
0 1 1 0.435197307174247 0.564802692825752 1
1 0 0 0.279948197430123 0.720051802569877 1
0 1 1 0.110752215070931 0.889247784929069 1
0 1 1 0.302775373944456 0.697224626055544 1
0 1 1 0.108525340405818 0.891474659594182 1
0 1 1 0.272215227152795 0.727784772847205 1
1 0 0 0.721591887300045 0.278408112699955 0
1 0 0 0.620877681404321 0.379122318595679 0
1 0 0 0.811916099305285 0.188083900694715 0
1 0 0 0.858267864118341 0.141732135881659 0
0 1 1 0.492342077820523 0.507657922179477 1
1 0 0 0.440715616267905 0.559284383732094 1
1 0 0 0.802482658749716 0.197517341250284 0
1 0 0 0.313213474091532 0.686786525908468 1
0 1 1 0.300706566440631 0.699293433559369 1
1 0 0 0.785988685340696 0.214011314659304 0
0 1 1 0.112966715634419 0.887033284365581 1
0 1 1 0.482955119882922 0.517044880117078 1
1 0 0 0.356926614524165 0.643073385475835 1
0 1 1 0.256764730081569 0.743235269918431 1
1 0 0 0.80337089283138 0.19662910716862 0
1 0 0 0.231263440043893 0.768736559956107 1
0 1 1 0.144957978343725 0.855042021656275 1
0 1 1 0.668697829638886 0.331302170361114 0
0 1 1 0.236682662585998 0.763317337414003 1
1 0 0 0.185743377132022 0.814256622867978 1
0 1 1 0.689757165615137 0.310242834384863 0
1 0 0 0.68624578186569 0.31375421813431 0
0 1 1 0.141161890324968 0.858838109675032 1
0 1 1 0.184455005444709 0.815544994555291 1
1 0 0 0.82257598021665 0.17742401978335 0
1 0 0 0.666592733877113 0.333407266122887 0
0 1 1 0.207290010921509 0.792709989078491 1
1 0 0 0.348636144773104 0.651363855226896 1
0 1 1 0.171174095274869 0.828825904725131 1
0 1 1 0.789399008563222 0.210600991436778 0
0 1 1 0.263934606279088 0.736065393720912 1
0 1 1 0.259422637234403 0.740577362765597 1
0 1 1 0.441448545871311 0.558551454128689 1
0 1 1 0.36411932076948 0.63588067923052 1
0 1 1 0.269330559996424 0.730669440003576 1
1 0 0 0.840256316875467 0.159743683124533 0
0 1 1 0.11137636350734 0.88862363649266 1
0 1 1 0.423128689530535 0.576871310469465 1
1 0 0 0.274488711041558 0.725511288958442 1
0 1 1 0.423457908036415 0.576542091963585 1
1 0 0 0.707948707628451 0.292051292371549 0
1 0 0 0.779943919998671 0.220056080001329 0
1 0 0 0.805895975564209 0.194104024435791 0
0 1 1 0.635528822485826 0.364471177514174 0
1 0 0 0.872218000726523 0.127781999273477 0
0 1 1 0.165128193283574 0.834871806716425 1
1 0 0 0.851708368869446 0.148291631130554 0
0 1 1 0.572469445046937 0.427530554953063 0
0 1 1 0.358008363122 0.641991636878 1
0 1 1 0.251461035146742 0.748538964853259 1
1 0 0 0.617184493888324 0.382815506111676 0
0 1 1 0.635267568590856 0.364732431409144 0
0 1 1 0.307315470674716 0.692684529325284 1
0 1 1 0.156325624445564 0.843674375554436 1
0 1 1 0.144872070009245 0.855127929990755 1
1 0 0 0.822207948202529 0.177792051797472 0
1 0 0 0.85276170226734 0.14723829773266 0
1 0 0 0.433244281358545 0.566755718641455 1
1 0 0 0.825029533974734 0.174970466025266 0
1 0 0 0.127898243544034 0.872101756455966 1
1 0 0 0.348114359329894 0.651885640670106 1
0 1 1 0.135349319256042 0.864650680743958 1
0 1 1 0.506183713542414 0.493816286457586 0
1 0 0 0.53797667618547 0.46202332381453 0
0 1 1 0.573859392762428 0.426140607237572 0
1 0 0 0.826413012950264 0.173586987049736 0
0 1 1 0.418399151372323 0.581600848627677 1
1 0 0 0.622044300624562 0.377955699375438 0
0 1 1 0.193372356227528 0.806627643772472 1
0 1 1 0.415174267420518 0.584825732579482 1
0 1 1 0.635410371043412 0.364589628956588 0
1 0 0 0.682738648654529 0.317261351345471 0
1 0 0 0.134126031759199 0.865873968240801 1
1 0 0 0.776378281237493 0.223621718762507 0
0 1 1 0.199326153181575 0.800673846818425 1
0 1 1 0.0960927282194805 0.90390727178052 1
1 0 0 0.573099616509585 0.426900383490414 0
1 0 0 0.591004178353327 0.408995821646673 0
0 1 1 0.164768233769915 0.835231766230085 1
0 1 1 0.0950364084233006 0.904963591576699 1
0 1 1 0.312199456345724 0.687800543654276 1
1 0 0 0.875963264208322 0.124036735791677 0
1 0 0 0.18386094194181 0.81613905805819 1
0 1 1 0.201372840923612 0.798627159076387 1
1 0 0 0.192399101751662 0.807600898248338 1
0 1 1 0.176483097502723 0.823516902497277 1
1 0 0 0.512953204857985 0.487046795142015 0
1 0 0 0.433476739799211 0.566523260200789 1
1 0 0 0.477597752029592 0.522402247970408 1
0 1 1 0.513547993530886 0.486452006469114 0
1 0 0 0.547444786745054 0.452555213254946 0
1 0 0 0.745493555074686 0.254506444925314 0
1 0 0 0.680733643737755 0.319266356262245 0
0 1 1 0.230390256675787 0.769609743324213 1
1 0 0 0.868110184410563 0.131889815589437 0
0 1 1 0.305218969949385 0.694781030050615 1
0 1 1 0.718352389699761 0.281647610300239 0
0 1 1 0.121014490214319 0.878985509785681 1
1 0 0 0.519793368741129 0.480206631258871 0
1 0 0 0.378558850090958 0.621441149909042 1
0 1 1 0.314191416865572 0.685808583134428 1
1 0 0 0.45455066125649 0.54544933874351 1
0 1 1 0.203381490100308 0.796618509899692 1
1 0 0 0.663508987182034 0.336491012817966 0
1 0 0 0.345965836898091 0.65403416310191 1
1 0 0 0.744625748638609 0.255374251361391 0
0 1 1 0.699584136283596 0.300415863716404 0
1 0 0 0.700650696112242 0.299349303887758 0
1 0 0 0.121331337458605 0.878668662541395 1
0 1 1 0.812878985745915 0.187121014254085 0
1 0 0 0.863508709576812 0.136491290423188 0
1 0 0 0.855319369943128 0.144680630056872 0
0 1 1 0.575972834928147 0.424027165071853 0
1 0 0 0.823970567780951 0.176029432219049 0
1 0 0 0.336590569896691 0.663409430103309 1
1 0 0 0.810942474744777 0.189057525255223 0
1 0 0 0.760518622990744 0.239481377009256 0
1 0 0 0.86390728015454 0.13609271984546 0
1 0 0 0.791683286505141 0.208316713494859 0
0 1 1 0.123084747167836 0.876915252832164 1
1 0 0 0.69495911510191 0.30504088489809 0
0 1 1 0.804339256909635 0.195660743090365 0
1 0 0 0.510155002793638 0.489844997206362 0
1 0 0 0.871406089578194 0.128593910421806 0
1 0 0 0.754446168313728 0.245553831686272 0
0 1 1 0.194271195490008 0.805728804509992 1
1 0 0 0.411245113326266 0.588754886673735 1
0 1 1 0.636975602114355 0.363024397885645 0
1 0 0 0.850804480241429 0.149195519758571 0
1 0 0 0.846403192885842 0.153596807114158 0
0 1 1 0.311837160336425 0.688162839663575 1
0 1 1 0.734464323367407 0.265535676632593 0
1 0 0 0.874905460707321 0.125094539292679 0
0 1 1 0.275354766052671 0.724645233947329 1
0 1 1 0.122377500122445 0.877622499877555 1
1 0 0 0.189395393860517 0.810604606139483 1
0 1 1 0.128855550657369 0.871144449342631 1
1 0 0 0.597253913727539 0.402746086272461 0
1 0 0 0.878442426142017 0.121557573857983 0
1 0 0 0.869005528716482 0.130994471283518 0
0 1 1 0.353864963303689 0.646135036696311 1
0 1 1 0.227612318193695 0.772387681806305 1
1 0 0 0.860619602668325 0.139380397331675 0
1 0 0 0.541832700176907 0.458167299823093 0
0 1 1 0.209169939176285 0.790830060823715 1
1 0 0 0.488579976204459 0.511420023795541 1
1 0 0 0.773567871025212 0.226432128974788 0
0 1 1 0.768637233585641 0.231362766414359 0
1 0 0 0.873924975840599 0.126075024159401 0
0 1 1 0.118445025090596 0.881554974909404 1
1 0 0 0.143520411365087 0.856479588634913 1
1 0 0 0.283047319884535 0.716952680115465 1
1 0 0 0.625504372469825 0.374495627530175 0
0 1 1 0.134327492705113 0.865672507294887 1
0 1 1 0.48837741679497 0.51162258320503 1
0 1 1 0.144371848109938 0.855628151890062 1
0 1 1 0.149700215678092 0.850299784321908 1
0 1 1 0.152465263295546 0.847534736704454 1
1 0 0 0.574138141382497 0.425861858617503 0
1 0 0 0.761367633764814 0.238632366235186 0
0 1 1 0.260174415823881 0.739825584176119 1
0 1 1 0.137604494796962 0.862395505203038 1
0 1 1 0.46585848730368 0.53414151269632 1
0 1 1 0.15055222978254 0.84944777021746 1
1 0 0 0.708045505023068 0.291954494976932 0
0 1 1 0.129517391040243 0.870482608959757 1
1 0 0 0.795762074457877 0.204237925542123 0
1 0 0 0.71152099163789 0.288479008362111 0
1 0 0 0.887389759175741 0.11261024082426 0
0 1 1 0.0934011270396714 0.906598872960329 1
1 0 0 0.883975258546042 0.116024741453958 0
0 1 1 0.147096559159825 0.852903440840175 1
0 1 1 0.507050668537382 0.492949331462618 0
1 0 0 0.784911193219898 0.215088806780102 0
0 1 1 0.139454198373958 0.860545801626042 1
1 0 0 0.788312771098941 0.211687228901059 0
0 1 1 0.326202950682505 0.673797049317495 1
0 1 1 0.119936937469292 0.880063062530708 1
0 1 1 0.825742719313585 0.174257280686415 0
1 0 0 0.829581162098164 0.170418837901836 0
1 0 0 0.545248372704082 0.454751627295918 0
1 0 0 0.21388219223837 0.78611780776163 1
1 0 0 0.811152934173408 0.188847065826592 0
0 1 1 0.192893755573648 0.807106244426352 1
0 1 1 0.432180483351913 0.567819516648087 1
0 1 1 0.28498103209833 0.71501896790167 1
1 0 0 0.481887069888295 0.518112930111705 1
0 1 1 0.289060354988964 0.710939645011036 1
1 0 0 0.122155991323151 0.877844008676849 1
1 0 0 0.527759170400916 0.472240829599083 0
0 1 1 0.212977943230433 0.787022056769567 1
1 0 0 0.864779356797627 0.135220643202373 0
0 1 1 0.489200292258669 0.510799707741331 1
0 1 1 0.388846415121221 0.611153584878779 1
1 0 0 0.871321198507907 0.128678801492092 0
1 0 0 0.275999169675134 0.724000830324866 1
1 0 0 0.224205298342396 0.775794701657604 1
0 1 1 0.403877895488531 0.596122104511469 1
1 0 0 0.824537950305953 0.175462049694047 0
0 1 1 0.21902846876892 0.78097153123108 1
1 0 0 0.890233965729081 0.109766034270919 0
0 1 1 0.737911346058811 0.262088653941189 0
1 0 0 0.617687422305241 0.382312577694759 0
0 1 1 0.789291275831995 0.210708724168005 0
0 1 1 0.12060590465164 0.87939409534836 1
0 1 1 0.427123253041364 0.572876746958636 1
0 1 1 0.317261674424072 0.682738325575928 1
1 0 0 0.118882831395725 0.881117168604275 1
0 1 1 0.219721198535371 0.780278801464629 1
0 1 1 0.266500944281736 0.733499055718264 1
1 0 0 0.872455733580476 0.127544266419525 0
1 0 0 0.266606208719574 0.733393791280426 1
0 1 1 0.109330900811187 0.890669099188813 1
1 0 0 0.848637953314421 0.151362046685579 0
1 0 0 0.880120817159707 0.119879182840293 0
0 1 1 0.333785882917075 0.666214117082925 1
1 0 0 0.57349000722058 0.42650999277942 0
1 0 0 0.877137477231952 0.122862522768048 0
1 0 0 0.744515416383901 0.255484583616099 0
1 0 0 0.320230544287325 0.679769455712675 1
0 1 1 0.211568644955156 0.788431355044844 1
0 1 1 0.258983711246585 0.741016288753415 1
1 0 0 0.825786563081783 0.174213436918217 0
1 0 0 0.880489481141821 0.119510518858179 0
0 1 1 0.88392061732763 0.11607938267237 0
1 0 0 0.827155793895741 0.172844206104259 0
1 0 0 0.119148193634435 0.880851806365564 1
0 1 1 0.181107326571937 0.818892673428063 1
1 0 0 0.537110528530834 0.462889471469166 0
1 0 0 0.751940641401902 0.248059358598098 0
1 0 0 0.281986101281971 0.718013898718029 1
0 1 1 0.28596498346529 0.71403501653471 1
0 1 1 0.40254849845291 0.59745150154709 1
1 0 0 0.463517263999112 0.536482736000888 1
0 1 1 0.75909124301478 0.24090875698522 0
1 0 0 0.784759265194069 0.215240734805931 0
0 1 1 0.189387727941621 0.810612272058379 1
1 0 0 0.856286621656129 0.143713378343871 0
0 1 1 0.682485416960583 0.317514583039417 0
0 1 1 0.233209120487987 0.766790879512013 1
0 1 1 0.129104022007944 0.870895977992056 1
1 0 0 0.745993279059618 0.254006720940382 0
1 0 0 0.815045358447637 0.184954641552363 0
0 1 1 0.324277157122716 0.675722842877285 1
0 1 1 0.106133401731564 0.893866598268436 1
1 0 0 0.248071888303205 0.751928111696795 1
0 1 1 0.586432593147531 0.413567406852469 0
1 0 0 0.842615222375749 0.157384777624251 0
1 0 0 0.87933990835141 0.12066009164859 0
0 1 1 0.119097603530131 0.880902396469869 1
0 1 1 0.132227924262876 0.867772075737124 1
0 1 1 0.163054467200303 0.836945532799697 1
1 0 0 0.786242174370537 0.213757825629463 0
0 1 1 0.484175243313607 0.515824756686393 1
0 1 1 0.461762707026105 0.538237292973895 1
1 0 0 0.269946978964218 0.730053021035782 1
1 0 0 0.48240374586356 0.51759625413644 1
0 1 1 0.66833615737406 0.33166384262594 0
1 0 0 0.683592646157788 0.316407353842212 0
1 0 0 0.870069164278545 0.129930835721455 0
0 1 1 0.285584155939137 0.714415844060863 1
0 1 1 0.178740468043969 0.821259531956031 1
1 0 0 0.85910305814563 0.14089694185437 0
1 0 0 0.498078359450165 0.501921640549835 1
0 1 1 0.150045602036402 0.849954397963598 1
1 0 0 0.874613634859302 0.125386365140698 0
0 1 1 0.659378124574926 0.340621875425074 0
0 1 1 0.134535127960708 0.865464872039292 1
1 0 0 0.751639619339989 0.248360380660011 0
0 1 1 0.27113556317472 0.72886443682528 1
1 0 0 0.723895028356473 0.276104971643527 0
0 1 1 0.185435117969345 0.814564882030655 1
1 0 0 0.869250603276689 0.130749396723311 0
0 1 1 0.345332253243664 0.654667746756337 1
1 0 0 0.348359048252499 0.651640951747501 1
1 0 0 0.863293056579514 0.136706943420486 0
1 0 0 0.741746728615726 0.258253271384274 0
0 1 1 0.602631002109889 0.397368997890111 0
0 1 1 0.194063955617388 0.805936044382612 1
1 0 0 0.888960040151985 0.111039959848015 0
1 0 0 0.621614838058322 0.378385161941678 0
0 1 1 0.210523908518451 0.789476091481549 1
0 1 1 0.137443132705044 0.862556867294956 1
0 1 1 0.701288821270334 0.298711178729666 0
1 0 0 0.86228169983675 0.13771830016325 0
1 0 0 0.847800964568607 0.152199035431393 0
0 1 1 0.139774889451166 0.860225110548834 1
0 1 1 0.146350659099544 0.853649340900456 1
0 1 1 0.331707261253491 0.668292738746509 1
0 1 1 0.160099801987342 0.839900198012658 1
0 1 1 0.672090534511771 0.327909465488229 0
0 1 1 0.858539176331314 0.141460823668686 0
0 1 1 0.760629852812149 0.239370147187851 0
1 0 0 0.504795647084833 0.495204352915167 0
1 0 0 0.397615860800309 0.602384139199691 1
0 1 1 0.199969810357863 0.800030189642137 1
1 0 0 0.74735177710209 0.25264822289791 0
1 0 0 0.790651020771191 0.209348979228809 0
1 0 0 0.719359346428137 0.280640653571863 0
0 1 1 0.854232194619038 0.145767805380962 0
1 0 0 0.854409416677492 0.145590583322508 0
0 1 1 0.171523631940895 0.828476368059105 1
0 1 1 0.785667916247221 0.214332083752779 0
0 1 1 0.0973462440813824 0.902653755918618 1
0 1 1 0.641786312002314 0.358213687997686 0
1 0 0 0.160768307781812 0.839231692218188 1
0 1 1 0.121928053525619 0.878071946474381 1
1 0 0 0.881526499566214 0.118473500433786 0
1 0 0 0.408279712460237 0.591720287539763 1
1 0 0 0.832868788428858 0.167131211571142 0
1 0 0 0.375036461740949 0.624963538259051 1
0 1 1 0.887004323158079 0.112995676841921 0
1 0 0 0.804890998788226 0.195109001211774 0
0 1 1 0.578921173531008 0.421078826468992 0
1 0 0 0.869722409379059 0.130277590620941 0
0 1 1 0.157801022753314 0.842198977246686 1
1 0 0 0.784402646334643 0.215597353665357 0
1 0 0 0.874052534663631 0.125947465336369 0
1 0 0 0.388407506130286 0.611592493869714 1
0 1 1 0.446813073616405 0.553186926383595 1
1 0 0 0.719124753349053 0.280875246650947 0
1 0 0 0.586595656985072 0.413404343014928 0
0 1 1 0.124576624768942 0.875423375231058 1
0 1 1 0.105400703203332 0.894599296796668 1
0 1 1 0.287242273384621 0.71275772661538 1
1 0 0 0.449622323955818 0.550377676044182 1
1 0 0 0.127457899132719 0.872542100867281 1
1 0 0 0.262895216617425 0.737104783382575 1
0 1 1 0.2435988423146 0.7564011576854 1
0 1 1 0.123661449860132 0.876338550139868 1
1 0 0 0.776545204331286 0.223454795668714 0
1 0 0 0.687162410309706 0.312837589690294 0
1 0 0 0.819337778043283 0.180662221956717 0
0 1 1 0.195998766297207 0.804001233702793 1
0 1 1 0.125344273942908 0.874655726057092 1
1 0 0 0.674423274868631 0.325576725131369 0
0 1 1 0.134531965449453 0.865468034550547 1
0 1 1 0.446660220689887 0.553339779310113 1
1 0 0 0.36495857401651 0.63504142598349 1
0 1 1 0.631118998673633 0.368881001326367 0
0 1 1 0.218818018482124 0.781181981517876 1
1 0 0 0.392762413208566 0.607237586791433 1
1 0 0 0.173903752727955 0.826096247272046 1
0 1 1 0.549273178452308 0.450726821547692 0
0 1 1 0.327087350393197 0.672912649606803 1
0 1 1 0.167275996267679 0.832724003732321 1
0 1 1 0.33894467084685 0.66105532915315 1
0 1 1 0.247083882262141 0.752916117737859 1
1 0 0 0.861576105583036 0.138423894416964 0
0 1 1 0.236619510220404 0.763380489779596 1
0 1 1 0.706081272812197 0.293918727187802 0
1 0 0 0.421886115409476 0.578113884590524 1
1 0 0 0.210603324254843 0.789396675745157 1
1 0 0 0.860468012782598 0.139531987217402 0
1 0 0 0.851095862201874 0.148904137798126 0
0 1 1 0.114766514917704 0.885233485082296 1
0 1 1 0.248962200349309 0.751037799650691 1
0 1 1 0.142815032257385 0.857184967742615 1
0 1 1 0.579530265412125 0.420469734587875 0
1 0 0 0.835154004091356 0.164845995908644 0
0 1 1 0.456372169618555 0.543627830381445 1
0 1 1 0.354036136475673 0.645963863524327 1
0 1 1 0.1148424762798 0.8851575237202 1
0 1 1 0.13485576857201 0.86514423142799 1
0 1 1 0.427300540410531 0.572699459589469 1
0 1 1 0.679603283648389 0.320396716351611 0
0 1 1 0.192712097880704 0.807287902119296 1
1 0 0 0.870229755118689 0.129770244881311 0
0 1 1 0.79191536424439 0.20808463575561 0
0 1 1 0.0985642786669276 0.901435721333072 1
0 1 1 0.587104010809827 0.412895989190173 0
0 1 1 0.610782151400392 0.389217848599608 0
1 0 0 0.463417355385094 0.536582644614906 1
1 0 0 0.420901048022178 0.579098951977822 1
0 1 1 0.882121248858443 0.117878751141557 0
1 0 0 0.557544105136524 0.442455894863476 0
1 0 0 0.667810203056329 0.332189796943671 0
0 1 1 0.1181651334078 0.881834866592199 1
0 1 1 0.332038335513002 0.667961664486998 1
0 1 1 0.288236897070366 0.711763102929634 1
1 0 0 0.72579366723139 0.27420633276861 0
1 0 0 0.787803787575337 0.212196212424663 0
1 0 0 0.887999390359246 0.112000609640754 0
1 0 0 0.49628929803975 0.50371070196025 1
0 1 1 0.254213787002845 0.745786212997155 1
0 1 1 0.196501366621993 0.803498633378007 1
0 1 1 0.472390874972724 0.527609125027276 1
0 1 1 0.353854425985132 0.646145574014868 1
1 0 0 0.838798976860729 0.161201023139271 0
1 0 0 0.839979389917999 0.160020610082001 0
0 1 1 0.104010004488438 0.895989995511562 1
0 1 1 0.124787358316675 0.875212641683325 1
1 0 0 0.752389108318636 0.247610891681364 0
1 0 0 0.79382040538592 0.20617959461408 0
1 0 0 0.483237359213366 0.516762640786634 1
1 0 0 0.141612668754982 0.858387331245018 1
1 0 0 0.8082656309432 0.1917343690568 0
0 1 1 0.123110306535311 0.876889693464689 1
1 0 0 0.828042933776998 0.171957066223002 0
1 0 0 0.87108113326342 0.12891886673658 0
0 1 1 0.591133546400688 0.408866453599312 0
0 1 1 0.274080607833804 0.725919392166196 1
1 0 0 0.835658466408409 0.16434153359159 0
0 1 1 0.235875690266258 0.764124309733742 1
1 0 0 0.858606977562813 0.141393022437186 0
1 0 0 0.732354102241574 0.267645897758426 0
1 0 0 0.827028965206345 0.172971034793655 0
0 1 1 0.692990334029619 0.307009665970381 0
0 1 1 0.682278178019233 0.317721821980767 0
1 0 0 0.852527661809809 0.147472338190191 0
0 1 1 0.678065021141883 0.321934978858117 0
1 0 0 0.871395991622063 0.128604008377937 0
0 1 1 0.314470694955209 0.685529305044791 1
1 0 0 0.184658983552919 0.815341016447081 1
1 0 0 0.870564364619577 0.129435635380423 0
0 1 1 0.191700617106749 0.808299382893251 1
1 0 0 0.822882556265443 0.177117443734557 0
0 1 1 0.165826304462048 0.834173695537952 1
1 0 0 0.7718862032542 0.2281137967458 0
1 0 0 0.312985827002896 0.687014172997104 1
1 0 0 0.862417292932973 0.137582707067027 0
1 0 0 0.774600000561487 0.225399999438513 0
1 0 0 0.867234959652248 0.132765040347753 0
1 0 0 0.54397908940801 0.45602091059199 0
1 0 0 0.469948865999435 0.530051134000565 1
1 0 0 0.793940906669642 0.206059093330358 0
0 1 1 0.220617183273268 0.779382816726732 1
1 0 0 0.89227119042068 0.10772880957932 0
1 0 0 0.198863740801171 0.801136259198829 1
1 0 0 0.754858755010538 0.245141244989462 0
0 1 1 0.295499358752891 0.704500641247109 1
0 1 1 0.585669128216795 0.414330871783205 0
1 0 0 0.391881692183546 0.608118307816454 1
0 1 1 0.251189944546139 0.748810055453861 1
0 1 1 0.440686157732422 0.559313842267578 1
1 0 0 0.864231972648469 0.135768027351531 0
1 0 0 0.110695379691942 0.889304620308058 1
0 1 1 0.470953906639949 0.529046093360051 1
1 0 0 0.868147722393257 0.131852277606743 0
0 1 1 0.104807620653701 0.895192379346299 1
1 0 0 0.879556659634671 0.120443340365329 0
0 1 1 0.523442230669952 0.476557769330048 0
0 1 1 0.853634632059452 0.146365367940548 0
0 1 1 0.797583744510246 0.202416255489754 0
0 1 1 0.159857819695753 0.840142180304247 1
0 1 1 0.537713057361634 0.462286942638366 0
0 1 1 0.197510968622366 0.802489031377634 1
1 0 0 0.555714272893476 0.444285727106524 0
0 1 1 0.0962960509426544 0.903703949057346 1
0 1 1 0.725688283090291 0.274311716909709 0
0 1 1 0.215035805431321 0.784964194568679 1
1 0 0 0.671133659675215 0.328866340324785 0
1 0 0 0.513471631306033 0.486528368693967 0
0 1 1 0.208902816520659 0.791097183479341 1
0 1 1 0.695476906655209 0.304523093344791 0
0 1 1 0.145785816197109 0.854214183802891 1
1 0 0 0.786988187841383 0.213011812158617 0
1 0 0 0.741791682332763 0.258208317667237 0
0 1 1 0.688147651761391 0.311852348238609 0
0 1 1 0.196463012142828 0.803536987857172 1
0 1 1 0.120765424745237 0.879234575254763 1
0 1 1 0.113905244124695 0.886094755875305 1
0 1 1 0.319521620612235 0.680478379387765 1
1 0 0 0.824034011217908 0.175965988782092 0
0 1 1 0.392003794619889 0.607996205380111 1
1 0 0 0.822721248337522 0.177278751662478 0
1 0 0 0.351702534076123 0.648297465923877 1
0 1 1 0.65242769710377 0.34757230289623 0
0 1 1 0.162840297471322 0.837159702528678 1
1 0 0 0.77698022177329 0.22301977822671 0
0 1 1 0.176753224788356 0.823246775211644 1
0 1 1 0.143559259213348 0.856440740786652 1
0 1 1 0.230067968838472 0.769932031161528 1
0 1 1 0.711145023667442 0.288854976332558 0
1 0 0 0.436386381912501 0.563613618087499 1
1 0 0 0.754443721853956 0.245556278146044 0
1 0 0 0.796072893707067 0.203927106292933 0
0 1 1 0.693717058836335 0.306282941163665 0
0 1 1 0.145748193509932 0.854251806490067 1
0 1 1 0.151325995925173 0.848674004074827 1
0 1 1 0.717680486508141 0.282319513491859 0
1 0 0 0.747020367121925 0.252979632878075 0
1 0 0 0.812912836761869 0.187087163238131 0
1 0 0 0.415937261902961 0.584062738097039 1
0 1 1 0.191768071584518 0.808231928415482 1
1 0 0 0.253398619708491 0.746601380291509 1
1 0 0 0.836325159686898 0.163674840313102 0
1 0 0 0.602216825870961 0.397783174129038 0
0 1 1 0.164564276190064 0.835435723809936 1
0 1 1 0.222028187251562 0.777971812748438 1
1 0 0 0.458629954502357 0.541370045497643 1
0 1 1 0.143909999507633 0.856090000492367 1
1 0 0 0.780457392587354 0.219542607412646 0
1 0 0 0.854457679453404 0.145542320546596 0
1 0 0 0.514474323985714 0.485525676014286 0
0 1 1 0.578037325652965 0.421962674347035 0
1 0 0 0.858427350651729 0.141572649348271 0
0 1 1 0.7590882001143 0.2409117998857 0
0 1 1 0.167412082630485 0.832587917369515 1
1 0 0 0.832711326692127 0.167288673307873 0
0 1 1 0.40589374386021 0.59410625613979 1
0 1 1 0.0956133456214278 0.904386654378572 1
1 0 0 0.328527193821636 0.671472806178364 1
1 0 0 0.589907647192159 0.410092352807841 0
1 0 0 0.819861577510216 0.180138422489784 0
1 0 0 0.46318278133833 0.53681721866167 1
1 0 0 0.848946104043999 0.151053895956001 0
0 1 1 0.38993363502918 0.61006636497082 1
1 0 0 0.540875022794026 0.459124977205974 0
0 1 1 0.211252432844766 0.788747567155234 1
1 0 0 0.84132694210885 0.15867305789115 0
0 1 1 0.271506497323246 0.728493502676754 1
1 0 0 0.838943215020164 0.161056784979836 0
0 1 1 0.676424392891586 0.323575607108414 0
1 0 0 0.84367878914337 0.15632121085663 0
1 0 0 0.847428139578012 0.152571860421987 0
1 0 0 0.805849859563807 0.194150140436193 0
1 0 0 0.872715223962578 0.127284776037422 0
1 0 0 0.840246099493016 0.159753900506984 0
0 1 1 0.658003325097811 0.341996674902189 0
1 0 0 0.828195180713363 0.171804819286637 0
0 1 1 0.564430935543783 0.435569064456217 0
0 1 1 0.50338011246693 0.49661988753307 0
1 0 0 0.674393215715988 0.325606784284012 0
1 0 0 0.525092482600403 0.474907517399597 0
1 0 0 0.369945524690324 0.630054475309676 1
0 1 1 0.115436772148583 0.884563227851417 1
1 0 0 0.26826880819864 0.73173119180136 1
0 1 1 0.273694725154044 0.726305274845956 1
0 1 1 0.733978676572858 0.266021323427142 0
1 0 0 0.582764581608162 0.417235418391838 0
0 1 1 0.21880477362351 0.78119522637649 1
1 0 0 0.738763724686562 0.261236275313438 0
1 0 0 0.827838234261275 0.172161765738725 0
0 1 1 0.779422520371882 0.220577479628118 0
1 0 0 0.877512913196159 0.122487086803842 0
1 0 0 0.135252636457136 0.864747363542864 1
1 0 0 0.41992834681427 0.58007165318573 1
1 0 0 0.740559661948117 0.259440338051883 0
0 1 1 0.106473449159724 0.893526550840276 1
0 1 1 0.124728392454587 0.875271607545413 1
0 1 1 0.27824148183113 0.72175851816887 1
0 1 1 0.470340181784057 0.529659818215943 1
0 1 1 0.462347867228105 0.537652132771895 1
1 0 0 0.699677830364218 0.300322169635782 0
0 1 1 0.551203638478331 0.448796361521669 0
1 0 0 0.741856039460137 0.258143960539863 0
1 0 0 0.870889792769849 0.129110207230151 0
0 1 1 0.229372094953712 0.770627905046288 1
1 0 0 0.598652620751388 0.401347379248612 0
0 1 1 0.107996380392561 0.892003619607439 1
0 1 1 0.265601413435641 0.734398586564359 1
0 1 1 0.78069168140645 0.21930831859355 0
1 0 0 0.847765710473244 0.152234289526756 0
0 1 1 0.56723211058603 0.43276788941397 0
0 1 1 0.382742069952906 0.617257930047094 1
0 1 1 0.673132670134897 0.326867329865104 0
0 1 1 0.224053649176176 0.775946350823824 1
0 1 1 0.34649847325797 0.65350152674203 1
1 0 0 0.381532250443759 0.618467749556241 1
0 1 1 0.652760416667201 0.347239583332799 0
1 0 0 0.166234521673882 0.833765478326118 1
0 1 1 0.199063702959063 0.800936297040937 1
1 0 0 0.549066990866246 0.450933009133754 0
0 1 1 0.252399137232831 0.747600862767169 1
1 0 0 0.231996748606576 0.768003251393424 1
0 1 1 0.495546293689046 0.504453706310954 1
1 0 0 0.740113213405639 0.259886786594361 0
0 1 1 0.206964596809371 0.793035403190629 1
1 0 0 0.560284999759278 0.439715000240722 0
0 1 1 0.144886363545804 0.855113636454196 1
1 0 0 0.118168102233756 0.881831897766244 1
1 0 0 0.639358002007794 0.360641997992206 0
0 1 1 0.0922657446015085 0.907734255398491 1
0 1 1 0.342252256372266 0.657747743627734 1
1 0 0 0.674181184286491 0.325818815713509 0
1 0 0 0.520988843192973 0.479011156807027 0
1 0 0 0.787498186081027 0.212501813918973 0
1 0 0 0.239091965280319 0.760908034719681 1
1 0 0 0.828518967579811 0.171481032420189 0
0 1 1 0.414518379954364 0.585481620045636 1
0 1 1 0.149729804472184 0.850270195527816 1
0 1 1 0.555745769103784 0.444254230896216 0
1 0 0 0.870701230694158 0.129298769305842 0
1 0 0 0.342189773676862 0.657810226323138 1
1 0 0 0.665068696046125 0.334931303953875 0
1 0 0 0.764461569335442 0.235538430664558 0
1 0 0 0.826301186025783 0.173698813974217 0
0 1 1 0.106854582938549 0.893145417061451 1
0 1 1 0.718132562296766 0.281867437703234 0
1 0 0 0.654624377833882 0.345375622166118 0
1 0 0 0.622698759245834 0.377301240754166 0
1 0 0 0.486857179146748 0.513142820853252 1
1 0 0 0.81753647701025 0.18246352298975 0
1 0 0 0.794909259305666 0.205090740694334 0
0 1 1 0.267790168935269 0.732209831064731 1
0 1 1 0.119249362718867 0.880750637281133 1
1 0 0 0.809469762153034 0.190530237846966 0
1 0 0 0.483684588574699 0.516315411425301 1
0 1 1 0.814148291345583 0.185851708654416 0
0 1 1 0.151531879843019 0.848468120156981 1
1 0 0 0.473954539051247 0.526045460948753 1
0 1 1 0.422954798989498 0.577045201010503 1
0 1 1 0.626715661515518 0.373284338484482 0
1 0 0 0.835974737996829 0.164025262003171 0
0 1 1 0.0946083023293014 0.905391697670698 1
0 1 1 0.1197207720756 0.8802792279244 1
1 0 0 0.590239801175106 0.409760198824894 0
1 0 0 0.841752545295668 0.158247454704332 0
0 1 1 0.116120984164737 0.883879015835264 1
0 1 1 0.215607839266545 0.784392160733455 1
1 0 0 0.751068183720843 0.248931816279157 0
1 0 0 0.8504097882077 0.1495902117923 0
0 1 1 0.219458459000109 0.780541540999891 1
1 0 0 0.764038295091456 0.235961704908544 0
0 1 1 0.123551647812988 0.876448352187012 1
1 0 0 0.62361025707835 0.37638974292165 0
1 0 0 0.81405369391833 0.18594630608167 0
1 0 0 0.755209731503216 0.244790268496784 0
1 0 0 0.830785871201556 0.169214128798444 0
0 1 1 0.270796228666452 0.729203771333548 1
1 0 0 0.743155432624142 0.256844567375858 0
1 0 0 0.826248939083629 0.173751060916372 0
0 1 1 0.502560161260072 0.497439838739928 0
0 1 1 0.157552787934739 0.842447212065261 1
0 1 1 0.361964230558047 0.638035769441953 1
1 0 0 0.747046727524804 0.252953272475196 0
0 1 1 0.153925472332691 0.846074527667309 1
1 0 0 0.832869578244461 0.167130421755539 0
1 0 0 0.570264933927525 0.429735066072475 0
0 1 1 0.842867182116125 0.157132817883875 0
0 1 1 0.583280023099735 0.416719976900265 0
0 1 1 0.0972684754347342 0.902731524565266 1
1 0 0 0.833886788386404 0.166113211613596 0
0 1 1 0.262015112030213 0.737984887969787 1
0 1 1 0.286212673021841 0.713787326978159 1
1 0 0 0.805375601634461 0.194624398365539 0
0 1 1 0.20460396687665 0.79539603312335 1
0 1 1 0.103143725748926 0.896856274251074 1
1 0 0 0.845585746580233 0.154414253419767 0
1 0 0 0.844896108016158 0.155103891983842 0
0 1 1 0.186190247775791 0.813809752224209 1
0 1 1 0.102625711507899 0.897374288492101 1
1 0 0 0.706108741041776 0.293891258958224 0
1 0 0 0.346362502066191 0.653637497933809 1
1 0 0 0.806510668624041 0.193489331375959 0
0 1 1 0.164531165406195 0.835468834593805 1
0 1 1 0.221712811365073 0.778287188634927 1
1 0 0 0.820837714782594 0.179162285217406 0
0 1 1 0.239663630417861 0.760336369582139 1
0 1 1 0.147415031669535 0.852584968330465 1
0 1 1 0.129470398612446 0.870529601387554 1
0 1 1 0.14442613597885 0.85557386402115 1
1 0 0 0.280884643595592 0.719115356404408 1
1 0 0 0.805371880243386 0.194628119756614 0
0 1 1 0.120680262832071 0.879319737167929 1
0 1 1 0.134515365852572 0.865484634147428 1
0 1 1 0.241853309577099 0.758146690422901 1
1 0 0 0.740514202520678 0.259485797479322 0
0 1 1 0.273933731907345 0.726066268092655 1
0 1 1 0.266110055757715 0.733889944242285 1
1 0 0 0.797531672026166 0.202468327973834 0
1 0 0 0.576536731158744 0.423463268841256 0
1 0 0 0.882835754316403 0.117164245683597 0
1 0 0 0.837609502956048 0.162390497043952 0
0 1 1 0.171771514745004 0.828228485254996 1
0 1 1 0.110416881177814 0.889583118822186 1
0 1 1 0.299495832688007 0.700504167311993 1
1 0 0 0.553927331179558 0.446072668820442 0
0 1 1 0.19820025622462 0.80179974377538 1
1 0 0 0.433333517412036 0.566666482587963 1
0 1 1 0.706789871680915 0.293210128319085 0
0 1 1 0.161840755562389 0.838159244437611 1
0 1 1 0.260413336258107 0.739586663741894 1
0 1 1 0.686233850990152 0.313766149009848 0
0 1 1 0.138107656180063 0.861892343819937 1
1 0 0 0.534712144981941 0.465287855018059 0
0 1 1 0.649607806514574 0.350392193485427 0
0 1 1 0.81579036555806 0.18420963444194 0
1 0 0 0.712524819963043 0.287475180036957 0
0 1 1 0.270693894717741 0.729306105282259 1
1 0 0 0.867157783383785 0.132842216616215 0
1 0 0 0.835077790247603 0.164922209752397 0
1 0 0 0.71329994859039 0.28670005140961 0
0 1 1 0.45089574023056 0.54910425976944 1
0 1 1 0.168365203268419 0.831634796731581 1
0 1 1 0.202852050742521 0.797147949257479 1
1 0 0 0.839530306297362 0.160469693702638 0
0 1 1 0.39026520778476 0.60973479221524 1
0 1 1 0.500740566578577 0.499259433421423 0
0 1 1 0.445964182221609 0.554035817778391 1
1 0 0 0.459006445547989 0.540993554452011 1
1 0 0 0.867622296558184 0.132377703441816 0
1 0 0 0.606280290990175 0.393719709009825 0
0 1 1 0.780788971150434 0.219211028849566 0
1 0 0 0.869716959800199 0.130283040199801 0
0 1 1 0.179653369560609 0.820346630439391 1
1 0 0 0.312427646096476 0.687572353903524 1
0 1 1 0.182572040984206 0.817427959015794 1
1 0 0 0.760596743951417 0.239403256048583 0
0 1 1 0.284395161977975 0.715604838022025 1
0 1 1 0.181352777934773 0.818647222065227 1
1 0 0 0.236340999174468 0.763659000825532 1
1 0 0 0.803691855854271 0.196308144145729 0
0 1 1 0.339557308963819 0.660442691036181 1
1 0 0 0.857021468348494 0.142978531651506 0
0 1 1 0.817324835889833 0.182675164110167 0
0 1 1 0.68174687307227 0.31825312692773 0
0 1 1 0.468479845692348 0.531520154307652 1
1 0 0 0.662727348364916 0.337272651635084 0
0 1 1 0.17735149114525 0.82264850885475 1
0 1 1 0.273658362348734 0.726341637651266 1
1 0 0 0.80660345475093 0.19339654524907 0
1 0 0 0.655498893270447 0.344501106729553 0
0 1 1 0.183744891613519 0.816255108386481 1
1 0 0 0.819738288877026 0.180261711122974 0
0 1 1 0.22582189630008 0.77417810369992 1
1 0 0 0.760608832917364 0.239391167082636 0
1 0 0 0.869578040915633 0.130421959084367 0
1 0 0 0.286074846353818 0.713925153646182 1
0 1 1 0.192255259497824 0.807744740502176 1
0 1 1 0.117536168341951 0.882463831658049 1
0 1 1 0.357292187230607 0.642707812769393 1
0 1 1 0.709539350414532 0.290460649585468 0
0 1 1 0.598681077306381 0.401318922693619 0
0 1 1 0.878933109602273 0.121066890397727 0
1 0 0 0.18365856630132 0.81634143369868 1
0 1 1 0.134959224190397 0.865040775809603 1
1 0 0 0.826615334684594 0.173384665315406 0
0 1 1 0.577032881273144 0.422967118726856 0
1 0 0 0.753312465775204 0.246687534224796 0
0 1 1 0.212805515400966 0.787194484599034 1
0 1 1 0.276968012262083 0.723031987737917 1
0 1 1 0.553864946226866 0.446135053773134 0
0 1 1 0.108931464152067 0.891068535847933 1
0 1 1 0.277658136016816 0.722341863983184 1
1 0 0 0.739565501248148 0.260434498751852 0
1 0 0 0.216195205208591 0.783804794791409 1
1 0 0 0.352407864946664 0.647592135053336 1
0 1 1 0.712044747095318 0.287955252904682 0
1 0 0 0.79288858985614 0.20711141014386 0
1 0 0 0.872810095712636 0.127189904287364 0
0 1 1 0.10084184902343 0.89915815097657 1
1 0 0 0.875124854610748 0.124875145389252 0
1 0 0 0.815878885203213 0.184121114796787 0
1 0 0 0.731984861164408 0.268015138835592 0
1 0 0 0.563750023682633 0.436249976317367 0
1 0 0 0.101380392366463 0.898619607633537 1
1 0 0 0.877305289118052 0.122694710881948 0
0 1 1 0.493477226727794 0.506522773272206 1
0 1 1 0.126887480599114 0.873112519400886 1
1 0 0 0.776732231993207 0.223267768006793 0
0 1 1 0.282358603571321 0.717641396428679 1
1 0 0 0.812978382652934 0.187021617347066 0
1 0 0 0.570231221153897 0.429768778846103 0
0 1 1 0.183581958291529 0.816418041708471 1
0 1 1 0.104999903926737 0.895000096073263 1
1 0 0 0.874342513205231 0.125657486794769 0
1 0 0 0.417955943215803 0.582044056784197 1
1 0 0 0.801504235884092 0.198495764115908 0
0 1 1 0.15934266703887 0.84065733296113 1
1 0 0 0.20715129013474 0.79284870986526 1
1 0 0 0.727270455660343 0.272729544339657 0
0 1 1 0.260934480419829 0.739065519580171 1
0 1 1 0.129658830444837 0.870341169555163 1
0 1 1 0.271077102584178 0.728922897415822 1
1 0 0 0.793604103838267 0.206395896161733 0
0 1 1 0.110333027845529 0.889666972154471 1
1 0 0 0.199308224400105 0.800691775599895 1
1 0 0 0.835837344820879 0.164162655179121 0
1 0 0 0.884658132410528 0.115341867589472 0
1 0 0 0.682015560269425 0.317984439730575 0
1 0 0 0.592876128759413 0.407123871240587 0
1 0 0 0.723112517380804 0.276887482619196 0
1 0 0 0.842434650099247 0.157565349900753 0
0 1 1 0.875298308152304 0.124701691847696 0
1 0 0 0.658621505419036 0.341378494580964 0
1 0 0 0.671788809202254 0.328211190797746 0
0 1 1 0.717403215374654 0.282596784625346 0
1 0 0 0.8198364172886 0.1801635827114 0
1 0 0 0.739177452470336 0.260822547529664 0
1 0 0 0.738868685068714 0.261131314931286 0
1 0 0 0.664921992319574 0.335078007680426 0
0 1 1 0.622358877098201 0.377641122901799 0
0 1 1 0.19658980346186 0.80341019653814 1
0 1 1 0.757870408413245 0.242129591586755 0
1 0 0 0.438941287099221 0.561058712900779 1
0 1 1 0.196813237052858 0.803186762947142 1
1 0 0 0.847622731206997 0.152377268793003 0
0 1 1 0.294294720594838 0.705705279405163 1
1 0 0 0.658762272342924 0.341237727657076 0
0 1 1 0.64017357279973 0.35982642720027 0
1 0 0 0.830018557214891 0.169981442785109 0
0 1 1 0.263535485988689 0.736464514011311 1
0 1 1 0.485131372417858 0.514868627582142 1
1 0 0 0.573377730865803 0.426622269134197 0
0 1 1 0.10585505509776 0.89414494490224 1
0 1 1 0.176322537036305 0.823677462963695 1
0 1 1 0.150605667459452 0.849394332540548 1
1 0 0 0.275935953230698 0.724064046769302 1
0 1 1 0.26119816104378 0.738801838956221 1
1 0 0 0.653395460294577 0.346604539705422 0
0 1 1 0.13838226930312 0.86161773069688 1
0 1 1 0.129438973196209 0.870561026803791 1
0 1 1 0.473085895586396 0.526914104413604 1
1 0 0 0.846453242330824 0.153546757669176 0
1 0 0 0.870129709547054 0.129870290452946 0
0 1 1 0.198752638225949 0.801247361774051 1
1 0 0 0.862342141527977 0.137657858472023 0
1 0 0 0.870295614094752 0.129704385905248 0
1 0 0 0.354726501359737 0.645273498640263 1
1 0 0 0.684758500804683 0.315241499195317 0
0 1 1 0.869263528307426 0.130736471692574 0
0 1 1 0.103732528559336 0.896267471440664 1
1 0 0 0.443814446494643 0.556185553505357 1
0 1 1 0.156767269912342 0.843232730087658 1
1 0 0 0.654340698988684 0.345659301011316 0
1 0 0 0.349080598869302 0.650919401130698 1
1 0 0 0.850956039603013 0.149043960396987 0
0 1 1 0.648856072797503 0.351143927202497 0
1 0 0 0.602879739081725 0.397120260918275 0
0 1 1 0.432605112581925 0.567394887418075 1
1 0 0 0.877727954111863 0.122272045888137 0
1 0 0 0.468133615166187 0.531866384833813 1
1 0 0 0.291548164381497 0.708451835618503 1
1 0 0 0.844304368859087 0.155695631140913 0
1 0 0 0.255497509621672 0.744502490378328 1
0 1 1 0.233520032942529 0.766479967057471 1
0 1 1 0.566568120398416 0.433431879601584 0
0 1 1 0.279861835634413 0.720138164365588 1
1 0 0 0.624059827684371 0.375940172315629 0
0 1 1 0.762221935985154 0.237778064014846 0
1 0 0 0.47708915579555 0.52291084420445 1
1 0 0 0.829762784959328 0.170237215040672 0
1 0 0 0.581281272610533 0.418718727389467 0
1 0 0 0.689673151661747 0.310326848338253 0
0 1 1 0.156871696488062 0.843128303511938 1
1 0 0 0.850355033094342 0.149644966905658 0
1 0 0 0.696379976581751 0.303620023418249 0
1 0 0 0.884296954854866 0.115703045145134 0
0 1 1 0.797362882607798 0.202637117392202 0
0 1 1 0.383509003089137 0.616490996910863 1
0 1 1 0.151237973661098 0.848762026338902 1
1 0 0 0.840763938031722 0.159236061968278 0
1 0 0 0.322080918905967 0.677919081094033 1
1 0 0 0.850639875760991 0.149360124239009 0
1 0 0 0.417105014181355 0.582894985818645 1
0 1 1 0.110996959115309 0.889003040884691 1
0 1 1 0.169759547597405 0.830240452402595 1
0 1 1 0.308460717361155 0.691539282638845 1
1 0 0 0.674958768046342 0.325041231953658 0
0 1 1 0.254004614243326 0.745995385756674 1
0 1 1 0.124241733009387 0.875758266990613 1
0 1 1 0.613772629652249 0.386227370347751 0
0 1 1 0.213633657728934 0.786366342271066 1
1 0 0 0.786232242068812 0.213767757931188 0
0 1 1 0.886101353573495 0.113898646426505 0
0 1 1 0.775798019692944 0.224201980307056 0
0 1 1 0.504705820978986 0.495294179021014 0
1 0 0 0.214133158974675 0.785866841025325 1
0 1 1 0.599168513136728 0.400831486863272 0
1 0 0 0.407972478529045 0.592027521470955 1
1 0 0 0.488820473098859 0.511179526901141 1
1 0 0 0.831282909867738 0.168717090132262 0
1 0 0 0.72572086906226 0.27427913093774 0
1 0 0 0.703937576281205 0.296062423718795 0
1 0 0 0.702710468275161 0.297289531724839 0
0 1 1 0.758885657312748 0.241114342687252 0
0 1 1 0.11363268100191 0.88636731899809 1
0 1 1 0.282633267628733 0.717366732371267 1
1 0 0 0.732504737019966 0.267495262980034 0
1 0 0 0.330968708378115 0.669031291621885 1
1 0 0 0.881254361585393 0.118745638414607 0
0 1 1 0.132558087793348 0.867441912206651 1
0 1 1 0.574401352864559 0.425598647135441 0
1 0 0 0.844228641202896 0.155771358797104 0
1 0 0 0.434508039479625 0.565491960520375 1
0 1 1 0.436177007411542 0.563822992588459 1
0 1 1 0.126656399800175 0.873343600199825 1
0 1 1 0.13353852600585 0.86646147399415 1
0 1 1 0.194462788895853 0.805537211104146 1
0 1 1 0.147344360852944 0.852655639147056 1
1 0 0 0.52567278474209 0.47432721525791 0
1 0 0 0.638522926192956 0.361477073807044 0
1 0 0 0.620109292796834 0.379890707203166 0
1 0 0 0.329852111539611 0.670147888460389 1
0 1 1 0.267564035842972 0.732435964157028 1
1 0 0 0.122632580347837 0.877367419652164 1
0 1 1 0.149473681370086 0.850526318629914 1
1 0 0 0.730309493119867 0.269690506880133 0
1 0 0 0.831546105071631 0.168453894928369 0
0 1 1 0.30179571772203 0.69820428227797 1
1 0 0 0.695990296289241 0.304009703710759 0
0 1 1 0.483473016710367 0.516526983289633 1
1 0 0 0.685256071136621 0.314743928863378 0
0 1 1 0.54264858553683 0.45735141446317 0
0 1 1 0.461082618936285 0.538917381063715 1
0 1 1 0.517027799566297 0.482972200433703 0
0 1 1 0.275736235375457 0.724263764624543 1
1 0 0 0.836259057045425 0.163740942954575 0
1 0 0 0.868060568934409 0.131939431065591 0
0 1 1 0.129705074616534 0.870294925383466 1
0 1 1 0.275005753006824 0.724994246993176 1
1 0 0 0.773612265331112 0.226387734668888 0
1 0 0 0.392734796657751 0.60726520334225 1
0 1 1 0.327632625133669 0.672367374866331 1
1 0 0 0.719657837986431 0.280342162013569 0
0 1 1 0.103459585444715 0.896540414555285 1
0 1 1 0.0904172520038491 0.909582747996151 1
1 0 0 0.86184847456194 0.13815152543806 0
1 0 0 0.289302944838426 0.710697055161574 1
1 0 0 0.885882250751101 0.114117749248899 0
0 1 1 0.247537539011027 0.752462460988973 1
1 0 0 0.560948816801158 0.439051183198842 0
1 0 0 0.659691907831089 0.340308092168911 0
1 0 0 0.108624411634203 0.891375588365797 1
1 0 0 0.110684754705279 0.889315245294721 1
1 0 0 0.833323320402237 0.166676679597763 0
0 1 1 0.287539481574698 0.712460518425302 1
0 1 1 0.244629640899706 0.755370359100294 1
1 0 0 0.431935914513969 0.568064085486031 1
1 0 0 0.512572930670291 0.487427069329709 0
0 1 1 0.129016408601563 0.870983591398437 1
1 0 0 0.843216792977596 0.156783207022404 0
1 0 0 0.860120717237859 0.139879282762141 0
1 0 0 0.741168952683364 0.258831047316636 0
1 0 0 0.700947285221657 0.299052714778343 0
1 0 0 0.699977911514497 0.300022088485503 0
0 1 1 0.391067065104372 0.608932934895628 1
1 0 0 0.182881197189958 0.817118802810042 1
1 0 0 0.663384260007696 0.336615739992304 0
1 0 0 0.84736841765628 0.15263158234372 0
0 1 1 0.664551680922027 0.335448319077973 0
1 0 0 0.638445589965476 0.361554410034524 0
0 1 1 0.214380754655285 0.785619245344715 1
1 0 0 0.643021000308675 0.356978999691325 0
0 1 1 0.443094365093657 0.556905634906343 1
0 1 1 0.143082228789272 0.856917771210729 1
1 0 0 0.867093512044968 0.132906487955032 0
1 0 0 0.751030625337858 0.248969374662142 0
1 0 0 0.868272233631491 0.131727766368509 0
1 0 0 0.763749718605592 0.236250281394408 0
0 1 1 0.739760250457251 0.260239749542749 0
1 0 0 0.698921825899682 0.301078174100318 0
1 0 0 0.760830441312741 0.239169558687259 0
0 1 1 0.236376944814844 0.763623055185156 1
1 0 0 0.843310630559529 0.156689369440471 0
0 1 1 0.101930241244515 0.898069758755485 1
0 1 1 0.354074272421484 0.645925727578516 1
0 1 1 0.113249222416049 0.886750777583951 1
1 0 0 0.198633675140691 0.801366324859309 1
1 0 0 0.833520198906407 0.166479801093593 0
1 0 0 0.869193242197364 0.130806757802636 0
0 1 1 0.533354396093074 0.466645603906926 0
0 1 1 0.10180936037275 0.89819063962725 1
1 0 0 0.321003411462325 0.678996588537675 1
1 0 0 0.35486472268434 0.64513527731566 1
1 0 0 0.835722700167467 0.164277299832533 0
1 0 0 0.362913011473759 0.637086988526241 1
0 1 1 0.182665583766511 0.817334416233489 1
1 0 0 0.621242260267274 0.378757739732726 0
0 1 1 0.144663437285855 0.855336562714145 1
0 1 1 0.614806814143493 0.385193185856507 0
0 1 1 0.609245711569801 0.390754288430199 0
1 0 0 0.782958040419875 0.217041959580125 0
0 1 1 0.148372688306025 0.851627311693975 1
0 1 1 0.151223287534345 0.848776712465655 1
1 0 0 0.753935224620846 0.246064775379154 0
0 1 1 0.289492196821768 0.710507803178232 1
1 0 0 0.695236981532126 0.304763018467874 0
1 0 0 0.611526607696182 0.388473392303818 0
0 1 1 0.733179902240617 0.266820097759383 0
0 1 1 0.71928986064044 0.28071013935956 0
0 1 1 0.162744769123195 0.837255230876805 1
1 0 0 0.293167205706343 0.706832794293657 1
0 1 1 0.110573300070192 0.889426699929808 1
0 1 1 0.710293410583797 0.289706589416203 0
0 1 1 0.854485987199108 0.145514012800892 0
1 0 0 0.878010749737174 0.121989250262826 0
0 1 1 0.248408874613218 0.751591125386782 1
0 1 1 0.171706374453632 0.828293625546368 1
1 0 0 0.724761320073571 0.275238679926429 0
0 1 1 0.62919098898437 0.37080901101563 0
1 0 0 0.73415174639815 0.26584825360185 0
0 1 1 0.2195886657188 0.7804113342812 1
0 1 1 0.224574826401972 0.775425173598028 1
0 1 1 0.882960736393934 0.117039263606066 0
0 1 1 0.657948733804105 0.342051266195895 0
1 0 0 0.535878666403586 0.464121333596414 0
0 1 1 0.122764397390364 0.877235602609636 1
1 0 0 0.890678246687131 0.109321753312869 0
0 1 1 0.131129550679449 0.868870449320551 1
0 1 1 0.127359134162993 0.872640865837006 1
0 1 1 0.888451837282778 0.111548162717222 0
1 0 0 0.833665635268193 0.166334364731807 0
0 1 1 0.675159712547851 0.324840287452149 0
1 0 0 0.756056029946367 0.243943970053633 0
1 0 0 0.750991065596852 0.249008934403148 0
1 0 0 0.576819832918935 0.423180167081065 0
0 1 1 0.210172183094228 0.789827816905772 1
1 0 0 0.789189297559813 0.210810702440187 0
1 0 0 0.444413680434649 0.555586319565351 1
1 0 0 0.645409033212932 0.354590966787068 0
0 1 1 0.114097223925094 0.885902776074906 1
1 0 0 0.803212716233916 0.196787283766084 0
0 1 1 0.3461038730655 0.6538961269345 1
1 0 0 0.3200320790676 0.6799679209324 1
0 1 1 0.186825190543122 0.813174809456878 1
0 1 1 0.27772032862481 0.72227967137519 1
0 1 1 0.766791239985571 0.233208760014429 0
1 0 0 0.335383779389086 0.664616220610914 1
0 1 1 0.17363573624933 0.82636426375067 1
0 1 1 0.183945652406033 0.816054347593967 1
1 0 0 0.884451451986347 0.115548548013653 0
1 0 0 0.801722429353339 0.198277570646661 0
0 1 1 0.155497953176182 0.844502046823818 1
1 0 0 0.616558545654437 0.383441454345563 0
0 1 1 0.582078234759479 0.417921765240521 0
1 0 0 0.834613142346052 0.165386857653948 0
1 0 0 0.838625780696126 0.161374219303874 0
1 0 0 0.235559718303213 0.764440281696787 1
0 1 1 0.772231559645175 0.227768440354825 0
0 1 1 0.161688761558016 0.838311238441984 1
0 1 1 0.156448047545562 0.843551952454438 1
1 0 0 0.237274883190291 0.762725116809709 1
0 1 1 0.186788865106339 0.813211134893661 1
0 1 1 0.107616079251239 0.892383920748761 1
0 1 1 0.70498421188283 0.29501578811717 0
0 1 1 0.671895121477619 0.328104878522381 0
0 1 1 0.153255192162076 0.846744807837924 1
1 0 0 0.398570844762427 0.601429155237573 1
1 0 0 0.525126212153408 0.474873787846592 0
0 1 1 0.335831055695702 0.664168944304298 1
1 0 0 0.845444373376382 0.154555626623618 0
0 1 1 0.170885467756322 0.829114532243678 1
1 0 0 0.639286980123238 0.360713019876762 0
0 1 1 0.224882131745401 0.7751178682546 1
1 0 0 0.868808018431936 0.131191981568064 0
0 1 1 0.170881427746707 0.829118572253293 1
0 1 1 0.178064936049871 0.821935063950129 1
0 1 1 0.453051039570344 0.546948960429656 1
0 1 1 0.34996911360694 0.65003088639306 1
1 0 0 0.192001674339562 0.807998325660438 1
1 0 0 0.87467602544445 0.12532397455555 0
0 1 1 0.103153485975741 0.896846514024259 1
0 1 1 0.274912958027002 0.725087041972998 1
1 0 0 0.587344781482038 0.412655218517962 0
1 0 0 0.223801869176909 0.776198130823091 1
1 0 0 0.867737287294666 0.132262712705334 0
1 0 0 0.750950457022196 0.249049542977804 0
1 0 0 0.857005377720323 0.142994622279677 0
1 0 0 0.857769248503568 0.142230751496432 0
1 0 0 0.219850021879992 0.780149978120008 1
1 0 0 0.665531745782973 0.334468254217027 0
0 1 1 0.488415127560558 0.511584872439442 1
0 1 1 0.280752131603799 0.719247868396201 1
0 1 1 0.166799934816659 0.833200065183341 1
1 0 0 0.852440761865771 0.147559238134229 0
0 1 1 0.191073870259157 0.808926129740843 1
1 0 0 0.842486214971348 0.157513785028652 0
1 0 0 0.360683669540871 0.639316330459129 1
0 1 1 0.267683262545888 0.732316737454112 1
1 0 0 0.86098158999812 0.13901841000188 0
0 1 1 0.115384178878836 0.884615821121164 1
0 1 1 0.571003593282709 0.428996406717291 0
1 0 0 0.41838433235811 0.58161566764189 1
0 1 1 0.706304558843062 0.293695441156937 0
1 0 0 0.769143875367313 0.230856124632687 0
1 0 0 0.764404131660401 0.235595868339599 0
1 0 0 0.810584363753116 0.189415636246884 0
0 1 1 0.383265178483011 0.616734821516989 1
1 0 0 0.735361728193131 0.264638271806869 0
1 0 0 0.843301899746889 0.156698100253111 0
1 0 0 0.405936960438212 0.594063039561788 1
1 0 0 0.594124125328778 0.405875874671222 0
0 1 1 0.130768715283563 0.869231284716437 1
0 1 1 0.0962275204603143 0.903772479539686 1
0 1 1 0.160418977568467 0.839581022431533 1
0 1 1 0.134342277090815 0.865657722909185 1
0 1 1 0.221063720281932 0.778936279718068 1
0 1 1 0.18384702492413 0.81615297507587 1
0 1 1 0.632387281882214 0.367612718117786 0
0 1 1 0.320361813834097 0.679638186165903 1
0 1 1 0.129921413203319 0.870078586796681 1
1 0 0 0.615316171150365 0.384683828849635 0
1 0 0 0.718509880491221 0.281490119508779 0
0 1 1 0.73428049108086 0.26571950891914 0
1 0 0 0.84780842365855 0.15219157634145 0
0 1 1 0.123824395183952 0.876175604816048 1
0 1 1 0.444368788739068 0.555631211260932 1
0 1 1 0.133849477826518 0.866150522173482 1
0 1 1 0.205666223990101 0.794333776009899 1
1 0 0 0.867633369803608 0.132366630196392 0
0 1 1 0.12960592460181 0.87039407539819 1
1 0 0 0.812788111505599 0.187211888494401 0
1 0 0 0.313116069676904 0.686883930323095 1
1 0 0 0.486073999185133 0.513926000814867 1
0 1 1 0.292135133223676 0.707864866776324 1
0 1 1 0.122269656555477 0.877730343444523 1
1 0 0 0.324085565758148 0.675914434241852 1
0 1 1 0.267258276542979 0.732741723457021 1
0 1 1 0.384542857337159 0.615457142662841 1
1 0 0 0.343009688984799 0.6569903110152 1
1 0 0 0.535013010588157 0.464986989411843 0
1 0 0 0.67159972484644 0.32840027515356 0
1 0 0 0.145724847583168 0.854275152416833 1
1 0 0 0.87175738209482 0.128242617905179 0
1 0 0 0.579901920960661 0.420098079039339 0
1 0 0 0.669622148760672 0.330377851239328 0
1 0 0 0.852724770040272 0.147275229959728 0
1 0 0 0.821625343972622 0.178374656027378 0
1 0 0 0.761895077750095 0.238104922249905 0
0 1 1 0.188927719799295 0.811072280200705 1
1 0 0 0.21649348454097 0.78350651545903 1
0 1 1 0.204329090165928 0.795670909834072 1
0 1 1 0.609664604513154 0.390335395486846 0
0 1 1 0.416947557118953 0.583052442881047 1
0 1 1 0.238149955247165 0.761850044752835 1
0 1 1 0.112205182383265 0.887794817616735 1
0 1 1 0.110612529104966 0.889387470895034 1
1 0 0 0.854339439063653 0.145660560936347 0
1 0 0 0.809357051694541 0.190642948305459 0
0 1 1 0.355416694462287 0.644583305537713 1
0 1 1 0.124449575372929 0.875550424627071 1
0 1 1 0.209361957356614 0.790638042643386 1
0 1 1 0.193390188454097 0.806609811545903 1
1 0 0 0.82679938241289 0.17320061758711 0
1 0 0 0.645961757600861 0.35403824239914 0
0 1 1 0.645621065794228 0.354378934205772 0
0 1 1 0.326834651404041 0.67316534859596 1
0 1 1 0.54509936971645 0.45490063028355 0
0 1 1 0.619500481892167 0.380499518107833 0
0 1 1 0.739908290311312 0.260091709688688 0
1 0 0 0.682511319900691 0.317488680099309 0
1 0 0 0.274300940130549 0.725699059869451 1
1 0 0 0.792571521500587 0.207428478499413 0
0 1 1 0.689033248672542 0.310966751327458 0
1 0 0 0.852417954935506 0.147582045064494 0
1 0 0 0.813244257646844 0.186755742353156 0
1 0 0 0.870894548751671 0.129105451248329 0
0 1 1 0.643278631559316 0.356721368440684 0
1 0 0 0.544678062521352 0.455321937478648 0
1 0 0 0.72577904991346 0.27422095008654 0
1 0 0 0.484181365562864 0.515818634437136 1
1 0 0 0.452372968038224 0.547627031961776 1
0 1 1 0.163609108877713 0.836390891122287 1
0 1 1 0.172186345072044 0.827813654927956 1
1 0 0 0.817481908315042 0.182518091684958 0
1 0 0 0.757615043330963 0.242384956669037 0
0 1 1 0.751931896873922 0.248068103126078 0
1 0 0 0.40259937482959 0.59740062517041 1
1 0 0 0.809273627638188 0.190726372361812 0
1 0 0 0.643139170532412 0.356860829467588 0
0 1 1 0.173039753005495 0.826960246994505 1
0 1 1 0.170675855590686 0.829324144409314 1
0 1 1 0.10880407892283 0.89119592107717 1
0 1 1 0.120138622521615 0.879861377478385 1
1 0 0 0.810960146659655 0.189039853340345 0
0 1 1 0.555440821334467 0.444559178665533 0
0 1 1 0.405730268755574 0.594269731244426 1
0 1 1 0.15853545438405 0.84146454561595 1
1 0 0 0.801191477797898 0.198808522202102 0
1 0 0 0.295281899981444 0.704718100018556 1
0 1 1 0.108460333131548 0.891539666868452 1
0 1 1 0.195430821511697 0.804569178488303 1
0 1 1 0.658391073683253 0.341608926316747 0
0 1 1 0.679730624718686 0.320269375281314 0
1 0 0 0.839541366133769 0.160458633866231 0
1 0 0 0.642750424477345 0.357249575522655 0
0 1 1 0.257366758093105 0.742633241906895 1
1 0 0 0.314659491841347 0.685340508158653 1
0 1 1 0.736067515023688 0.263932484976312 0
1 0 0 0.580826889869656 0.419173110130344 0
1 0 0 0.328991536777397 0.671008463222603 1
1 0 0 0.755574232529173 0.244425767470827 0
1 0 0 0.591158692696621 0.408841307303379 0
1 0 0 0.46926854883036 0.53073145116964 1
1 0 0 0.247861164986599 0.752138835013401 1
1 0 0 0.536465110839693 0.463534889160308 0
1 0 0 0.516135404831742 0.483864595168258 0
0 1 1 0.70823873510052 0.29176126489948 0
0 1 1 0.151589938834299 0.848410061165701 1
1 0 0 0.769702703029328 0.230297296970672 0
1 0 0 0.181542055506354 0.818457944493646 1
1 0 0 0.404732864411741 0.595267135588259 1
1 0 0 0.862002433216945 0.137997566783055 0
1 0 0 0.634401914001906 0.365598085998094 0
1 0 0 0.827262869928772 0.172737130071228 0
0 1 1 0.110608182214777 0.889391817785223 1
0 1 1 0.150296463132166 0.849703536867834 1
0 1 1 0.122485646737888 0.877514353262112 1
1 0 0 0.576047131170391 0.423952868829609 0
0 1 1 0.68784303780902 0.31215696219098 0
0 1 1 0.883671535730029 0.116328464269971 0
1 0 0 0.685388860645073 0.314611139354927 0
1 0 0 0.638198085060287 0.361801914939713 0
1 0 0 0.779619765150649 0.220380234849351 0
0 1 1 0.260003077013908 0.739996922986093 1
1 0 0 0.377453053588156 0.622546946411844 1
0 1 1 0.634644434755497 0.365355565244503 0
0 1 1 0.167537144524855 0.832462855475145 1
0 1 1 0.191067213698401 0.808932786301599 1
0 1 1 0.133682713135003 0.866317286864997 1
0 1 1 0.341860694350217 0.658139305649783 1
0 1 1 0.192571753006104 0.807428246993896 1
0 1 1 0.496501520078762 0.503498479921238 1
0 1 1 0.109678211031841 0.890321788968159 1
0 1 1 0.604580810920856 0.395419189079144 0
1 0 0 0.818762707919311 0.181237292080689 0
1 0 0 0.371555663659489 0.628444336340511 1
1 0 0 0.875510780538978 0.124489219461022 0
1 0 0 0.28687706552002 0.71312293447998 1
1 0 0 0.752490284459265 0.247509715540735 0
0 1 1 0.446200439837415 0.553799560162585 1
0 1 1 0.125601600307801 0.874398399692199 1
0 1 1 0.736864058353709 0.263135941646291 0
1 0 0 0.597013344437248 0.402986655562752 0
0 1 1 0.20317816883583 0.79682183116417 1
1 0 0 0.558773616224911 0.441226383775089 0
0 1 1 0.84066524829737 0.15933475170263 0
1 0 0 0.873951330838754 0.126048669161246 0
0 1 1 0.209511515668516 0.790488484331483 1
0 1 1 0.33761888686424 0.662381113135761 1
0 1 1 0.220692035493635 0.779307964506365 1
0 1 1 0.117194450207549 0.882805549792451 1
0 1 1 0.339228232031529 0.660771767968471 1
1 0 0 0.882869543487536 0.117130456512464 0
0 1 1 0.75572730086544 0.244272699134559 0
1 0 0 0.721973270119882 0.278026729880118 0
0 1 1 0.271470837740258 0.728529162259742 1
1 0 0 0.203310198448299 0.796689801551701 1
0 1 1 0.365251183748929 0.634748816251071 1
1 0 0 0.850900640436673 0.149099359563327 0
0 1 1 0.189142043445854 0.810857956554146 1
1 0 0 0.396951983166346 0.603048016833654 1
0 1 1 0.564420795122949 0.435579204877051 0
0 1 1 0.1768819130334 0.8231180869666 1
1 0 0 0.145806284250155 0.854193715749845 1
0 1 1 0.223608270713664 0.776391729286336 1
0 1 1 0.258526801042275 0.741473198957725 1
0 1 1 0.167744453710764 0.832255546289236 1
1 0 0 0.457241494386597 0.542758505613403 1
0 1 1 0.78600241583271 0.21399758416729 0
0 1 1 0.228636071101821 0.771363928898179 1
0 1 1 0.116381908554289 0.88361809144571 1
1 0 0 0.642479705762731 0.357520294237269 0
1 0 0 0.73309039573533 0.26690960426467 0
1 0 0 0.664822330283241 0.335177669716759 0
0 1 1 0.118711165256451 0.881288834743549 1
0 1 1 0.87579491420542 0.12420508579458 0
1 0 0 0.878989939658915 0.121010060341084 0
0 1 1 0.119102643919272 0.880897356080728 1
0 1 1 0.350633868097816 0.649366131902184 1
1 0 0 0.748624306393438 0.251375693606562 0
0 1 1 0.21349274608015 0.78650725391985 1
0 1 1 0.324132942686162 0.675867057313838 1
