0.0000 1.0000 0.0000 0.0764 0.0000 0.1577 0.0000 1.0000 0.0000 0.0000 0.0000 0.0000 1.0000 0.0000 0.0000 1.0000 0.0000 0.0000 0.0000 0.0000 0.0000 0.0000 0.0000 0.0000 0.0000 0.0000 0.0000 0.0000 0.0000 0.0000 0.0000 1.0000 0.0000 0.0000 0.0000 0.0000 0.0000 0.0000 0.0000 0.0000 0.1053 1.0000 0.0000 0.0000 0.0000 1.0000 0.0000 0.0000 0.1200 0.0000 0.0000 1.0000 0.0000 
0.0000 1.0000 0.0000 0.1391 0.0000 0.0655 1.0000 0.0000 0.0000 0.0000 0.0000 1.0000 0.0000 0.0000 0.0000 0.0000 0.0000 0.0000 0.0000 1.0000 0.0000 0.0000 0.0000 0.0000 0.0000 0.0000 0.0000 0.0000 0.0000 0.0000 0.0000 0.0000 0.0000 1.0000 0.0000 0.0000 0.0000 0.0000 0.0000 0.0000 0.0000 0.0000 1.0000 0.0149 0.0000 1.0000 0.0000 0.0000 0.1000 0.0000 0.3465 0.0000 1.0000 
0.0000 1.0000 0.0000 0.2230 0.0000 0.1264 1.0000 0.0000 0.0000 0.0000 0.0000 1.0000 0.0000 0.0000 0.0000 0.0000 0.0000 0.0000 1.0000 0.0000 0.0000 0.0000 0.0000 0.0000 0.0000 0.0000 0.0000 0.0000 0.0000 0.0000 0.0000 0.0000 1.0000 0.0000 0.0000 0.0000 0.0000 0.0000 0.0000 0.0000 0.0175 1.0000 0.0000 0.0000 1.0000 1.0000 0.0000 0.0000 0.0855 0.0000 0.0000 0.0000 1.0000 
0.0000 1.0000 0.0000 0.1692 0.0000 0.0313 1.0000 0.0000 0.0000 0.0000 0.0000 1.0000 0.0000 0.0000 0.0000 0.0000 0.0000 0.0000 0.0000 0.0000 0.0000 0.0000 0.0000 0.0000 0.0000 1.0000 0.0000 0.0000 0.0000 0.0000 0.0000 1.0000 0.0000 0.0000 0.0000 0.0000 0.0000 0.0000 0.0000 0.0000 0.0365 1.0000 0.0000 0.0000 1.0000 1.0000 0.0000 0.0000 0.0800 0.0000 0.7536 1.0000 0.0000 
1.0000 0.0000 0.0000 0.3935 0.0000 0.1786 1.0000 0.0000 0.0000 0.0000 0.0000 1.0000 0.0000 0.0000 0.0000 0.0000 0.0000 0.0000 1.0000 0.0000 0.0000 0.0000 0.0000 0.0000 0.0000 0.0000 0.0000 0.0000 0.0000 0.0000 0.0000 0.0000 1.0000 0.0000 0.0000 0.0000 0.0000 0.0000 0.0000 0.0000 0.0074 0.0000 0.0000 0.0000 0.0000 1.0000 0.0000 0.0000 0.2750 0.0000 0.0000 0.0000 1.0000 
1.0000 0.0000 0.0000 1.0000 0.0000 0.1964 1.0000 0.0000 0.0000 0.0000 0.0000 1.0000 0.0000 0.0000 0.0000 0.0000 0.0000 0.0000 0.0000 0.0000 0.0000 0.0000 0.0000 0.0000 0.0000 0.0000 0.0000 0.0000 0.0000 1.0000 0.0000 0.0000 0.0000 0.0000 0.0000 0.0000 0.0000 0.0000 0.0000 1.0000 0.0189 1.0000 0.0000 0.0000 0.0000 1.0000 0.0000 0.0000 0.0000 0.0000 0.5066 0.0000 1.0000 
0.0000 1.0000 0.0000 0.0877 0.0000 0.0238 1.0000 0.0000 0.0000 0.0000 0.0000 1.0000 0.0000 0.0000 0.0000 0.0000 0.0000 0.0000 0.0000 0.0000 0.0000 0.0000 0.0000 0.0000 1.0000 0.0000 0.0000 0.0000 0.0000 0.0000 1.0000 0.0000 0.0000 0.0000 0.0000 0.0000 0.0000 0.0000 0.0000 0.0000 0.0584 0.0000 0.0000 0.0000 0.0000 1.0000 0.0000 0.0000 0.1100 0.0000 0.1556 0.0000 1.0000 
1.0000 0.0000 0.0000 0.2982 0.0000 0.0120 0.0000 1.0000 0.0000 0.0000 0.0000 0.0000 1.0000 0.0000 0.0000 0.0000 0.0000 1.0000 0.0000 0.0000 0.0000 0.0000 0.0000 0.0000 0.0000 0.0000 0.0000 0.0000 0.0000 0.0000 1.0000 0.0000 0.0000 0.0000 0.0000 0.0000 0.0000 0.0000 0.0000 0.0000 0.0030 0.0000 0.0000 0.0000 0.0000 1.0000 0.0000 0.0000 0.0900 0.0000 0.0000 0.0000 1.0000 
1.0000 0.0000 0.0000 0.2469 0.0000 0.2321 1.0000 0.0000 0.0000 0.0000 0.0000 1.0000 0.0000 0.0000 0.0000 0.0000 0.0000 1.0000 0.0000 0.0000 0.0000 0.0000 0.0000 0.0000 0.0000 0.0000 0.0000 0.0000 0.0000 0.0000 1.0000 0.0000 0.0000 0.0000 0.0000 0.0000 0.0000 0.0000 0.0000 0.0000 0.1096 1.0000 1.0000 0.1194 0.0000 1.0000 0.0000 0.0000 0.1650 0.0000 0.6159 1.0000 0.0000 
0.0000 1.0000 0.0000 0.1454 0.0000 0.0282 0.0000 1.0000 0.0000 0.0000 0.0000 0.0000 1.0000 0.0000 0.0000 0.0000 0.0000 0.0000 0.0000 0.0000 0.0000 0.0000 0.0000 1.0000 0.0000 0.0000 0.0000 0.0000 0.0000 0.0000 1.0000 0.0000 0.0000 0.0000 0.0000 0.0000 0.0000 0.0000 0.0000 0.0000 0.0526 1.0000 1.0000 0.0299 1.0000 1.0000 0.0000 0.0000 0.0400 0.0000 0.5206 1.0000 0.0000 
1.0000 0.0000 0.0000 0.8120 0.0000 0.1964 1.0000 0.0000 0.0000 0.0000 0.0000 1.0000 0.0000 0.0000 0.0000 0.0000 0.0000 0.0000 0.0000 0.0000 0.0000 0.0000 0.0000 0.0000 0.0000 0.0000 1.0000 0.0000 0.0000 0.0000 0.0000 0.0000 0.0000 0.0000 0.0000 1.0000 0.0000 0.0000 0.0000 0.0000 0.4561 1.0000 1.0000 0.0149 1.0000 1.0000 0.0000 0.0000 0.0000 0.0000 0.0000 1.0000 0.0000 
1.0000 0.0000 0.0000 0.3447 0.0000 0.0714 1.0000 0.0000 0.0000 0.0000 0.0000 1.0000 0.0000 0.0000 0.0000 0.0000 0.0000 0.0000 1.0000 0.0000 0.0000 0.0000 0.0000 0.0000 0.0000 0.0000 0.0000 0.0000 0.0000 0.0000 1.0000 0.0000 0.0000 0.0000 0.0000 0.0000 0.0000 0.0000 0.0000 0.0000 0.0088 0.0000 0.0000 0.0000 1.0000 1.0000 0.0000 0.0000 0.1105 0.0000 0.0000 0.0000 1.0000 
1.0000 0.0000 0.0000 0.1341 0.0000 0.0059 1.0000 0.0000 0.0000 0.0000 0.0000 1.0000 0.0000 0.0000 0.0000 1.0000 0.0000 0.0000 0.0000 0.0000 0.0000 0.0000 0.0000 0.0000 0.0000 0.0000 0.0000 0.0000 0.0000 0.0000 0.0000 0.0000 0.0000 1.0000 0.0000 0.0000 0.0000 0.0000 0.0000 0.0000 0.0789 0.0000 0.0000 0.0000 1.0000 0.0000 0.0000 1.0000 0.0000 0.0000 0.0000 1.0000 0.0000 
0.0000 1.0000 0.0000 0.1729 0.0000 0.4464 1.0000 0.0000 0.0000 0.0000 0.0000 1.0000 0.0000 0.0000 0.0000 0.0000 1.0000 0.0000 0.0000 0.0000 0.0000 0.0000 0.0000 0.0000 0.0000 0.0000 0.0000 0.0000 0.0000 0.0000 1.0000 0.0000 0.0000 0.0000 0.0000 0.0000 0.0000 0.0000 0.0000 0.0000 0.0351 0.0000 0.0000 0.0000 1.0000 1.0000 0.0000 0.0000 0.0900 0.0000 0.6053 0.0000 1.0000 
1.0000 0.0000 0.0000 0.1892 0.0000 0.4643 1.0000 0.0000 0.0000 0.0000 0.0000 1.0000 0.0000 0.0000 0.0000 0.0000 0.0000 0.0000 0.0000 0.0000 0.0000 0.0000 0.0000 0.0000 0.0000 0.0000 1.0000 0.0000 0.0000 0.0000 0.0000 0.0000 0.0000 0.0000 0.0000 0.0000 1.0000 0.0000 0.0000 0.0000 0.0000 0.0000 0.0000 0.0000 1.0000 1.0000 0.0000 0.0000 0.0700 0.0000 0.6091 0.0000 1.0000 
1.0000 0.0000 0.0000 0.5101 0.0000 0.0104 1.0000 0.0000 0.0000 0.0000 0.0000 1.0000 0.0000 0.0000 0.0000 1.0000 0.0000 0.0000 0.0000 0.0000 0.0000 0.0000 0.0000 0.0000 0.0000 0.0000 0.0000 0.0000 0.0000 0.0000 0.0000 0.0000 1.0000 0.0000 0.0000 0.0000 0.0000 0.0000 0.0000 0.0000 0.5263 1.0000 1.0000 0.2985 0.0000 1.0000 0.0000 0.0000 0.0000 0.0000 0.8352 1.0000 0.0000 
0.0000 1.0000 0.0000 0.1741 0.0000 0.0745 1.0000 0.0000 0.0000 0.0000 0.0000 1.0000 0.0000 0.0000 0.0000 1.0000 0.0000 0.0000 0.0000 0.0000 0.0000 0.0000 0.0000 0.0000 0.0000 0.0000 0.0000 0.0000 0.0000 0.0000 0.0000 1.0000 0.0000 0.0000 0.0000 0.0000 0.0000 0.0000 0.0000 0.0000 0.0965 1.0000 0.0000 0.0000 1.0000 1.0000 0.0000 0.0000 0.1800 0.0000 0.0602 0.0000 1.0000 
1.0000 0.0000 0.0000 0.7568 0.0000 0.7143 1.0000 0.0000 0.0000 0.0000 0.0000 1.0000 0.0000 0.0000 0.0000 0.0000 0.0000 0.0000 0.0000 0.0000 0.0000 0.0000 0.0000 0.0000 0.0000 1.0000 0.0000 0.0000 0.0000 0.0000 0.0000 1.0000 0.0000 0.0000 0.0000 0.0000 0.0000 0.0000 0.0000 0.0000 0.6140 1.0000 1.0000 0.1343 1.0000 1.0000 0.0000 0.0000 0.0000 0.0000 0.6001 1.0000 0.0000 
1.0000 0.0000 0.0000 0.1692 0.0000 0.4464 1.0000 0.0000 0.0000 0.0000 0.0000 1.0000 0.0000 0.0000 0.0000 0.0000 0.0000 0.0000 0.0000 0.0000 0.0000 0.0000 0.0000 0.0000 0.0000 0.0000 0.0000 1.0000 0.0000 0.0000 1.0000 0.0000 0.0000 0.0000 0.0000 0.0000 0.0000 0.0000 0.0000 0.0000 0.1053 1.0000 0.0000 0.0000 1.0000 0.0000 0.0000 1.0000 0.0100 0.0000 0.0000 1.0000 0.0000 
1.0000 0.0000 0.0000 0.9474 0.0000 0.7961 1.0000 0.0000 0.0000 0.0000 0.0000 1.0000 0.0000 0.0000 0.0000 0.0000 0.0000 0.0000 0.0000 0.0000 0.0000 0.0000 0.0000 0.0000 0.0000 0.0000 1.0000 0.0000 0.0000 0.0000 0.0000 0.0000 0.0000 0.0000 0.0000 1.0000 0.0000 0.0000 0.0000 0.0000 0.4474 1.0000 1.0000 0.0149 1.0000 1.0000 0.0000 0.0000 0.0000 0.0000 0.4083 1.0000 0.0000 
1.0000 0.0000 0.0000 0.1403 0.0000 0.0893 1.0000 0.0000 0.0000 0.0000 0.0000 1.0000 0.0000 0.0000 0.0000 0.0000 0.0000 0.0000 0.0000 0.0000 0.0000 0.0000 0.0000 0.0000 0.0000 0.0000 0.0000 0.0000 1.0000 0.0000 0.0000 0.0000 0.0000 0.0000 0.0000 0.0000 0.0000 1.0000 0.0000 0.0000 0.0030 0.0000 0.0000 0.0000 1.0000 1.0000 0.0000 0.0000 0.0500 0.0000 0.7248 0.0000 1.0000 
1.0000 0.0000 0.0000 0.2080 0.0000 0.1161 0.0000 1.0000 0.0000 0.0000 0.0000 0.0000 1.0000 0.0000 0.0000 0.0000 0.0000 0.0000 0.0000 0.0000 0.0000 0.0000 0.0000 1.0000 0.0000 0.0000 0.0000 0.0000 0.0000 0.0000 0.0000 1.0000 0.0000 0.0000 0.0000 0.0000 0.0000 0.0000 0.0000 0.0000 0.1784 0.0000 1.0000 0.0299 1.0000 1.0000 0.0000 0.0000 0.1845 0.0000 0.0602 0.0000 1.0000 
1.0000 0.0000 0.0000 0.0000 1.0000 0.1071 0.0000 1.0000 0.0000 0.0000 0.0000 0.0000 1.0000 0.0000 0.0000 0.0000 0.0000 0.0000 1.0000 0.0000 0.0000 0.0000 0.0000 0.0000 0.0000 0.0000 0.0000 0.0000 0.0000 0.0000 0.0000 0.0000 1.0000 0.0000 0.0000 0.0000 0.0000 0.0000 0.0000 0.0000 0.2456 0.0000 0.0000 0.0000 0.0000 1.0000 0.0000 0.0000 0.0000 0.0000 0.0602 0.0000 1.0000 
1.0000 0.0000 0.0000 0.2180 0.0000 0.1800 0.0000 1.0000 0.0000 0.0000 0.0000 0.0000 1.0000 0.0000 0.0000 1.0000 0.0000 0.0000 0.0000 0.0000 0.0000 0.0000 0.0000 0.0000 0.0000 0.0000 0.0000 0.0000 0.0000 0.0000 0.0000 0.0000 1.0000 0.0000 0.0000 0.0000 0.0000 0.0000 0.0000 0.0000 0.0526 1.0000 1.0000 0.1194 1.0000 1.0000 0.0000 0.0000 0.0720 0.0000 0.1806 1.0000 0.0000 
0.0000 1.0000 0.0000 0.1053 0.0000 0.3691 1.0000 0.0000 0.0000 0.0000 0.0000 1.0000 0.0000 0.0000 0.0000 0.0000 0.0000 1.0000 0.0000 0.0000 0.0000 0.0000 0.0000 0.0000 0.0000 0.0000 0.0000 0.0000 0.0000 0.0000 0.0000 1.0000 0.0000 0.0000 0.0000 0.0000 0.0000 0.0000 0.0000 0.0000 0.0118 1.0000 1.0000 0.0149 1.0000 1.0000 0.0000 0.0000 0.0400 0.0000 0.3415 1.0000 0.0000 
0.0000 1.0000 0.0000 0.0702 0.0000 0.3304 1.0000 0.0000 0.0000 0.0000 0.0000 1.0000 0.0000 0.0000 0.0000 0.0000 0.0000 0.0000 0.0000 0.0000 0.0000 0.0000 0.0000 1.0000 0.0000 0.0000 0.0000 0.0000 0.0000 0.0000 1.0000 0.0000 0.0000 0.0000 0.0000 0.0000 0.0000 0.0000 0.0000 0.0000 0.0425 1.0000 1.0000 0.0597 0.0000 1.0000 0.0000 0.0000 0.0300 0.0000 0.5466 1.0000 0.0000 
1.0000 0.0000 0.0000 0.0552 0.0000 0.2321 1.0000 0.0000 0.0000 0.0000 0.0000 1.0000 0.0000 0.0000 0.0000 0.0000 0.0000 0.0000 1.0000 0.0000 0.0000 0.0000 0.0000 0.0000 0.0000 0.0000 0.0000 0.0000 0.0000 0.0000 1.0000 0.0000 0.0000 0.0000 0.0000 0.0000 0.0000 0.0000 0.0000 0.0000 0.0044 0.0000 0.0000 0.0000 0.0000 1.0000 0.0000 0.0000 0.0300 0.0000 0.4009 0.0000 1.0000 
1.0000 0.0000 0.0000 0.1003 0.0000 0.2500 1.0000 0.0000 0.0000 0.0000 0.0000 1.0000 0.0000 0.0000 0.0000 1.0000 0.0000 0.0000 0.0000 0.0000 0.0000 0.0000 0.0000 0.0000 0.0000 0.0000 0.0000 0.0000 0.0000 0.0000 1.0000 0.0000 0.0000 0.0000 0.0000 0.0000 0.0000 0.0000 0.0000 0.0000 0.0570 1.0000 1.0000 0.0448 0.0000 1.0000 0.0000 0.0000 0.1000 0.0000 0.6287 1.0000 0.0000 
1.0000 0.0000 0.0000 0.2895 0.0000 0.0893 0.0000 1.0000 0.0000 0.0000 0.0000 0.0000 1.0000 0.0000 0.0000 0.0000 0.0000 0.0000 0.0000 0.0000 0.0000 0.0000 0.0000 0.0000 1.0000 0.0000 0.0000 0.0000 0.0000 0.0000 1.0000 0.0000 0.0000 0.0000 0.0000 0.0000 0.0000 0.0000 0.0000 0.0000 0.2456 0.0000 0.0000 0.0000 1.0000 1.0000 0.0000 0.0000 0.1400 0.0000 0.0000 0.0000 1.0000 
1.0000 0.0000 0.0000 0.0890 0.0000 0.3571 0.0000 1.0000 0.0000 0.0000 0.0000 0.0000 1.0000 0.0000 0.0000 0.0000 0.0000 0.0000 0.0000 0.0000 1.0000 0.0000 0.0000 0.0000 0.0000 0.0000 0.0000 0.0000 0.0000 0.0000 0.0000 1.0000 0.0000 0.0000 0.0000 0.0000 0.0000 0.0000 0.0000 0.0000 0.0293 1.0000 0.0000 0.0000 1.0000 1.0000 0.0000 0.0000 0.0700 0.0000 0.0000 0.0000 1.0000 
1.0000 0.0000 0.0000 0.1792 0.0000 0.4464 1.0000 0.0000 0.0000 0.0000 0.0000 1.0000 0.0000 0.0000 0.0000 0.0000 0.0000 1.0000 0.0000 0.0000 0.0000 0.0000 0.0000 0.0000 0.0000 0.0000 0.0000 0.0000 0.0000 0.0000 1.0000 0.0000 0.0000 0.0000 0.0000 0.0000 0.0000 0.0000 0.0000 0.0000 0.0425 1.0000 1.0000 1.0000 1.0000 1.0000 0.0000 0.0000 0.0700 0.0000 0.4827 1.0000 0.0000 
1.0000 0.0000 0.0000 0.4211 0.0000 0.0343 1.0000 0.0000 0.0000 0.0000 0.0000 1.0000 0.0000 0.0000 0.0000 0.0000 0.0000 0.0000 0.0000 0.0000 0.0000 0.0000 0.0000 0.0000 0.0000 1.0000 0.0000 0.0000 0.0000 0.0000 1.0000 0.0000 0.0000 0.0000 0.0000 0.0000 0.0000 0.0000 0.0000 0.0000 0.0877 1.0000 0.0000 0.0000 0.0000 1.0000 0.0000 0.0000 0.2550 0.0000 0.5558 1.0000 0.0000 
0.0000 1.0000 0.0000 0.1316 0.0000 0.3929 0.0000 1.0000 0.0000 0.0000 0.0000 0.0000 1.0000 0.0000 0.0000 0.0000 0.0000 0.0000 0.0000 0.0000 0.0000 0.0000 0.0000 1.0000 0.0000 0.0000 0.0000 0.0000 0.0000 0.0000 1.0000 0.0000 0.0000 0.0000 0.0000 0.0000 0.0000 0.0000 0.0000 0.0000 0.1053 1.0000 0.0000 0.0000 1.0000 1.0000 0.0000 0.0000 0.1340 0.0000 0.0000 0.0000 1.0000 
0.0000 1.0000 0.0000 0.3809 0.0000 0.1429 1.0000 0.0000 0.0000 0.0000 0.0000 1.0000 0.0000 0.0000 0.0000 1.0000 0.0000 0.0000 0.0000 0.0000 0.0000 0.0000 0.0000 0.0000 0.0000 0.0000 0.0000 0.0000 0.0000 0.0000 1.0000 0.0000 0.0000 0.0000 0.0000 0.0000 0.0000 0.0000 0.0000 0.0000 0.1053 0.0000 0.0000 0.0000 0.0000 1.0000 0.0000 0.0000 0.2400 0.0000 0.0000 0.0000 1.0000 
1.0000 0.0000 0.0000 0.3522 0.0000 0.1429 1.0000 0.0000 0.0000 0.0000 0.0000 1.0000 0.0000 0.0000 0.0000 1.0000 0.0000 0.0000 0.0000 0.0000 0.0000 0.0000 0.0000 0.0000 0.0000 0.0000 0.0000 0.0000 0.0000 0.0000 0.0000 0.0000 1.0000 0.0000 0.0000 0.0000 0.0000 0.0000 0.0000 0.0000 0.1754 1.0000 0.0000 0.0000 1.0000 0.0000 0.0000 1.0000 0.1400 0.0000 0.0000 0.0000 1.0000 
0.0000 1.0000 0.0000 0.0865 0.0000 0.0059 1.0000 0.0000 0.0000 0.0000 0.0000 1.0000 0.0000 0.0000 0.0000 0.0000 0.0000 0.0000 0.0000 0.0000 0.0000 0.0000 0.0000 1.0000 0.0000 0.0000 0.0000 0.0000 0.0000 0.0000 1.0000 0.0000 0.0000 0.0000 0.0000 0.0000 0.0000 0.0000 0.0000 0.0000 0.0014 0.0000 0.0000 0.0000 1.0000 1.0000 0.0000 0.0000 0.1900 0.0000 0.0000 0.0000 1.0000 
0.0000 1.0000 0.0000 0.4147 0.0000 0.0357 1.0000 0.0000 0.0000 0.0000 0.0000 1.0000 0.0000 0.0000 0.0000 0.0000 0.0000 0.0000 1.0000 0.0000 0.0000 0.0000 0.0000 0.0000 0.0000 0.0000 0.0000 0.0000 0.0000 0.0000 0.0000 0.0000 1.0000 0.0000 0.0000 0.0000 0.0000 0.0000 0.0000 0.0000 0.0789 1.0000 0.0000 0.0000 1.0000 1.0000 0.0000 0.0000 0.0000 0.0000 0.4957 1.0000 0.0000 
1.0000 0.0000 0.0000 0.3045 0.0000 0.1607 1.0000 0.0000 0.0000 0.0000 0.0000 1.0000 0.0000 0.0000 0.0000 0.0000 0.0000 0.0000 0.0000 0.0000 0.0000 0.0000 0.0000 0.0000 0.0000 0.0000 0.0000 1.0000 0.0000 0.0000 1.0000 0.0000 0.0000 0.0000 0.0000 0.0000 0.0000 0.0000 0.0000 0.0000 0.0351 1.0000 0.0000 0.0000 1.0000 1.0000 0.0000 0.0000 0.1200 0.0000 0.0000 0.0000 1.0000 
1.0000 0.0000 0.0000 0.1353 0.0000 0.4107 1.0000 0.0000 0.0000 0.0000 0.0000 1.0000 0.0000 0.0000 0.0000 0.0000 0.0000 0.0000 1.0000 0.0000 0.0000 0.0000 0.0000 0.0000 0.0000 0.0000 0.0000 0.0000 0.0000 0.0000 1.0000 0.0000 0.0000 0.0000 0.0000 0.0000 0.0000 0.0000 0.0000 0.0000 0.0146 0.0000 0.0000 0.0000 0.0000 1.0000 0.0000 0.0000 0.0000 0.0000 0.0000 0.0000 1.0000 
1.0000 0.0000 0.0000 0.2857 0.0000 0.0536 1.0000 0.0000 0.0000 0.0000 0.0000 1.0000 0.0000 0.0000 0.0000 0.0000 0.0000 1.0000 0.0000 0.0000 0.0000 0.0000 0.0000 0.0000 0.0000 0.0000 0.0000 0.0000 0.0000 0.0000 0.0000 1.0000 0.0000 0.0000 0.0000 0.0000 0.0000 0.0000 0.0000 0.0000 0.1930 1.0000 1.0000 0.0448 1.0000 1.0000 0.0000 0.0000 0.0000 0.0000 0.0000 1.0000 0.0000 
0.0000 1.0000 0.0000 0.2481 0.0000 0.1964 1.0000 0.0000 0.0000 0.0000 0.0000 1.0000 0.0000 0.0000 0.0000 0.0000 0.0000 0.0000 0.0000 0.0000 1.0000 0.0000 0.0000 0.0000 0.0000 0.0000 0.0000 0.0000 0.0000 0.0000 1.0000 0.0000 0.0000 0.0000 0.0000 0.0000 0.0000 0.0000 0.0000 0.0000 0.1930 0.0000 0.0000 0.0000 1.0000 0.0000 0.0000 1.0000 0.0500 0.0000 0.0000 0.0000 1.0000 
1.0000 0.0000 0.0000 0.5162 0.0000 0.2157 1.0000 0.0000 0.0000 0.0000 0.0000 1.0000 0.0000 0.0000 0.0000 0.0000 0.0000 0.0000 0.0000 0.0000 1.0000 0.0000 0.0000 0.0000 0.0000 0.0000 0.0000 0.0000 0.0000 0.0000 1.0000 0.0000 0.0000 0.0000 0.0000 0.0000 0.0000 0.0000 0.0000 0.0000 0.0014 0.0000 0.0000 0.0000 0.0000 1.0000 0.0000 0.0000 0.0000 0.0000 0.6860 1.0000 0.0000 
1.0000 0.0000 0.0000 0.2394 0.0000 0.0268 0.0000 1.0000 0.0000 0.0000 0.0000 0.0000 1.0000 0.0000 0.0000 1.0000 0.0000 0.0000 0.0000 0.0000 0.0000 0.0000 0.0000 0.0000 0.0000 0.0000 0.0000 0.0000 0.0000 0.0000 1.0000 0.0000 0.0000 0.0000 0.0000 0.0000 0.0000 0.0000 0.0000 0.0000 0.0014 0.0000 0.0000 0.0000 0.0000 1.0000 0.0000 0.0000 0.1200 0.0000 0.0000 0.0000 1.0000 
1.0000 0.0000 0.0000 0.1605 0.0000 0.0714 1.0000 0.0000 0.0000 0.0000 0.0000 1.0000 0.0000 0.0000 0.0000 0.0000 0.0000 0.0000 0.0000 0.0000 0.0000 0.0000 0.0000 0.0000 0.0000 0.0000 1.0000 0.0000 0.0000 0.0000 0.0000 0.0000 0.0000 0.0000 0.0000 0.0000 1.0000 0.0000 0.0000 0.0000 0.0058 0.0000 1.0000 0.0299 0.0000 1.0000 0.0000 0.0000 0.1600 0.0000 0.6229 0.0000 1.0000 
1.0000 0.0000 0.0000 0.0414 0.0000 0.0045 1.0000 0.0000 0.0000 0.0000 0.0000 1.0000 0.0000 0.0000 0.0000 1.0000 0.0000 0.0000 0.0000 0.0000 0.0000 0.0000 0.0000 0.0000 0.0000 0.0000 0.0000 0.0000 0.0000 0.0000 1.0000 0.0000 0.0000 0.0000 0.0000 0.0000 0.0000 0.0000 0.0000 0.0000 0.0058 0.0000 0.0000 0.0000 0.0000 1.0000 0.0000 0.0000 0.0660 0.0000 0.0000 0.0000 1.0000 
1.0000 0.0000 0.0000 0.2493 0.0000 0.0179 1.0000 0.0000 0.0000 0.0000 0.0000 1.0000 0.0000 0.0000 0.0000 0.0000 1.0000 0.0000 0.0000 0.0000 0.0000 0.0000 0.0000 0.0000 0.0000 0.0000 0.0000 0.0000 0.0000 0.0000 0.0000 1.0000 0.0000 0.0000 0.0000 0.0000 0.0000 0.0000 0.0000 0.0000 0.0030 0.0000 0.0000 0.0000 1.0000 0.0000 0.0000 1.0000 0.1260 0.0000 0.0000 0.0000 1.0000 
0.0000 1.0000 0.0000 0.2206 0.0000 0.1250 1.0000 0.0000 0.0000 0.0000 0.0000 1.0000 0.0000 0.0000 0.0000 0.0000 0.0000 0.0000 0.0000 0.0000 0.0000 0.0000 0.0000 0.0000 1.0000 0.0000 0.0000 0.0000 0.0000 0.0000 1.0000 0.0000 0.0000 0.0000 0.0000 0.0000 0.0000 0.0000 0.0000 0.0000 0.0293 1.0000 0.0000 0.0000 0.0000 0.0000 0.0000 1.0000 0.1400 0.0000 0.0000 1.0000 0.0000 
1.0000 0.0000 0.0000 0.3083 0.0000 0.0625 1.0000 0.0000 0.0000 0.0000 0.0000 1.0000 0.0000 0.0000 0.0000 0.0000 0.0000 0.0000 0.0000 0.0000 0.0000 0.0000 0.0000 0.0000 1.0000 0.0000 0.0000 0.0000 0.0000 0.0000 0.0000 0.0000 1.0000 0.0000 0.0000 0.0000 0.0000 0.0000 0.0000 0.0000 0.0088 1.0000 0.0000 0.0000 1.0000 1.0000 0.0000 0.0000 0.0815 0.0000 0.0000 0.0000 1.0000 
0.0000 1.0000 0.0000 0.2018 0.0000 0.0446 1.0000 0.0000 0.0000 0.0000 0.0000 1.0000 0.0000 0.0000 0.0000 0.0000 0.0000 0.0000 0.0000 0.0000 0.0000 0.0000 0.0000 0.0000 0.0000 0.0000 0.0000 0.0000 1.0000 0.0000 0.0000 0.0000 0.0000 0.0000 0.0000 0.0000 0.0000 1.0000 0.0000 0.0000 0.0000 0.0000 1.0000 0.0149 0.0000 1.0000 0.0000 0.0000 0.0460 0.0000 0.4957 0.0000 1.0000 
1.0000 0.0000 0.0000 0.3057 0.0000 0.0029 0.0000 1.0000 0.0000 0.0000 0.0000 0.0000 1.0000 0.0000 0.0000 0.0000 0.0000 0.0000 0.0000 0.0000 0.0000 1.0000 0.0000 0.0000 0.0000 0.0000 0.0000 0.0000 0.0000 0.0000 0.0000 0.0000 1.0000 0.0000 0.0000 0.0000 0.0000 0.0000 0.0000 0.0000 0.0014 1.0000 1.0000 0.0149 1.0000 1.0000 0.0000 0.0000 0.1400 0.0000 0.6603 1.0000 0.0000 
0.0000 1.0000 0.0000 0.5740 0.0000 0.2321 1.0000 0.0000 0.0000 0.0000 0.0000 1.0000 0.0000 0.0000 0.0000 0.0000 0.0000 0.0000 1.0000 0.0000 0.0000 0.0000 0.0000 0.0000 0.0000 0.0000 0.0000 0.0000 0.0000 0.0000 0.0000 0.0000 1.0000 0.0000 0.0000 0.0000 0.0000 0.0000 0.0000 0.0000 0.1082 0.0000 0.0000 0.0000 1.0000 1.0000 0.0000 0.0000 0.0365 0.0000 0.0000 0.0000 1.0000 
0.0000 1.0000 0.0000 0.6316 0.0000 0.2529 1.0000 0.0000 0.0000 0.0000 0.0000 1.0000 0.0000 0.0000 0.0000 0.0000 0.0000 0.0000 0.0000 0.0000 1.0000 0.0000 0.0000 0.0000 0.0000 0.0000 0.0000 0.0000 0.0000 0.0000 0.0000 1.0000 0.0000 0.0000 0.0000 0.0000 0.0000 0.0000 0.0000 0.0000 0.2368 1.0000 1.0000 0.0448 1.0000 1.0000 0.0000 0.0000 0.0500 0.0000 0.3415 0.0000 1.0000 
1.0000 0.0000 0.0000 0.1741 0.0000 0.0207 1.0000 0.0000 0.0000 0.0000 0.0000 1.0000 0.0000 0.0000 0.0000 1.0000 0.0000 0.0000 0.0000 0.0000 0.0000 0.0000 0.0000 0.0000 0.0000 0.0000 0.0000 0.0000 0.0000 0.0000 1.0000 0.0000 0.0000 0.0000 0.0000 0.0000 0.0000 0.0000 0.0000 0.0000 0.0102 1.0000 1.0000 0.1045 1.0000 1.0000 0.0000 0.0000 0.0480 0.0000 0.7419 1.0000 0.0000 
1.0000 0.0000 0.0000 0.0000 1.0000 0.1429 0.0000 1.0000 0.0000 0.0000 0.0000 0.0000 1.0000 0.0000 0.0000 0.0000 0.0000 0.0000 1.0000 0.0000 0.0000 0.0000 0.0000 0.0000 0.0000 0.0000 0.0000 0.0000 0.0000 0.0000 1.0000 0.0000 0.0000 0.0000 0.0000 0.0000 0.0000 0.0000 0.0000 0.0000 0.0030 0.0000 0.0000 0.0000 1.0000 1.0000 0.0000 0.0000 0.2055 0.0000 0.0000 0.0000 1.0000 
1.0000 0.0000 0.0000 0.0940 0.0000 0.3945 1.0000 0.0000 0.0000 0.0000 0.0000 1.0000 0.0000 0.0000 0.0000 1.0000 0.0000 0.0000 0.0000 0.0000 0.0000 0.0000 0.0000 0.0000 0.0000 0.0000 0.0000 0.0000 0.0000 0.0000 1.0000 0.0000 0.0000 0.0000 0.0000 0.0000 0.0000 0.0000 0.0000 0.0000 0.0702 0.0000 0.0000 0.0000 1.0000 1.0000 0.0000 0.0000 0.0680 0.0000 0.0000 0.0000 1.0000 
1.0000 0.0000 0.0000 0.1717 0.0000 0.2143 1.0000 0.0000 0.0000 0.0000 0.0000 1.0000 0.0000 0.0000 0.0000 1.0000 0.0000 0.0000 0.0000 0.0000 0.0000 0.0000 0.0000 0.0000 0.0000 0.0000 0.0000 0.0000 0.0000 0.0000 1.0000 0.0000 0.0000 0.0000 0.0000 0.0000 0.0000 0.0000 0.0000 0.0000 0.0351 1.0000 1.0000 0.0448 0.0000 1.0000 0.0000 0.0000 0.0000 0.0000 0.0000 1.0000 0.0000 
0.0000 1.0000 0.0000 0.2168 0.0000 0.0134 1.0000 0.0000 0.0000 0.0000 0.0000 1.0000 0.0000 0.0000 0.0000 0.0000 0.0000 0.0000 0.0000 0.0000 0.0000 0.0000 0.0000 1.0000 0.0000 0.0000 0.0000 0.0000 0.0000 0.0000 1.0000 0.0000 0.0000 0.0000 0.0000 0.0000 0.0000 0.0000 0.0000 0.0000 0.0205 1.0000 1.0000 0.0597 0.0000 1.0000 0.0000 0.0000 0.0400 0.0000 0.0000 1.0000 0.0000 
0.0000 1.0000 0.0000 0.1341 0.0000 0.2500 1.0000 0.0000 0.0000 0.0000 0.0000 1.0000 0.0000 0.0000 0.0000 1.0000 0.0000 0.0000 0.0000 0.0000 0.0000 0.0000 0.0000 0.0000 0.0000 0.0000 0.0000 0.0000 0.0000 0.0000 1.0000 0.0000 0.0000 0.0000 0.0000 0.0000 0.0000 0.0000 0.0000 0.0000 0.0058 0.0000 0.0000 0.0000 0.0000 1.0000 0.0000 0.0000 0.0800 0.0000 0.0000 0.0000 1.0000 
0.0000 1.0000 0.0000 0.0764 0.0000 0.3393 1.0000 0.0000 0.0000 0.0000 0.0000 1.0000 0.0000 0.0000 0.0000 0.0000 0.0000 0.0000 0.0000 0.0000 0.0000 0.0000 0.0000 0.0000 1.0000 0.0000 0.0000 0.0000 0.0000 0.0000 1.0000 0.0000 0.0000 0.0000 0.0000 0.0000 0.0000 0.0000 0.0000 0.0000 0.0570 1.0000 1.0000 0.0896 1.0000 1.0000 0.0000 0.0000 0.0200 0.0000 0.5558 1.0000 0.0000 
1.0000 0.0000 0.0000 0.2105 0.0000 0.0209 0.0000 1.0000 0.0000 0.0000 0.0000 0.0000 1.0000 0.0000 0.0000 0.0000 0.0000 1.0000 0.0000 0.0000 0.0000 0.0000 0.0000 0.0000 0.0000 0.0000 0.0000 0.0000 0.0000 0.0000 1.0000 0.0000 0.0000 0.0000 0.0000 0.0000 0.0000 0.0000 0.0000 0.0000 0.0088 1.0000 1.0000 0.0299 0.0000 1.0000 0.0000 0.0000 0.1300 0.0000 0.5400 1.0000 0.0000 
1.0000 0.0000 0.0000 0.2143 0.0000 0.0714 1.0000 0.0000 0.0000 0.0000 0.0000 1.0000 0.0000 0.0000 0.0000 0.0000 0.0000 0.0000 0.0000 0.0000 1.0000 0.0000 0.0000 0.0000 0.0000 0.0000 0.0000 0.0000 0.0000 0.0000 0.0000 1.0000 0.0000 0.0000 0.0000 0.0000 0.0000 0.0000 0.0000 0.0000 0.1461 1.0000 1.0000 0.0299 1.0000 1.0000 0.0000 0.0000 0.0905 0.0000 0.0000 1.0000 0.0000 
1.0000 0.0000 0.0000 0.1943 0.0000 0.0625 0.0000 1.0000 0.0000 0.0000 0.0000 0.0000 1.0000 0.0000 0.0000 1.0000 0.0000 0.0000 0.0000 0.0000 0.0000 0.0000 0.0000 0.0000 0.0000 0.0000 0.0000 0.0000 0.0000 0.0000 1.0000 0.0000 0.0000 0.0000 0.0000 0.0000 0.0000 0.0000 0.0000 0.0000 0.0351 1.0000 1.0000 0.0746 1.0000 1.0000 0.0000 0.0000 0.0800 0.0000 0.7524 1.0000 0.0000 
1.0000 0.0000 0.0000 0.1266 0.0000 0.0209 0.0000 1.0000 0.0000 0.0000 0.0000 0.0000 1.0000 0.0000 0.0000 0.0000 0.0000 0.0000 0.0000 0.0000 0.0000 0.0000 0.0000 0.0000 0.0000 0.0000 0.0000 0.0000 1.0000 0.0000 0.0000 0.0000 0.0000 0.0000 0.0000 0.0000 0.0000 1.0000 0.0000 0.0000 0.0000 0.0000 0.0000 0.0000 0.0000 1.0000 0.0000 0.0000 0.0500 0.0000 0.0000 0.0000 1.0000 
1.0000 0.0000 0.0000 0.1140 0.0000 0.2679 1.0000 0.0000 0.0000 0.0000 0.0000 1.0000 0.0000 0.0000 0.0000 0.0000 0.0000 0.0000 0.0000 0.0000 0.0000 0.0000 0.0000 0.0000 0.0000 0.0000 0.0000 1.0000 0.0000 0.0000 1.0000 0.0000 0.0000 0.0000 0.0000 0.0000 0.0000 0.0000 0.0000 0.0000 0.0496 1.0000 1.0000 0.0149 0.0000 1.0000 0.0000 0.0000 0.0400 0.0000 0.7983 1.0000 0.0000 
1.0000 0.0000 0.0000 0.3371 0.0000 0.1964 1.0000 0.0000 0.0000 0.0000 0.0000 1.0000 0.0000 0.0000 0.0000 0.0000 0.0000 0.0000 1.0000 0.0000 0.0000 0.0000 0.0000 0.0000 0.0000 0.0000 0.0000 0.0000 0.0000 0.0000 0.0000 0.0000 1.0000 0.0000 0.0000 0.0000 0.0000 0.0000 0.0000 0.0000 0.1754 0.0000 0.0000 0.0000 0.0000 1.0000 0.0000 0.0000 0.1050 0.0000 0.5675 0.0000 1.0000 
0.0000 1.0000 0.0000 0.3008 0.0000 0.0268 1.0000 0.0000 0.0000 0.0000 0.0000 1.0000 0.0000 0.0000 0.0000 0.0000 0.0000 0.0000 0.0000 0.0000 1.0000 0.0000 0.0000 0.0000 0.0000 0.0000 0.0000 0.0000 0.0000 0.0000 0.0000 0.0000 1.0000 0.0000 0.0000 0.0000 0.0000 0.0000 0.0000 0.0000 0.0351 1.0000 1.0000 0.0448 1.0000 1.0000 0.0000 0.0000 0.1060 0.0000 0.0000 0.0000 1.0000 
1.0000 0.0000 0.0000 0.1454 0.0000 0.0357 1.0000 0.0000 0.0000 0.0000 0.0000 1.0000 0.0000 0.0000 0.0000 1.0000 0.0000 0.0000 0.0000 0.0000 0.0000 0.0000 0.0000 0.0000 0.0000 0.0000 0.0000 0.0000 0.0000 0.0000 1.0000 0.0000 0.0000 0.0000 0.0000 0.0000 0.0000 0.0000 0.0000 0.0000 0.0175 0.0000 0.0000 0.0000 1.0000 0.0000 0.0000 1.0000 0.1400 0.0000 0.0000 0.0000 1.0000 
1.0000 0.0000 0.0000 0.4236 0.0000 0.0150 1.0000 0.0000 0.0000 0.0000 0.0000 1.0000 0.0000 0.0000 0.0000 1.0000 0.0000 0.0000 0.0000 0.0000 0.0000 0.0000 0.0000 0.0000 0.0000 0.0000 0.0000 0.0000 0.0000 0.0000 0.0000 1.0000 0.0000 0.0000 0.0000 0.0000 0.0000 0.0000 0.0000 0.0000 0.0074 1.0000 1.0000 0.0896 0.0000 1.0000 0.0000 0.0000 0.1100 0.0000 0.5955 1.0000 0.0000 
0.0000 1.0000 0.0000 0.1929 0.0000 0.0907 0.0000 1.0000 0.0000 0.0000 0.0000 0.0000 1.0000 0.0000 0.0000 0.0000 0.0000 0.0000 0.0000 0.0000 0.0000 0.0000 0.0000 0.0000 0.0000 0.0000 0.0000 0.0000 1.0000 0.0000 0.0000 0.0000 0.0000 0.0000 0.0000 0.0000 0.0000 1.0000 0.0000 0.0000 0.0000 0.0000 0.0000 0.0000 1.0000 1.0000 0.0000 0.0000 0.0900 0.0000 0.3571 0.0000 1.0000 
0.0000 1.0000 0.0000 0.0627 0.0000 0.3646 1.0000 0.0000 0.0000 0.0000 0.0000 1.0000 0.0000 0.0000 0.0000 0.0000 0.0000 0.0000 0.0000 0.0000 0.0000 0.0000 0.0000 0.0000 0.0000 0.0000 0.0000 0.0000 1.0000 0.0000 0.0000 0.0000 0.0000 0.0000 0.0000 0.0000 0.0000 1.0000 0.0000 0.0000 0.0000 0.0000 0.0000 0.0000 0.0000 1.0000 0.0000 0.0000 0.0000 0.0000 0.3415 0.0000 1.0000 
1.0000 0.0000 0.0000 0.0689 0.0000 0.0432 0.0000 1.0000 0.0000 0.0000 0.0000 0.0000 1.0000 0.0000 0.0000 0.0000 0.0000 0.0000 0.0000 0.0000 0.0000 0.0000 0.0000 0.0000 0.0000 0.0000 1.0000 0.0000 0.0000 0.0000 0.0000 0.0000 0.0000 0.0000 0.0000 0.0000 1.0000 0.0000 0.0000 0.0000 0.0000 0.0000 0.0000 0.0000 0.0000 1.0000 0.0000 0.0000 0.0500 0.0000 0.0000 0.0000 1.0000 
0.0000 1.0000 0.0000 0.0989 0.0000 0.3571 1.0000 0.0000 0.0000 0.0000 0.0000 1.0000 0.0000 0.0000 0.0000 1.0000 0.0000 0.0000 0.0000 0.0000 0.0000 0.0000 0.0000 0.0000 0.0000 0.0000 0.0000 0.0000 0.0000 0.0000 0.0000 1.0000 0.0000 0.0000 0.0000 0.0000 0.0000 0.0000 0.0000 0.0000 0.0351 1.0000 1.0000 0.0597 0.0000 1.0000 0.0000 0.0000 0.0250 0.0000 0.6332 1.0000 0.0000 
1.0000 0.0000 0.0000 0.3146 0.0000 0.0386 1.0000 0.0000 0.0000 0.0000 0.0000 1.0000 0.0000 0.0000 0.0000 0.0000 0.0000 0.0000 0.0000 0.0000 0.0000 1.0000 0.0000 0.0000 0.0000 0.0000 0.0000 0.0000 0.0000 0.0000 1.0000 0.0000 0.0000 0.0000 0.0000 0.0000 0.0000 0.0000 0.0000 0.0000 0.0409 0.0000 0.0000 0.0000 0.0000 0.0000 0.0000 1.0000 0.0140 0.0000 0.0000 0.0000 1.0000 
1.0000 0.0000 0.0000 0.1868 0.0000 0.0089 1.0000 0.0000 0.0000 0.0000 0.0000 1.0000 0.0000 0.0000 0.0000 0.0000 0.0000 0.0000 1.0000 0.0000 0.0000 0.0000 0.0000 0.0000 0.0000 0.0000 0.0000 0.0000 0.0000 0.0000 0.0000 0.0000 1.0000 0.0000 0.0000 0.0000 0.0000 0.0000 0.0000 0.0000 0.0000 1.0000 0.0000 0.0000 1.0000 1.0000 0.0000 0.0000 0.0000 0.0000 0.0000 1.0000 0.0000 
1.0000 0.0000 0.0000 0.1955 0.0000 0.0714 1.0000 0.0000 0.0000 0.0000 0.0000 1.0000 0.0000 0.0000 0.0000 0.0000 1.0000 0.0000 0.0000 0.0000 0.0000 0.0000 0.0000 0.0000 0.0000 0.0000 0.0000 0.0000 0.0000 0.0000 1.0000 0.0000 0.0000 0.0000 0.0000 0.0000 0.0000 0.0000 0.0000 0.0000 0.0263 0.0000 0.0000 0.0000 1.0000 1.0000 0.0000 0.0000 0.0400 0.0000 0.0000 0.0000 1.0000 
1.0000 0.0000 0.0000 0.3421 0.0000 0.1518 1.0000 0.0000 0.0000 0.0000 0.0000 1.0000 0.0000 0.0000 0.0000 0.0000 0.0000 0.0000 0.0000 0.0000 0.0000 0.0000 0.0000 1.0000 0.0000 0.0000 0.0000 0.0000 0.0000 0.0000 1.0000 0.0000 0.0000 0.0000 0.0000 0.0000 0.0000 0.0000 0.0000 0.0000 0.1228 0.0000 0.0000 0.0000 0.0000 1.0000 0.0000 0.0000 0.2270 0.0000 0.3415 0.0000 1.0000 
1.0000 0.0000 0.0000 0.2030 0.0000 0.0566 1.0000 0.0000 0.0000 0.0000 0.0000 1.0000 0.0000 0.0000 0.0000 0.0000 0.0000 1.0000 0.0000 0.0000 0.0000 0.0000 0.0000 0.0000 0.0000 0.0000 0.0000 0.0000 0.0000 0.0000 0.0000 1.0000 0.0000 0.0000 0.0000 0.0000 0.0000 0.0000 0.0000 0.0000 0.0644 1.0000 1.0000 0.1791 1.0000 1.0000 0.0000 0.0000 0.2915 0.0000 0.5707 1.0000 0.0000 
1.0000 0.0000 0.0000 0.4549 0.0000 0.0714 1.0000 0.0000 0.0000 0.0000 0.0000 1.0000 0.0000 0.0000 0.0000 0.0000 0.0000 0.0000 0.0000 0.0000 0.0000 1.0000 0.0000 0.0000 0.0000 0.0000 0.0000 0.0000 0.0000 0.0000 1.0000 0.0000 0.0000 0.0000 0.0000 0.0000 0.0000 0.0000 0.0000 0.0000 0.0614 1.0000 1.0000 0.0299 1.0000 1.0000 0.0000 0.0000 0.0000 0.0000 0.2408 1.0000 0.0000 
0.0000 1.0000 0.0000 0.1504 0.0000 0.0254 1.0000 0.0000 0.0000 0.0000 0.0000 1.0000 0.0000 0.0000 0.0000 0.0000 0.0000 0.0000 0.0000 0.0000 0.0000 0.0000 0.0000 0.0000 1.0000 0.0000 0.0000 0.0000 0.0000 0.0000 1.0000 0.0000 0.0000 0.0000 0.0000 0.0000 0.0000 0.0000 0.0000 0.0000 0.0088 0.0000 1.0000 0.0149 1.0000 1.0000 0.0000 0.0000 0.1200 0.0000 0.1398 0.0000 1.0000 
1.0000 0.0000 0.0000 0.1403 0.0000 0.0893 1.0000 0.0000 0.0000 0.0000 0.0000 1.0000 0.0000 0.0000 0.0000 1.0000 0.0000 0.0000 0.0000 0.0000 0.0000 0.0000 0.0000 0.0000 0.0000 0.0000 0.0000 0.0000 0.0000 0.0000 1.0000 0.0000 0.0000 0.0000 0.0000 0.0000 0.0000 0.0000 0.0000 0.0000 0.0381 1.0000 1.0000 0.1642 1.0000 1.0000 0.0000 0.0000 0.0300 0.0000 0.6679 1.0000 0.0000 
0.0000 1.0000 0.0000 0.1203 0.0000 0.0625 0.0000 1.0000 0.0000 0.0000 0.0000 0.0000 1.0000 0.0000 0.0000 0.0000 0.0000 0.0000 0.0000 1.0000 0.0000 0.0000 0.0000 0.0000 0.0000 0.0000 0.0000 0.0000 0.0000 0.0000 0.0000 0.0000 0.0000 1.0000 0.0000 0.0000 0.0000 0.0000 0.0000 0.0000 0.0000 0.0000 0.0000 0.0000 0.0000 1.0000 0.0000 0.0000 0.0800 0.0000 0.0000 0.0000 1.0000 
0.0000 1.0000 0.0000 0.1854 0.0000 0.3095 1.0000 0.0000 0.0000 0.0000 0.0000 1.0000 0.0000 0.0000 0.0000 0.0000 0.0000 0.0000 0.0000 0.0000 0.0000 0.0000 0.0000 0.0000 0.0000 0.0000 0.0000 1.0000 0.0000 0.0000 1.0000 0.0000 0.0000 0.0000 0.0000 0.0000 0.0000 0.0000 0.0000 0.0000 0.0496 1.0000 0.0000 0.0000 0.0000 1.0000 0.0000 0.0000 0.0800 0.0000 0.4358 1.0000 0.0000 
1.0000 0.0000 0.0000 0.1403 0.0000 0.4107 1.0000 0.0000 0.0000 0.0000 0.0000 1.0000 0.0000 0.0000 0.0000 0.0000 0.0000 0.0000 0.0000 0.0000 0.0000 0.0000 0.0000 0.0000 1.0000 0.0000 0.0000 0.0000 0.0000 0.0000 0.0000 1.0000 0.0000 0.0000 0.0000 0.0000 0.0000 0.0000 0.0000 0.0000 0.0746 1.0000 1.0000 0.1642 1.0000 1.0000 0.0000 0.0000 0.1450 0.0000 0.4910 1.0000 0.0000 
1.0000 0.0000 0.0000 0.1868 0.0000 0.0298 1.0000 0.0000 0.0000 0.0000 0.0000 1.0000 0.0000 0.0000 0.0000 0.0000 0.0000 1.0000 0.0000 0.0000 0.0000 0.0000 0.0000 0.0000 0.0000 0.0000 0.0000 0.0000 0.0000 0.0000 1.0000 0.0000 0.0000 0.0000 0.0000 0.0000 0.0000 0.0000 0.0000 0.0000 0.0409 0.0000 0.0000 0.0000 0.0000 1.0000 0.0000 0.0000 0.0500 0.0000 0.0000 0.0000 1.0000 
1.0000 0.0000 0.0000 0.3872 0.0000 0.1518 1.0000 0.0000 0.0000 0.0000 0.0000 1.0000 0.0000 0.0000 0.0000 1.0000 0.0000 0.0000 0.0000 0.0000 0.0000 0.0000 0.0000 0.0000 0.0000 0.0000 0.0000 0.0000 0.0000 0.0000 0.0000 0.0000 1.0000 0.0000 0.0000 0.0000 0.0000 0.0000 0.0000 0.0000 0.2281 1.0000 1.0000 0.2388 0.0000 1.0000 0.0000 0.0000 0.0585 0.0000 0.6166 1.0000 0.0000 
1.0000 0.0000 0.0000 0.8973 0.0000 0.6339 1.0000 0.0000 0.0000 0.0000 0.0000 1.0000 0.0000 0.0000 0.0000 0.0000 0.0000 0.0000 0.0000 0.0000 0.0000 0.0000 0.0000 0.0000 0.0000 0.0000 0.0000 0.0000 1.0000 0.0000 0.0000 0.0000 0.0000 0.0000 0.0000 0.0000 0.0000 1.0000 0.0000 0.0000 0.0000 1.0000 0.0000 0.0000 1.0000 1.0000 0.0000 0.0000 0.0000 0.0000 0.0000 1.0000 0.0000 
1.0000 0.0000 0.0000 0.0815 0.0000 0.1429 0.0000 1.0000 0.0000 0.0000 0.0000 0.0000 1.0000 0.0000 0.0000 0.0000 0.0000 0.0000 1.0000 0.0000 0.0000 0.0000 0.0000 0.0000 0.0000 0.0000 0.0000 0.0000 0.0000 0.0000 1.0000 0.0000 0.0000 0.0000 0.0000 0.0000 0.0000 0.0000 0.0000 0.0000 0.0351 0.0000 0.0000 0.0000 1.0000 1.0000 0.0000 0.0000 0.1800 0.0000 0.6001 0.0000 1.0000 
1.0000 0.0000 0.0000 0.6116 0.0000 0.0179 0.0000 1.0000 0.0000 0.0000 0.0000 0.0000 1.0000 0.0000 0.0000 0.0000 0.0000 0.0000 0.0000 0.0000 1.0000 0.0000 0.0000 0.0000 0.0000 0.0000 0.0000 0.0000 0.0000 0.0000 0.0000 1.0000 0.0000 0.0000 0.0000 0.0000 0.0000 0.0000 0.0000 0.0000 0.1389 1.0000 0.0000 0.0000 0.0000 1.0000 0.0000 0.0000 0.0900 0.0000 0.4997 1.0000 0.0000 
0.0000 1.0000 0.0000 0.8696 0.0000 0.0000 0.0000 0.0000 0.0000 0.0000 1.0000 0.0000 0.0000 0.0000 1.0000 0.0000 0.0000 0.0000 0.0000 0.0000 0.0000 0.0000 0.0000 0.0000 0.0000 0.0000 0.0000 0.0000 0.0000 1.0000 0.0000 0.0000 0.0000 0.0000 0.0000 0.0000 0.0000 0.0000 0.0000 1.0000 0.0000 0.0000 0.0000 0.0000 0.0000 0.0000 1.0000 0.0000 0.0000 0.0000 0.0000 1.0000 0.0000 
0.0000 0.0000 1.0000 0.2406 0.0000 0.0238 1.0000 0.0000 0.0000 0.0000 0.0000 1.0000 0.0000 0.0000 0.0000 0.0000 0.0000 0.0000 0.0000 0.0000 0.0000 0.0000 0.0000 0.0000 1.0000 0.0000 0.0000 0.0000 0.0000 0.0000 1.0000 0.0000 0.0000 0.0000 0.0000 0.0000 0.0000 0.0000 0.0000 0.0000 0.0088 0.0000 0.0000 0.0000 1.0000 1.0000 0.0000 0.0000 0.1500 0.0000 0.0000 0.0000 1.0000 
1.0000 0.0000 0.0000 0.2093 0.0000 0.0714 1.0000 0.0000 0.0000 0.0000 0.0000 1.0000 0.0000 0.0000 0.0000 0.0000 0.0000 0.0000 0.0000 0.0000 0.0000 0.0000 0.0000 0.0000 0.0000 1.0000 0.0000 0.0000 0.0000 0.0000 0.0000 1.0000 0.0000 0.0000 0.0000 0.0000 0.0000 0.0000 0.0000 0.0000 0.0351 1.0000 1.0000 0.0597 0.0000 1.0000 0.0000 0.0000 0.0700 0.0000 0.7755 1.0000 0.0000 
1.0000 0.0000 0.0000 0.0853 0.0000 0.2589 1.0000 0.0000 0.0000 0.0000 0.0000 1.0000 0.0000 0.0000 0.0000 0.0000 0.0000 0.0000 0.0000 0.0000 0.0000 1.0000 0.0000 0.0000 0.0000 0.0000 0.0000 0.0000 0.0000 0.0000 1.0000 0.0000 0.0000 0.0000 0.0000 0.0000 0.0000 0.0000 0.0000 0.0000 0.0014 0.0000 1.0000 0.0149 0.0000 1.0000 0.0000 0.0000 0.0500 0.0000 0.0602 0.0000 1.0000 
1.0000 0.0000 0.0000 0.2657 0.0000 0.5536 1.0000 0.0000 0.0000 0.0000 0.0000 1.0000 0.0000 0.0000 0.0000 1.0000 0.0000 0.0000 0.0000 0.0000 0.0000 0.0000 0.0000 0.0000 0.0000 0.0000 0.0000 0.0000 0.0000 0.0000 1.0000 0.0000 0.0000 0.0000 0.0000 0.0000 0.0000 0.0000 0.0000 0.0000 0.0175 1.0000 0.0000 0.0000 0.0000 1.0000 0.0000 0.0000 0.0600 0.0000 0.0000 0.0000 1.0000 
1.0000 0.0000 0.0000 0.5238 0.0000 0.0073 0.0000 1.0000 0.0000 0.0000 0.0000 0.0000 1.0000 0.0000 0.0000 0.0000 0.0000 0.0000 0.0000 0.0000 1.0000 0.0000 0.0000 0.0000 0.0000 0.0000 0.0000 0.0000 0.0000 0.0000 1.0000 0.0000 0.0000 0.0000 0.0000 0.0000 0.0000 0.0000 0.0000 0.0000 0.0088 1.0000 1.0000 0.1642 0.0000 1.0000 0.0000 0.0000 0.1900 0.0000 0.6873 1.0000 0.0000 
1.0000 0.0000 0.0000 0.2883 0.0000 0.0893 1.0000 0.0000 0.0000 0.0000 0.0000 1.0000 0.0000 0.0000 0.0000 0.0000 0.0000 0.0000 0.0000 0.0000 0.0000 0.0000 0.0000 0.0000 0.0000 0.0000 0.0000 1.0000 0.0000 0.0000 1.0000 0.0000 0.0000 0.0000 0.0000 0.0000 0.0000 0.0000 0.0000 0.0000 0.0614 0.0000 1.0000 0.0299 1.0000 1.0000 0.0000 0.0000 0.3600 0.0000 0.0000 0.0000 1.0000 
1.0000 0.0000 0.0000 0.5026 0.0000 0.2084 1.0000 0.0000 0.0000 0.0000 0.0000 1.0000 0.0000 0.0000 0.0000 0.0000 0.0000 0.0000 0.0000 0.0000 0.0000 0.0000 0.0000 0.0000 1.0000 0.0000 0.0000 0.0000 0.0000 0.0000 1.0000 0.0000 0.0000 0.0000 0.0000 0.0000 0.0000 0.0000 0.0000 0.0000 0.1930 0.0000 0.0000 0.0000 0.0000 1.0000 0.0000 0.0000 0.2325 0.0000 0.4358 0.0000 1.0000 
1.0000 0.0000 0.0000 0.0965 0.0000 0.2009 1.0000 0.0000 0.0000 0.0000 0.0000 1.0000 0.0000 0.0000 0.0000 0.0000 0.0000 0.0000 0.0000 0.0000 0.0000 0.0000 0.0000 0.0000 1.0000 0.0000 0.0000 0.0000 0.0000 0.0000 1.0000 0.0000 0.0000 0.0000 0.0000 0.0000 0.0000 0.0000 0.0000 0.0000 0.0600 1.0000 0.0000 0.0000 0.0000 0.0000 0.0000 1.0000 0.0600 0.0000 0.0000 1.0000 0.0000 
0.0000 1.0000 0.0000 0.2632 0.0000 0.1339 1.0000 0.0000 0.0000 0.0000 0.0000 1.0000 0.0000 0.0000 0.0000 0.0000 0.0000 1.0000 0.0000 0.0000 0.0000 0.0000 0.0000 0.0000 0.0000 0.0000 0.0000 0.0000 0.0000 0.0000 0.0000 1.0000 0.0000 0.0000 0.0000 0.0000 0.0000 0.0000 0.0000 0.0000 0.0219 1.0000 1.0000 0.1343 1.0000 1.0000 0.0000 0.0000 0.0905 0.0000 0.0000 1.0000 0.0000 
1.0000 0.0000 0.0000 0.2469 0.0000 0.0388 0.0000 1.0000 0.0000 0.0000 0.0000 0.0000 1.0000 0.0000 0.0000 1.0000 0.0000 0.0000 0.0000 0.0000 0.0000 0.0000 0.0000 0.0000 0.0000 0.0000 0.0000 0.0000 0.0000 0.0000 1.0000 0.0000 0.0000 0.0000 0.0000 0.0000 0.0000 0.0000 0.0000 0.0000 0.0014 0.0000 0.0000 0.0000 0.0000 1.0000 0.0000 0.0000 0.0850 0.0000 0.4511 0.0000 1.0000 
0.0000 1.0000 0.0000 0.2218 0.0000 0.0357 1.0000 0.0000 0.0000 0.0000 0.0000 1.0000 0.0000 0.0000 0.0000 0.0000 0.0000 0.0000 0.0000 0.0000 0.0000 0.0000 0.0000 1.0000 0.0000 0.0000 0.0000 0.0000 0.0000 0.0000 1.0000 0.0000 0.0000 0.0000 0.0000 0.0000 0.0000 0.0000 0.0000 0.0000 0.0351 1.0000 1.0000 0.0299 1.0000 1.0000 0.0000 0.0000 0.0835 0.0000 0.5400 0.0000 1.0000 
1.0000 0.0000 0.0000 0.2995 0.0000 0.0773 1.0000 0.0000 0.0000 0.0000 0.0000 1.0000 0.0000 0.0000 0.0000 1.0000 0.0000 0.0000 0.0000 0.0000 0.0000 0.0000 0.0000 0.0000 0.0000 0.0000 0.0000 0.0000 0.0000 0.0000 1.0000 0.0000 0.0000 0.0000 0.0000 0.0000 0.0000 0.0000 0.0000 0.0000 0.0526 0.0000 0.0000 0.0000 0.0000 0.0000 1.0000 0.0000 0.0600 0.0000 0.0000 0.0000 1.0000 
1.0000 0.0000 0.0000 0.2093 0.0000 0.0268 1.0000 0.0000 0.0000 0.0000 0.0000 1.0000 0.0000 0.0000 0.0000 0.0000 0.0000 0.0000 0.0000 0.0000 0.0000 0.0000 0.0000 1.0000 0.0000 0.0000 0.0000 0.0000 0.0000 0.0000 0.0000 1.0000 0.0000 0.0000 0.0000 0.0000 0.0000 0.0000 0.0000 0.0000 0.0058 0.0000 0.0000 0.0000 1.0000 1.0000 0.0000 0.0000 0.1100 0.0000 0.4803 0.0000 1.0000 
0.0000 1.0000 0.0000 0.0952 0.0000 0.0446 1.0000 0.0000 0.0000 0.0000 0.0000 1.0000 0.0000 0.0000 0.0000 1.0000 0.0000 0.0000 0.0000 0.0000 0.0000 0.0000 0.0000 0.0000 0.0000 0.0000 0.0000 0.0000 0.0000 0.0000 1.0000 0.0000 0.0000 0.0000 0.0000 0.0000 0.0000 0.0000 0.0000 0.0000 0.0000 0.0000 0.0000 0.0000 0.0000 1.0000 0.0000 0.0000 0.0000 0.0000 0.0000 0.0000 1.0000 
1.0000 0.0000 0.0000 0.2380 0.0000 0.1696 1.0000 0.0000 0.0000 0.0000 0.0000 1.0000 0.0000 0.0000 0.0000 0.0000 0.0000 0.0000 0.0000 0.0000 0.0000 1.0000 0.0000 0.0000 0.0000 0.0000 0.0000 0.0000 0.0000 0.0000 1.0000 0.0000 0.0000 0.0000 0.0000 0.0000 0.0000 0.0000 0.0000 0.0000 0.0702 0.0000 1.0000 0.0149 1.0000 1.0000 0.0000 0.0000 0.2300 0.0000 0.3678 0.0000 1.0000 
1.0000 0.0000 0.0000 0.6341 0.0000 0.4107 1.0000 0.0000 0.0000 0.0000 0.0000 1.0000 0.0000 0.0000 0.0000 0.0000 0.0000 0.0000 0.0000 0.0000 0.0000 0.0000 0.0000 0.0000 0.0000 0.0000 0.0000 0.0000 1.0000 0.0000 0.0000 0.0000 0.0000 0.0000 0.0000 0.0000 0.0000 1.0000 0.0000 0.0000 0.1754 1.0000 1.0000 0.0746 0.0000 1.0000 0.0000 0.0000 0.0000 0.0000 0.7894 1.0000 0.0000 
1.0000 0.0000 0.0000 0.2732 0.0000 0.1593 1.0000 0.0000 0.0000 0.0000 0.0000 1.0000 0.0000 0.0000 0.0000 0.0000 0.0000 1.0000 0.0000 0.0000 0.0000 0.0000 0.0000 0.0000 0.0000 0.0000 0.0000 0.0000 0.0000 0.0000 0.0000 1.0000 0.0000 0.0000 0.0000 0.0000 0.0000 0.0000 0.0000 0.0000 0.2119 1.0000 1.0000 0.0448 0.0000 1.0000 0.0000 0.0000 0.1555 0.0000 0.4957 1.0000 0.0000 
1.0000 0.0000 0.0000 0.1341 0.0000 0.3750 1.0000 0.0000 0.0000 0.0000 0.0000 1.0000 0.0000 0.0000 0.0000 0.0000 0.0000 0.0000 0.0000 0.0000 0.0000 0.0000 0.0000 1.0000 0.0000 0.0000 0.0000 0.0000 0.0000 0.0000 0.0000 1.0000 0.0000 0.0000 0.0000 0.0000 0.0000 0.0000 0.0000 0.0000 0.0468 1.0000 0.0000 0.0000 0.0000 1.0000 0.0000 0.0000 0.0500 0.0000 0.0000 1.0000 0.0000 
0.0000 1.0000 0.0000 0.6755 0.0000 0.1593 1.0000 0.0000 0.0000 0.0000 0.0000 1.0000 0.0000 0.0000 0.0000 0.0000 0.0000 0.0000 0.0000 0.0000 0.0000 0.0000 0.0000 1.0000 0.0000 0.0000 0.0000 0.0000 0.0000 0.0000 0.0000 1.0000 0.0000 0.0000 0.0000 0.0000 0.0000 0.0000 0.0000 0.0000 0.1067 1.0000 1.0000 0.0896 0.0000 1.0000 0.0000 0.0000 0.0215 0.0000 0.5498 1.0000 0.0000 
1.0000 0.0000 0.0000 0.0764 0.0000 0.1264 0.0000 1.0000 0.0000 0.0000 0.0000 0.0000 1.0000 0.0000 0.0000 0.0000 0.0000 0.0000 0.0000 0.0000 0.0000 0.0000 0.0000 0.0000 0.0000 0.0000 0.0000 0.0000 1.0000 0.0000 0.0000 0.0000 0.0000 0.0000 0.0000 0.0000 0.0000 1.0000 0.0000 0.0000 0.0000 0.0000 0.0000 0.0000 1.0000 1.0000 0.0000 0.0000 0.0900 0.0000 0.0602 0.0000 1.0000 
0.0000 1.0000 0.0000 0.1316 0.0000 0.3021 0.0000 1.0000 0.0000 0.0000 0.0000 0.0000 1.0000 0.0000 0.0000 0.0000 0.0000 0.0000 0.0000 0.0000 0.0000 0.0000 0.0000 0.0000 0.0000 1.0000 0.0000 0.0000 0.0000 0.0000 1.0000 0.0000 0.0000 0.0000 0.0000 0.0000 0.0000 0.0000 0.0000 0.0000 0.0863 0.0000 0.0000 0.0000 0.0000 1.0000 0.0000 0.0000 0.0820 0.0000 0.0000 1.0000 0.0000 
1.0000 0.0000 0.0000 0.1692 0.0000 0.4286 1.0000 0.0000 0.0000 0.0000 0.0000 1.0000 0.0000 0.0000 0.0000 0.0000 0.0000 0.0000 0.0000 0.0000 1.0000 0.0000 0.0000 0.0000 0.0000 0.0000 0.0000 0.0000 0.0000 0.0000 1.0000 0.0000 0.0000 0.0000 0.0000 0.0000 0.0000 0.0000 0.0000 0.0000 0.0789 1.0000 1.0000 0.0299 1.0000 1.0000 0.0000 0.0000 0.0600 0.0000 0.1556 0.0000 1.0000 
0.0000 1.0000 0.0000 0.1015 0.0000 0.4227 1.0000 0.0000 0.0000 0.0000 0.0000 1.0000 0.0000 0.0000 0.0000 1.0000 0.0000 0.0000 0.0000 0.0000 0.0000 0.0000 0.0000 0.0000 0.0000 0.0000 0.0000 0.0000 0.0000 0.0000 0.0000 1.0000 0.0000 0.0000 0.0000 0.0000 0.0000 0.0000 0.0000 0.0000 0.2105 1.0000 0.0000 0.0000 0.0000 1.0000 0.0000 0.0000 0.1700 0.0000 0.0000 1.0000 0.0000 
1.0000 0.0000 0.0000 0.1191 0.0000 0.0416 0.0000 1.0000 0.0000 0.0000 0.0000 0.0000 1.0000 0.0000 0.0000 0.0000 0.0000 0.0000 0.0000 0.0000 1.0000 0.0000 0.0000 0.0000 0.0000 0.0000 0.0000 0.0000 0.0000 0.0000 1.0000 0.0000 0.0000 0.0000 0.0000 0.0000 0.0000 0.0000 0.0000 0.0000 0.0877 1.0000 1.0000 0.0149 0.0000 1.0000 0.0000 0.0000 0.0900 0.0000 0.2644 0.0000 1.0000 
0.0000 1.0000 0.0000 0.2794 0.0000 0.0193 1.0000 0.0000 0.0000 0.0000 0.0000 1.0000 0.0000 0.0000 0.0000 0.0000 0.0000 1.0000 0.0000 0.0000 0.0000 0.0000 0.0000 0.0000 0.0000 0.0000 0.0000 0.0000 0.0000 0.0000 1.0000 0.0000 0.0000 0.0000 0.0000 0.0000 0.0000 0.0000 0.0000 0.0000 0.0014 1.0000 0.0000 0.0000 0.0000 1.0000 0.0000 0.0000 0.2200 0.0000 0.8097 1.0000 0.0000 
1.0000 0.0000 0.0000 0.1177 0.0000 0.0282 0.0000 1.0000 0.0000 0.0000 0.0000 0.0000 1.0000 0.0000 0.0000 0.0000 0.0000 1.0000 0.0000 0.0000 0.0000 0.0000 0.0000 0.0000 0.0000 0.0000 0.0000 0.0000 0.0000 0.0000 1.0000 0.0000 0.0000 0.0000 0.0000 0.0000 0.0000 0.0000 0.0000 0.0000 0.0233 0.0000 0.0000 0.0000 0.0000 1.0000 0.0000 0.0000 0.0800 0.0000 0.0000 0.0000 1.0000 
1.0000 0.0000 0.0000 0.2869 0.0000 0.0893 1.0000 0.0000 0.0000 0.0000 0.0000 1.0000 0.0000 0.0000 0.0000 0.0000 0.0000 1.0000 0.0000 0.0000 0.0000 0.0000 0.0000 0.0000 0.0000 0.0000 0.0000 0.0000 0.0000 0.0000 0.0000 1.0000 0.0000 0.0000 0.0000 0.0000 0.0000 0.0000 0.0000 0.0000 0.0965 1.0000 1.0000 0.0896 0.0000 1.0000 0.0000 0.0000 0.0800 0.0000 0.6633 1.0000 0.0000 
0.0000 1.0000 0.0000 0.5877 0.0000 0.5357 1.0000 0.0000 0.0000 0.0000 0.0000 1.0000 0.0000 0.0000 0.0000 1.0000 0.0000 0.0000 0.0000 0.0000 0.0000 0.0000 0.0000 0.0000 0.0000 0.0000 0.0000 0.0000 0.0000 0.0000 1.0000 0.0000 0.0000 0.0000 0.0000 0.0000 0.0000 0.0000 0.0000 0.0000 0.1930 1.0000 1.0000 0.2090 0.0000 1.0000 0.0000 0.0000 0.0000 0.0000 0.6685 1.0000 0.0000 
1.0000 0.0000 0.0000 0.2356 0.0000 0.0446 1.0000 0.0000 0.0000 0.0000 0.0000 1.0000 0.0000 0.0000 0.0000 1.0000 0.0000 0.0000 0.0000 0.0000 0.0000 0.0000 0.0000 0.0000 0.0000 0.0000 0.0000 0.0000 0.0000 0.0000 0.0000 1.0000 0.0000 0.0000 0.0000 0.0000 0.0000 0.0000 0.0000 0.0000 0.0088 0.0000 1.0000 0.0299 1.0000 1.0000 0.0000 0.0000 0.2000 0.0000 0.4075 0.0000 1.0000 
1.0000 0.0000 0.0000 0.1253 0.0000 0.3929 1.0000 0.0000 0.0000 0.0000 0.0000 1.0000 0.0000 0.0000 0.0000 0.0000 0.0000 1.0000 0.0000 0.0000 0.0000 0.0000 0.0000 0.0000 0.0000 0.0000 0.0000 0.0000 0.0000 0.0000 1.0000 0.0000 0.0000 0.0000 0.0000 0.0000 0.0000 0.0000 0.0000 0.0000 0.0233 1.0000 0.0000 0.0000 0.0000 1.0000 0.0000 0.0000 0.0500 0.0000 0.0000 1.0000 0.0000 
1.0000 0.0000 0.0000 0.5162 0.0000 0.1339 1.0000 0.0000 0.0000 0.0000 0.0000 1.0000 0.0000 0.0000 0.0000 0.0000 0.0000 0.0000 1.0000 0.0000 0.0000 0.0000 0.0000 0.0000 0.0000 0.0000 0.0000 0.0000 0.0000 0.0000 0.0000 0.0000 1.0000 0.0000 0.0000 0.0000 0.0000 0.0000 0.0000 0.0000 0.0351 0.0000 0.0000 0.0000 0.0000 1.0000 0.0000 0.0000 0.0500 0.0000 0.0954 0.0000 1.0000 
1.0000 0.0000 0.0000 0.1379 0.0000 0.1130 0.0000 1.0000 0.0000 0.0000 0.0000 0.0000 1.0000 0.0000 0.0000 1.0000 0.0000 0.0000 0.0000 0.0000 0.0000 0.0000 0.0000 0.0000 0.0000 0.0000 0.0000 0.0000 0.0000 0.0000 1.0000 0.0000 0.0000 0.0000 0.0000 0.0000 0.0000 0.0000 0.0000 0.0000 0.0058 0.0000 0.0000 0.0000 0.0000 1.0000 0.0000 0.0000 0.0800 0.0000 0.6050 0.0000 1.0000 
1.0000 0.0000 0.0000 0.1755 0.0000 0.0193 1.0000 0.0000 0.0000 0.0000 0.0000 1.0000 0.0000 0.0000 0.0000 0.0000 0.0000 0.0000 0.0000 0.0000 0.0000 0.0000 0.0000 0.0000 1.0000 0.0000 0.0000 0.0000 0.0000 0.0000 1.0000 0.0000 0.0000 0.0000 0.0000 0.0000 0.0000 0.0000 0.0000 0.0000 0.0058 0.0000 1.0000 0.0149 0.0000 1.0000 0.0000 0.0000 0.1360 0.0000 0.5297 0.0000 1.0000 
0.0000 1.0000 0.0000 0.7568 0.0000 0.0059 1.0000 0.0000 0.0000 0.0000 0.0000 1.0000 0.0000 0.0000 0.0000 0.0000 0.0000 0.0000 0.0000 0.0000 0.0000 0.0000 0.0000 0.0000 0.0000 0.0000 0.0000 0.0000 1.0000 0.0000 0.0000 0.0000 0.0000 0.0000 0.0000 0.0000 0.0000 1.0000 0.0000 0.0000 0.0000 1.0000 1.0000 0.0149 0.0000 1.0000 0.0000 0.0000 0.1160 0.0000 0.4009 1.0000 0.0000 
0.0000 1.0000 0.0000 0.1316 0.0000 0.3036 1.0000 0.0000 0.0000 0.0000 0.0000 1.0000 0.0000 0.0000 0.0000 0.0000 0.0000 0.0000 0.0000 0.0000 0.0000 0.0000 0.0000 1.0000 0.0000 0.0000 0.0000 0.0000 0.0000 0.0000 1.0000 0.0000 0.0000 0.0000 0.0000 0.0000 0.0000 0.0000 0.0000 0.0000 0.0614 1.0000 1.0000 0.1493 0.0000 1.0000 0.0000 0.0000 0.0400 0.0000 0.5992 0.0000 1.0000 
1.0000 0.0000 0.0000 0.3872 0.0000 0.0580 1.0000 0.0000 0.0000 0.0000 0.0000 1.0000 0.0000 0.0000 0.0000 1.0000 0.0000 0.0000 0.0000 0.0000 0.0000 0.0000 0.0000 0.0000 0.0000 0.0000 0.0000 0.0000 0.0000 0.0000 1.0000 0.0000 0.0000 0.0000 0.0000 0.0000 0.0000 0.0000 0.0000 0.0000 0.0526 0.0000 0.0000 0.0000 0.0000 1.0000 0.0000 0.0000 0.0000 0.0000 0.5002 0.0000 1.0000 
1.0000 0.0000 0.0000 0.4086 0.0000 0.0804 0.0000 1.0000 0.0000 0.0000 0.0000 0.0000 1.0000 0.0000 0.0000 0.0000 0.0000 0.0000 0.0000 0.0000 0.0000 0.0000 0.0000 0.0000 0.0000 1.0000 0.0000 0.0000 0.0000 0.0000 0.0000 1.0000 0.0000 0.0000 0.0000 0.0000 0.0000 0.0000 0.0000 0.0000 0.3509 1.0000 0.0000 0.0000 1.0000 1.0000 0.0000 0.0000 0.0880 0.0000 0.0000 0.0000 1.0000 
1.0000 0.0000 0.0000 0.2782 0.0000 0.0059 0.0000 1.0000 0.0000 0.0000 0.0000 0.0000 1.0000 0.0000 0.0000 1.0000 0.0000 0.0000 0.0000 0.0000 0.0000 0.0000 0.0000 0.0000 0.0000 0.0000 0.0000 0.0000 0.0000 0.0000 0.0000 1.0000 0.0000 0.0000 0.0000 0.0000 0.0000 0.0000 0.0000 0.0000 0.1140 1.0000 1.0000 0.0149 1.0000 1.0000 0.0000 0.0000 0.2160 0.0000 0.7806 1.0000 0.0000 
1.0000 0.0000 0.0000 0.6741 0.0000 0.0968 1.0000 0.0000 0.0000 0.0000 0.0000 1.0000 0.0000 0.0000 0.0000 1.0000 0.0000 0.0000 0.0000 0.0000 0.0000 0.0000 0.0000 0.0000 0.0000 0.0000 0.0000 0.0000 0.0000 0.0000 1.0000 0.0000 0.0000 0.0000 0.0000 0.0000 0.0000 0.0000 0.0000 0.0000 0.0847 0.0000 0.0000 0.0000 1.0000 1.0000 0.0000 0.0000 0.1600 0.0000 0.0000 0.0000 1.0000 
1.0000 0.0000 0.0000 0.3922 0.0000 0.0179 1.0000 0.0000 0.0000 0.0000 0.0000 1.0000 0.0000 0.0000 0.0000 0.0000 0.0000 0.0000 0.0000 0.0000 0.0000 1.0000 0.0000 0.0000 0.0000 0.0000 0.0000 0.0000 0.0000 0.0000 1.0000 0.0000 0.0000 0.0000 0.0000 0.0000 0.0000 0.0000 0.0000 0.0000 0.0088 1.0000 0.0000 0.0000 0.0000 0.0000 0.0000 1.0000 0.1440 0.0000 0.0000 0.0000 1.0000 
1.0000 0.0000 0.0000 0.4399 0.0000 0.0104 0.0000 1.0000 0.0000 0.0000 0.0000 0.0000 1.0000 0.0000 0.0000 0.0000 0.0000 1.0000 0.0000 0.0000 0.0000 0.0000 0.0000 0.0000 0.0000 0.0000 0.0000 0.0000 0.0000 0.0000 0.0000 1.0000 0.0000 0.0000 0.0000 0.0000 0.0000 0.0000 0.0000 0.0000 0.0614 1.0000 1.0000 0.1194 0.0000 1.0000 0.0000 0.0000 0.0500 0.0000 0.5150 1.0000 0.0000 
1.0000 0.0000 0.0000 0.0740 0.0000 0.1786 1.0000 0.0000 0.0000 0.0000 0.0000 1.0000 0.0000 0.0000 0.0000 0.0000 0.0000 0.0000 0.0000 0.0000 0.0000 0.0000 0.0000 1.0000 0.0000 0.0000 0.0000 0.0000 0.0000 0.0000 1.0000 0.0000 0.0000 0.0000 0.0000 0.0000 0.0000 0.0000 0.0000 0.0000 0.0132 1.0000 1.0000 0.0299 0.0000 1.0000 0.0000 0.0000 0.0000 0.0000 0.3182 0.0000 1.0000 
1.0000 0.0000 0.0000 0.3571 0.0000 0.0402 0.0000 1.0000 0.0000 0.0000 0.0000 0.0000 1.0000 0.0000 0.0000 0.0000 1.0000 0.0000 0.0000 0.0000 0.0000 0.0000 0.0000 0.0000 0.0000 0.0000 0.0000 0.0000 0.0000 0.0000 1.0000 0.0000 0.0000 0.0000 0.0000 0.0000 0.0000 0.0000 0.0000 0.0000 0.0526 0.0000 0.0000 0.0000 1.0000 1.0000 0.0000 0.0000 0.2155 0.0000 0.0000 1.0000 0.0000 
1.0000 0.0000 0.0000 0.2319 0.0000 0.1250 1.0000 0.0000 0.0000 0.0000 0.0000 1.0000 0.0000 0.0000 0.0000 0.0000 0.0000 0.0000 0.0000 0.0000 0.0000 0.0000 0.0000 0.0000 1.0000 0.0000 0.0000 0.0000 0.0000 0.0000 1.0000 0.0000 0.0000 0.0000 0.0000 0.0000 0.0000 0.0000 0.0000 0.0000 0.1228 1.0000 1.0000 0.0448 1.0000 1.0000 0.0000 0.0000 0.1645 0.0000 0.0000 0.0000 1.0000 
0.0000 1.0000 0.0000 0.0815 0.0000 0.0209 0.0000 1.0000 0.0000 0.0000 0.0000 0.0000 1.0000 0.0000 0.0000 0.0000 0.0000 0.0000 0.0000 0.0000 0.0000 0.0000 0.0000 0.0000 0.0000 0.0000 0.0000 1.0000 0.0000 0.0000 1.0000 0.0000 0.0000 0.0000 0.0000 0.0000 0.0000 0.0000 0.0000 0.0000 0.0205 1.0000 0.0000 0.0000 1.0000 1.0000 0.0000 0.0000 0.0800 0.0000 0.0000 0.0000 1.0000 
0.0000 1.0000 0.0000 0.0000 1.0000 0.0536 1.0000 0.0000 0.0000 0.0000 0.0000 1.0000 0.0000 0.0000 0.0000 0.0000 0.0000 0.0000 0.0000 0.0000 0.0000 0.0000 0.0000 0.0000 0.0000 0.0000 0.0000 0.0000 1.0000 0.0000 0.0000 0.0000 0.0000 0.0000 0.0000 0.0000 0.0000 1.0000 0.0000 0.0000 0.0000 0.0000 1.0000 0.0299 1.0000 1.0000 0.0000 0.0000 0.1000 0.0000 0.4051 0.0000 1.0000 
1.0000 0.0000 0.0000 0.0815 0.0000 0.0000 0.0000 1.0000 0.0000 0.0000 0.0000 0.0000 1.0000 0.0000 0.0000 0.0000 0.0000 0.0000 0.0000 0.0000 0.0000 1.0000 0.0000 0.0000 0.0000 0.0000 0.0000 0.0000 0.0000 0.0000 0.0000 0.0000 1.0000 0.0000 0.0000 0.0000 0.0000 0.0000 0.0000 0.0000 0.0000 0.0000 0.0000 0.0000 1.0000 0.0000 0.0000 1.0000 0.2500 0.0000 0.0602 1.0000 0.0000 
1.0000 0.0000 0.0000 0.3132 0.0000 0.0000 0.0000 0.0000 0.0000 0.0000 1.0000 0.0000 0.0000 0.0000 1.0000 0.0000 0.0000 0.0000 0.0000 0.0000 0.0000 0.0000 0.0000 0.0000 0.0000 0.0000 0.0000 0.0000 0.0000 1.0000 0.0000 0.0000 0.0000 0.0000 0.0000 0.0000 0.0000 0.0000 0.0000 1.0000 0.0000 0.0000 0.0000 0.0000 0.0000 0.0000 1.0000 0.0000 0.0000 0.0000 0.0000 0.0000 1.0000 
1.0000 0.0000 0.0000 0.1454 0.0000 0.0209 1.0000 0.0000 0.0000 0.0000 0.0000 1.0000 0.0000 0.0000 0.0000 1.0000 0.0000 0.0000 0.0000 0.0000 0.0000 0.0000 0.0000 0.0000 0.0000 0.0000 0.0000 0.0000 0.0000 0.0000 0.0000 1.0000 0.0000 0.0000 0.0000 0.0000 0.0000 0.0000 0.0000 0.0000 0.0030 1.0000 0.0000 0.0000 0.0000 1.0000 0.0000 0.0000 0.0900 0.0000 0.0000 0.0000 1.0000 
0.0000 1.0000 0.0000 0.0777 0.0000 0.3304 0.0000 1.0000 0.0000 0.0000 0.0000 0.0000 1.0000 0.0000 0.0000 1.0000 0.0000 0.0000 0.0000 0.0000 0.0000 0.0000 0.0000 0.0000 0.0000 0.0000 0.0000 0.0000 0.0000 0.0000 1.0000 0.0000 0.0000 0.0000 0.0000 0.0000 0.0000 0.0000 0.0000 0.0000 0.0351 1.0000 1.0000 0.0597 1.0000 1.0000 0.0000 0.0000 0.0400 0.0000 0.5400 1.0000 0.0000 
0.0000 1.0000 0.0000 0.2932 0.0000 0.1071 0.0000 1.0000 0.0000 0.0000 0.0000 0.0000 1.0000 0.0000 0.0000 0.0000 0.0000 0.0000 0.0000 0.0000 0.0000 0.0000 0.0000 0.0000 0.0000 0.0000 0.0000 1.0000 0.0000 0.0000 1.0000 0.0000 0.0000 0.0000 0.0000 0.0000 0.0000 0.0000 0.0000 0.0000 0.0702 0.0000 0.0000 0.0000 0.0000 1.0000 0.0000 0.0000 0.0900 0.0000 0.0000 0.0000 1.0000 
1.0000 0.0000 0.0000 0.5176 0.0000 0.1250 1.0000 0.0000 0.0000 0.0000 0.0000 1.0000 0.0000 0.0000 0.0000 0.0000 0.0000 0.0000 0.0000 0.0000 0.0000 0.0000 0.0000 0.0000 0.0000 0.0000 0.0000 1.0000 0.0000 0.0000 1.0000 0.0000 0.0000 0.0000 0.0000 0.0000 0.0000 0.0000 0.0000 0.0000 0.1228 1.0000 0.0000 0.0000 0.0000 0.0000 0.0000 1.0000 0.1150 0.0000 0.0000 1.0000 0.0000 
1.0000 0.0000 0.0000 0.0501 0.0000 0.1175 1.0000 0.0000 0.0000 0.0000 0.0000 1.0000 0.0000 0.0000 0.0000 0.0000 0.0000 0.0000 1.0000 0.0000 0.0000 0.0000 0.0000 0.0000 0.0000 0.0000 0.0000 0.0000 0.0000 0.0000 1.0000 0.0000 0.0000 0.0000 0.0000 0.0000 0.0000 0.0000 0.0000 0.0000 0.0118 0.0000 0.0000 0.0000 1.0000 1.0000 0.0000 0.0000 0.0700 0.0000 0.0954 0.0000 1.0000 
1.0000 0.0000 0.0000 0.1805 0.0000 0.0179 1.0000 0.0000 0.0000 0.0000 0.0000 1.0000 0.0000 0.0000 0.0000 1.0000 0.0000 0.0000 0.0000 0.0000 0.0000 0.0000 0.0000 0.0000 0.0000 0.0000 0.0000 0.0000 0.0000 0.0000 1.0000 0.0000 0.0000 0.0000 0.0000 0.0000 0.0000 0.0000 0.0000 0.0000 0.0512 1.0000 1.0000 0.0746 1.0000 1.0000 0.0000 0.0000 0.1560 0.0000 0.0000 1.0000 0.0000 
1.0000 0.0000 0.0000 0.2644 0.0000 0.6964 1.0000 0.0000 0.0000 0.0000 0.0000 1.0000 0.0000 0.0000 0.0000 1.0000 0.0000 0.0000 0.0000 0.0000 0.0000 0.0000 0.0000 0.0000 0.0000 0.0000 0.0000 0.0000 0.0000 0.0000 1.0000 0.0000 0.0000 0.0000 0.0000 0.0000 0.0000 0.0000 0.0000 0.0000 0.2456 1.0000 1.0000 0.2388 0.0000 1.0000 0.0000 0.0000 0.0000 0.0000 0.7398 1.0000 0.0000 
1.0000 0.0000 0.0000 0.1992 0.0000 0.0536 0.0000 1.0000 0.0000 0.0000 0.0000 0.0000 1.0000 0.0000 0.0000 0.0000 0.0000 0.0000 0.0000 0.0000 0.0000 0.0000 0.0000 0.0000 1.0000 0.0000 0.0000 0.0000 0.0000 0.0000 1.0000 0.0000 0.0000 0.0000 0.0000 0.0000 0.0000 0.0000 0.0000 0.0000 0.0132 1.0000 0.0000 0.0000 1.0000 1.0000 0.0000 0.0000 0.1300 0.0000 0.6056 1.0000 0.0000 
0.0000 1.0000 0.0000 0.3997 0.0000 0.2693 0.0000 1.0000 0.0000 0.0000 0.0000 0.0000 1.0000 0.0000 0.0000 0.0000 0.0000 0.0000 0.0000 0.0000 0.0000 0.0000 0.0000 1.0000 0.0000 0.0000 0.0000 0.0000 0.0000 0.0000 0.0000 1.0000 0.0000 0.0000 0.0000 0.0000 0.0000 0.0000 0.0000 0.0000 0.2807 1.0000 1.0000 0.2090 0.0000 1.0000 0.0000 0.0000 0.0000 0.0000 0.6724 1.0000 0.0000 
0.0000 1.0000 0.0000 0.0815 0.0000 0.3066 1.0000 0.0000 0.0000 0.0000 0.0000 1.0000 0.0000 0.0000 0.0000 0.0000 0.0000 1.0000 0.0000 0.0000 0.0000 0.0000 0.0000 0.0000 0.0000 0.0000 0.0000 0.0000 0.0000 0.0000 0.0000 1.0000 0.0000 0.0000 0.0000 0.0000 0.0000 0.0000 0.0000 0.0000 0.0263 1.0000 1.0000 0.1045 0.0000 1.0000 0.0000 0.0000 0.0480 0.0000 0.0000 1.0000 0.0000 
0.0000 1.0000 0.0000 0.3609 0.0000 0.1964 1.0000 0.0000 0.0000 0.0000 0.0000 1.0000 0.0000 0.0000 0.0000 0.0000 0.0000 0.0000 0.0000 0.0000 0.0000 0.0000 0.0000 1.0000 0.0000 0.0000 0.0000 0.0000 0.0000 0.0000 1.0000 0.0000 0.0000 0.0000 0.0000 0.0000 0.0000 0.0000 0.0000 0.0000 0.0044 1.0000 0.0000 0.0000 1.0000 1.0000 0.0000 0.0000 0.1140 0.0000 0.0000 1.0000 0.0000 
0.0000 1.0000 0.0000 0.0902 0.0000 0.0268 1.0000 0.0000 0.0000 0.0000 0.0000 1.0000 0.0000 0.0000 0.0000 1.0000 0.0000 0.0000 0.0000 0.0000 0.0000 0.0000 0.0000 0.0000 0.0000 0.0000 0.0000 0.0000 0.0000 0.0000 1.0000 0.0000 0.0000 0.0000 0.0000 0.0000 0.0000 0.0000 0.0000 0.0000 0.0279 1.0000 1.0000 0.0746 1.0000 1.0000 0.0000 0.0000 0.0700 0.0000 0.1556 0.0000 1.0000 
1.0000 0.0000 0.0000 0.2281 0.0000 0.5357 1.0000 0.0000 0.0000 0.0000 0.0000 1.0000 0.0000 0.0000 0.0000 1.0000 0.0000 0.0000 0.0000 0.0000 0.0000 0.0000 0.0000 0.0000 0.0000 0.0000 0.0000 0.0000 0.0000 0.0000 0.0000 1.0000 0.0000 0.0000 0.0000 0.0000 0.0000 0.0000 0.0000 0.0000 0.1872 1.0000 1.0000 0.1642 0.0000 1.0000 0.0000 0.0000 0.0000 0.0000 0.6717 1.0000 0.0000 
1.0000 0.0000 0.0000 0.4248 0.0000 0.0073 1.0000 0.0000 0.0000 0.0000 0.0000 1.0000 0.0000 0.0000 0.0000 0.0000 0.0000 0.0000 1.0000 0.0000 0.0000 0.0000 0.0000 0.0000 0.0000 0.0000 0.0000 0.0000 0.0000 0.0000 0.0000 1.0000 0.0000 0.0000 0.0000 0.0000 0.0000 0.0000 0.0000 0.0000 0.1798 1.0000 0.0000 0.0000 0.0000 1.0000 0.0000 0.0000 0.2000 0.0000 0.0000 1.0000 0.0000 
1.0000 0.0000 0.0000 0.4035 0.0000 0.1175 1.0000 0.0000 0.0000 0.0000 0.0000 1.0000 0.0000 0.0000 0.0000 0.0000 0.0000 0.0000 0.0000 0.0000 0.0000 1.0000 0.0000 0.0000 0.0000 0.0000 0.0000 0.0000 0.0000 0.0000 1.0000 0.0000 0.0000 0.0000 0.0000 0.0000 0.0000 0.0000 0.0000 0.0000 0.1228 0.0000 0.0000 0.0000 1.0000 0.0000 0.0000 1.0000 0.2000 0.0000 0.0000 0.0000 1.0000 
1.0000 0.0000 0.0000 0.1041 0.0000 0.1889 1.0000 0.0000 0.0000 0.0000 0.0000 1.0000 0.0000 0.0000 0.0000 0.0000 0.0000 0.0000 0.0000 0.0000 0.0000 0.0000 0.0000 1.0000 0.0000 0.0000 0.0000 0.0000 0.0000 0.0000 1.0000 0.0000 0.0000 0.0000 0.0000 0.0000 0.0000 0.0000 0.0000 0.0000 0.0132 1.0000 1.0000 0.0149 0.0000 1.0000 0.0000 0.0000 0.0800 0.0000 0.0000 0.0000 1.0000 
1.0000 0.0000 0.0000 0.0376 0.0000 0.0000 0.0000 1.0000 0.0000 0.0000 0.0000 0.0000 1.0000 0.0000 0.0000 0.0000 0.0000 0.0000 0.0000 0.0000 0.0000 0.0000 0.0000 0.0000 0.0000 0.0000 0.0000 1.0000 0.0000 0.0000 1.0000 0.0000 0.0000 0.0000 0.0000 0.0000 0.0000 0.0000 0.0000 0.0000 0.0088 0.0000 0.0000 0.0000 0.0000 1.0000 0.0000 0.0000 0.0300 0.0000 0.0000 0.0000 1.0000 
1.0000 0.0000 0.0000 0.0865 0.0000 0.3423 1.0000 0.0000 0.0000 0.0000 0.0000 1.0000 0.0000 0.0000 0.0000 0.0000 0.0000 0.0000 0.0000 0.0000 0.0000 0.0000 0.0000 0.0000 0.0000 0.0000 0.0000 1.0000 0.0000 0.0000 1.0000 0.0000 0.0000 0.0000 0.0000 0.0000 0.0000 0.0000 0.0000 0.0000 0.0277 0.0000 0.0000 0.0000 0.0000 1.0000 0.0000 0.0000 0.0400 0.0000 0.5091 0.0000 1.0000 
1.0000 0.0000 0.0000 0.0388 0.0000 0.1459 1.0000 0.0000 0.0000 0.0000 0.0000 1.0000 0.0000 0.0000 0.0000 0.0000 0.0000 0.0000 1.0000 0.0000 0.0000 0.0000 0.0000 0.0000 0.0000 0.0000 0.0000 0.0000 0.0000 0.0000 0.0000 1.0000 0.0000 0.0000 0.0000 0.0000 0.0000 0.0000 0.0000 0.0000 0.0146 0.0000 0.0000 0.0000 1.0000 1.0000 0.0000 0.0000 0.0600 0.0000 0.0000 0.0000 1.0000 
0.0000 1.0000 0.0000 0.3433 0.0000 0.0104 1.0000 0.0000 0.0000 0.0000 0.0000 1.0000 0.0000 0.0000 0.0000 0.0000 0.0000 0.0000 0.0000 0.0000 0.0000 0.0000 0.0000 0.0000 0.0000 0.0000 0.0000 0.0000 1.0000 0.0000 0.0000 0.0000 0.0000 0.0000 0.0000 0.0000 0.0000 1.0000 0.0000 0.0000 0.0000 0.0000 1.0000 0.1493 0.0000 1.0000 0.0000 0.0000 0.1000 0.0000 0.2558 0.0000 1.0000 
0.0000 1.0000 0.0000 0.4599 0.0000 0.0000 1.0000 0.0000 0.0000 0.0000 0.0000 1.0000 0.0000 0.0000 0.0000 1.0000 0.0000 0.0000 0.0000 0.0000 0.0000 0.0000 0.0000 0.0000 0.0000 0.0000 0.0000 0.0000 0.0000 0.0000 1.0000 0.0000 0.0000 0.0000 0.0000 0.0000 0.0000 0.0000 0.0000 0.0000 0.0877 1.0000 0.0000 0.0000 0.0000 1.0000 0.0000 0.0000 0.0000 0.0000 0.0000 1.0000 0.0000 
0.0000 1.0000 0.0000 0.0477 0.0000 0.0179 1.0000 0.0000 0.0000 0.0000 0.0000 1.0000 0.0000 0.0000 0.0000 0.0000 0.0000 0.0000 1.0000 0.0000 0.0000 0.0000 0.0000 0.0000 0.0000 0.0000 0.0000 0.0000 0.0000 0.0000 1.0000 0.0000 0.0000 0.0000 0.0000 0.0000 0.0000 0.0000 0.0000 0.0000 0.0058 0.0000 1.0000 0.0896 1.0000 1.0000 0.0000 0.0000 0.1200 0.0000 0.3113 0.0000 1.0000 
1.0000 0.0000 0.0000 0.6177 0.0000 0.5536 1.0000 0.0000 0.0000 0.0000 0.0000 1.0000 0.0000 0.0000 0.0000 0.0000 0.0000 0.0000 0.0000 0.0000 0.0000 0.0000 0.0000 0.0000 0.0000 0.0000 1.0000 0.0000 0.0000 0.0000 0.0000 0.0000 0.0000 0.0000 0.0000 1.0000 0.0000 0.0000 0.0000 0.0000 0.0000 1.0000 1.0000 0.2985 0.0000 1.0000 0.0000 0.0000 0.0760 0.0000 0.4235 0.0000 1.0000 
1.0000 0.0000 0.0000 0.1102 0.0000 0.1473 0.0000 1.0000 0.0000 0.0000 0.0000 0.0000 1.0000 0.0000 0.0000 0.0000 0.0000 0.0000 1.0000 0.0000 0.0000 0.0000 0.0000 0.0000 0.0000 0.0000 0.0000 0.0000 0.0000 0.0000 0.0000 1.0000 0.0000 0.0000 0.0000 0.0000 0.0000 0.0000 0.0000 0.0000 0.0014 0.0000 0.0000 0.0000 0.0000 1.0000 0.0000 0.0000 0.0700 0.0000 0.4009 0.0000 1.0000 
0.0000 1.0000 0.0000 0.2907 0.0000 0.1652 1.0000 0.0000 0.0000 0.0000 0.0000 1.0000 0.0000 0.0000 0.0000 0.0000 0.0000 0.0000 0.0000 0.0000 0.0000 0.0000 0.0000 1.0000 0.0000 0.0000 0.0000 0.0000 0.0000 0.0000 0.0000 1.0000 0.0000 0.0000 0.0000 0.0000 0.0000 0.0000 0.0000 0.0000 0.0570 1.0000 1.0000 0.0299 0.0000 1.0000 0.0000 0.0000 0.0000 0.0000 0.0000 1.0000 0.0000 
1.0000 0.0000 0.0000 0.5726 0.0000 0.1071 0.0000 1.0000 0.0000 0.0000 0.0000 0.0000 1.0000 0.0000 0.0000 0.0000 0.0000 0.0000 0.0000 0.0000 0.0000 0.0000 0.0000 0.0000 0.0000 0.0000 0.0000 0.0000 1.0000 0.0000 0.0000 0.0000 0.0000 0.0000 0.0000 0.0000 0.0000 1.0000 0.0000 0.0000 0.0526 0.0000 0.0000 0.0000 0.0000 1.0000 0.0000 0.0000 0.0900 0.0000 0.1398 0.0000 1.0000 
0.0000 1.0000 0.0000 0.2030 0.0000 0.0104 1.0000 0.0000 0.0000 0.0000 0.0000 1.0000 0.0000 0.0000 0.0000 0.0000 0.0000 0.0000 0.0000 0.0000 0.0000 1.0000 0.0000 0.0000 0.0000 0.0000 0.0000 0.0000 0.0000 0.0000 0.0000 1.0000 0.0000 0.0000 0.0000 0.0000 0.0000 0.0000 0.0000 0.0000 0.0044 0.0000 1.0000 0.0149 1.0000 1.0000 0.0000 0.0000 0.1360 0.0000 0.4075 0.0000 1.0000 
0.0000 1.0000 0.0000 0.2093 0.0000 0.0729 1.0000 0.0000 0.0000 0.0000 0.0000 1.0000 0.0000 0.0000 0.0000 0.0000 0.0000 0.0000 0.0000 0.0000 0.0000 0.0000 0.0000 0.0000 1.0000 0.0000 0.0000 0.0000 0.0000 0.0000 1.0000 0.0000 0.0000 0.0000 0.0000 0.0000 0.0000 0.0000 0.0000 0.0000 0.0088 0.0000 0.0000 0.0000 1.0000 1.0000 0.0000 0.0000 0.0900 0.0000 0.3415 0.0000 1.0000 
1.0000 0.0000 0.0000 0.2469 0.0000 0.0179 1.0000 0.0000 0.0000 0.0000 0.0000 1.0000 0.0000 0.0000 0.0000 1.0000 0.0000 0.0000 0.0000 0.0000 0.0000 0.0000 0.0000 0.0000 0.0000 0.0000 0.0000 0.0000 0.0000 0.0000 1.0000 0.0000 0.0000 0.0000 0.0000 0.0000 0.0000 0.0000 0.0000 0.0000 0.0614 1.0000 1.0000 0.1642 0.0000 1.0000 0.0000 0.0000 0.0160 0.0000 0.5466 1.0000 0.0000 
1.0000 0.0000 0.0000 0.2093 0.0000 0.4911 1.0000 0.0000 0.0000 0.0000 0.0000 1.0000 0.0000 0.0000 0.0000 0.0000 0.0000 0.0000 0.0000 0.0000 0.0000 0.0000 0.0000 0.0000 1.0000 0.0000 0.0000 0.0000 0.0000 0.0000 1.0000 0.0000 0.0000 0.0000 0.0000 0.0000 0.0000 0.0000 0.0000 0.0000 0.2018 1.0000 0.0000 0.0000 1.0000 1.0000 0.0000 0.0000 0.2435 0.0000 0.5400 1.0000 0.0000 
0.0000 1.0000 0.0000 0.1805 0.0000 0.0179 1.0000 0.0000 0.0000 0.0000 0.0000 1.0000 0.0000 0.0000 0.0000 1.0000 0.0000 0.0000 0.0000 0.0000 0.0000 0.0000 0.0000 0.0000 0.0000 0.0000 0.0000 0.0000 0.0000 0.0000 0.0000 1.0000 0.0000 0.0000 0.0000 0.0000 0.0000 0.0000 0.0000 0.0000 0.0307 1.0000 0.0000 0.0000 1.0000 1.0000 0.0000 0.0000 0.2455 0.0000 0.0000 1.0000 0.0000 
1.0000 0.0000 0.0000 0.3447 0.0000 0.1161 1.0000 0.0000 0.0000 0.0000 0.0000 1.0000 0.0000 0.0000 0.0000 0.0000 0.0000 0.0000 0.0000 0.0000 0.0000 0.0000 0.0000 1.0000 0.0000 0.0000 0.0000 0.0000 0.0000 0.0000 0.0000 1.0000 0.0000 0.0000 0.0000 0.0000 0.0000 0.0000 0.0000 0.0000 0.3158 1.0000 0.0000 0.0000 1.0000 1.0000 0.0000 0.0000 0.0510 0.0000 0.5612 1.0000 0.0000 
1.0000 0.0000 0.0000 0.1779 0.0000 0.0120 1.0000 0.0000 0.0000 0.0000 0.0000 1.0000 0.0000 0.0000 0.0000 0.0000 0.0000 0.0000 0.0000 0.0000 1.0000 0.0000 0.0000 0.0000 0.0000 0.0000 0.0000 0.0000 0.0000 0.0000 0.0000 1.0000 0.0000 0.0000 0.0000 0.0000 0.0000 0.0000 0.0000 0.0000 0.1228 0.0000 0.0000 0.0000 1.0000 1.0000 0.0000 0.0000 0.1700 0.0000 0.0000 0.0000 1.0000 
1.0000 0.0000 0.0000 0.1353 0.0000 0.3929 1.0000 0.0000 0.0000 0.0000 0.0000 1.0000 0.0000 0.0000 0.0000 0.0000 0.0000 0.0000 0.0000 0.0000 0.0000 0.0000 0.0000 1.0000 0.0000 0.0000 0.0000 0.0000 0.0000 0.0000 1.0000 0.0000 0.0000 0.0000 0.0000 0.0000 0.0000 0.0000 0.0000 0.0000 0.0877 1.0000 1.0000 0.1045 1.0000 1.0000 0.0000 0.0000 0.0500 0.0000 0.5817 1.0000 0.0000 
1.0000 0.0000 0.0000 0.2080 0.0000 0.0729 0.0000 1.0000 0.0000 0.0000 0.0000 0.0000 1.0000 0.0000 0.0000 0.0000 0.0000 0.0000 0.0000 0.0000 0.0000 0.0000 0.0000 0.0000 0.0000 0.0000 0.0000 1.0000 0.0000 0.0000 1.0000 0.0000 0.0000 0.0000 0.0000 0.0000 0.0000 0.0000 0.0000 0.0000 0.0702 1.0000 1.0000 0.0448 1.0000 1.0000 0.0000 0.0000 0.1850 0.0000 0.5498 1.0000 0.0000 
1.0000 0.0000 0.0000 0.1379 0.0000 0.0061 1.0000 0.0000 0.0000 0.0000 0.0000 1.0000 0.0000 0.0000 0.0000 0.0000 0.0000 0.0000 0.0000 0.0000 0.0000 1.0000 0.0000 0.0000 0.0000 0.0000 0.0000 0.0000 0.0000 0.0000 1.0000 0.0000 0.0000 0.0000 0.0000 0.0000 0.0000 0.0000 0.0000 0.0000 0.0030 0.0000 0.0000 0.0000 0.0000 0.0000 0.0000 1.0000 0.0000 0.0000 0.0000 0.0000 1.0000 
1.0000 0.0000 0.0000 0.4586 0.0000 0.0179 1.0000 0.0000 0.0000 0.0000 0.0000 1.0000 0.0000 0.0000 0.0000 0.0000 0.0000 0.0000 0.0000 0.0000 0.0000 1.0000 0.0000 0.0000 0.0000 0.0000 0.0000 0.0000 0.0000 0.0000 1.0000 0.0000 0.0000 0.0000 0.0000 0.0000 0.0000 0.0000 0.0000 0.0000 0.3772 1.0000 0.0000 0.0000 0.0000 0.0000 0.0000 1.0000 0.2000 0.0000 0.0000 0.0000 1.0000 
1.0000 0.0000 0.0000 0.6417 0.0000 1.0000 0.0000 1.0000 0.0000 0.0000 0.0000 0.0000 1.0000 0.0000 0.0000 1.0000 0.0000 0.0000 0.0000 0.0000 0.0000 0.0000 0.0000 0.0000 0.0000 0.0000 0.0000 0.0000 0.0000 0.0000 1.0000 0.0000 0.0000 0.0000 0.0000 0.0000 0.0000 0.0000 0.0000 0.0000 1.0000 1.0000 1.0000 0.5970 0.0000 1.0000 0.0000 0.0000 0.0000 0.0000 0.2408 1.0000 0.0000 
1.0000 0.0000 0.0000 0.0952 0.0000 0.0089 1.0000 0.0000 0.0000 0.0000 0.0000 1.0000 0.0000 0.0000 0.0000 0.0000 0.0000 0.0000 0.0000 0.0000 0.0000 0.0000 0.0000 1.0000 0.0000 0.0000 0.0000 0.0000 0.0000 0.0000 1.0000 0.0000 0.0000 0.0000 0.0000 0.0000 0.0000 0.0000 0.0000 0.0000 0.0044 0.0000 0.0000 0.0000 0.0000 1.0000 0.0000 0.0000 0.1000 0.0000 0.0000 0.0000 1.0000 
1.0000 0.0000 0.0000 0.1704 0.0000 0.0611 1.0000 0.0000 0.0000 0.0000 0.0000 1.0000 0.0000 0.0000 0.0000 0.0000 0.0000 0.0000 0.0000 0.0000 0.0000 0.0000 0.0000 0.0000 0.0000 1.0000 0.0000 0.0000 0.0000 0.0000 1.0000 0.0000 0.0000 0.0000 0.0000 0.0000 0.0000 0.0000 0.0000 0.0000 0.0584 1.0000 1.0000 0.0149 1.0000 1.0000 0.0000 0.0000 0.1975 0.0000 0.2644 1.0000 0.0000 
1.0000 0.0000 0.0000 0.3884 0.0000 0.4970 1.0000 0.0000 0.0000 0.0000 0.0000 1.0000 0.0000 0.0000 0.0000 0.0000 0.0000 0.0000 0.0000 0.0000 0.0000 0.0000 0.0000 0.0000 1.0000 0.0000 0.0000 0.0000 0.0000 0.0000 1.0000 0.0000 0.0000 0.0000 0.0000 0.0000 0.0000 0.0000 0.0000 0.0000 0.3026 1.0000 1.0000 0.0896 1.0000 1.0000 0.0000 0.0000 0.0350 0.0000 0.0000 1.0000 0.0000 
1.0000 0.0000 0.0000 0.4373 0.0000 0.0446 1.0000 0.0000 0.0000 0.0000 0.0000 1.0000 0.0000 0.0000 0.0000 0.0000 0.0000 0.0000 0.0000 0.0000 0.0000 1.0000 0.0000 0.0000 0.0000 0.0000 0.0000 0.0000 0.0000 0.0000 1.0000 0.0000 0.0000 0.0000 0.0000 0.0000 0.0000 0.0000 0.0000 0.0000 0.4868 0.0000 1.0000 0.0149 1.0000 1.0000 0.0000 0.0000 0.1760 0.0000 0.4106 0.0000 1.0000 
1.0000 0.0000 0.0000 0.3071 0.0000 0.0550 1.0000 0.0000 0.0000 0.0000 0.0000 1.0000 0.0000 0.0000 0.0000 0.0000 0.0000 1.0000 0.0000 0.0000 0.0000 0.0000 0.0000 0.0000 0.0000 0.0000 0.0000 0.0000 0.0000 0.0000 1.0000 0.0000 0.0000 0.0000 0.0000 0.0000 0.0000 0.0000 0.0000 0.0000 0.0540 1.0000 1.0000 0.0149 1.0000 1.0000 0.0000 0.0000 0.2600 0.0000 0.9398 1.0000 0.0000 
0.0000 1.0000 0.0000 0.0627 0.0000 0.0193 1.0000 0.0000 0.0000 0.0000 0.0000 1.0000 0.0000 0.0000 0.0000 1.0000 0.0000 0.0000 0.0000 0.0000 0.0000 0.0000 0.0000 0.0000 0.0000 0.0000 0.0000 0.0000 0.0000 0.0000 1.0000 0.0000 0.0000 0.0000 0.0000 0.0000 0.0000 0.0000 0.0000 0.0000 0.0614 0.0000 1.0000 0.0149 1.0000 1.0000 0.0000 0.0000 0.0400 0.0000 0.1556 0.0000 1.0000 
0.0000 1.0000 0.0000 0.2056 0.0000 0.5179 1.0000 0.0000 0.0000 0.0000 0.0000 1.0000 0.0000 0.0000 0.0000 0.0000 0.0000 0.0000 0.0000 0.0000 0.0000 0.0000 0.0000 0.0000 0.0000 1.0000 0.0000 0.0000 0.0000 0.0000 0.0000 1.0000 0.0000 0.0000 0.0000 0.0000 0.0000 0.0000 0.0000 0.0000 0.1082 1.0000 1.0000 0.0149 0.0000 1.0000 0.0000 0.0000 0.0600 0.0000 0.2158 1.0000 0.0000 
1.0000 0.0000 0.0000 0.5200 0.0000 0.4286 1.0000 0.0000 0.0000 0.0000 0.0000 1.0000 0.0000 0.0000 0.0000 0.0000 0.0000 0.0000 0.0000 0.0000 0.0000 1.0000 0.0000 0.0000 0.0000 0.0000 0.0000 0.0000 0.0000 0.0000 1.0000 0.0000 0.0000 0.0000 0.0000 0.0000 0.0000 0.0000 0.0000 0.0000 0.5614 1.0000 0.0000 0.0000 0.0000 0.0000 0.0000 1.0000 0.0550 0.0000 0.0000 1.0000 0.0000 
1.0000 0.0000 0.0000 0.0853 0.0000 0.2321 1.0000 0.0000 0.0000 0.0000 0.0000 1.0000 0.0000 0.0000 0.0000 0.0000 0.0000 0.0000 0.0000 0.0000 0.0000 0.0000 0.0000 0.0000 1.0000 0.0000 0.0000 0.0000 0.0000 0.0000 0.0000 1.0000 0.0000 0.0000 0.0000 0.0000 0.0000 0.0000 0.0000 0.0000 0.0512 1.0000 1.0000 0.1045 0.0000 1.0000 0.0000 0.0000 0.0400 0.0000 0.6941 1.0000 0.0000 
0.0000 1.0000 0.0000 0.2380 0.0000 0.0625 0.0000 1.0000 0.0000 0.0000 0.0000 0.0000 1.0000 0.0000 0.0000 0.0000 0.0000 0.0000 0.0000 0.0000 1.0000 0.0000 0.0000 0.0000 0.0000 0.0000 0.0000 0.0000 0.0000 0.0000 1.0000 0.0000 0.0000 0.0000 0.0000 0.0000 0.0000 0.0000 0.0000 0.0000 0.0439 0.0000 0.0000 0.0000 1.0000 1.0000 0.0000 0.0000 0.1400 0.0000 0.0000 0.0000 1.0000 
1.0000 0.0000 0.0000 0.3395 0.0000 0.1354 1.0000 0.0000 0.0000 0.0000 0.0000 1.0000 0.0000 0.0000 0.0000 0.0000 0.0000 0.0000 0.0000 0.0000 0.0000 0.0000 0.0000 0.0000 1.0000 0.0000 0.0000 0.0000 0.0000 0.0000 1.0000 0.0000 0.0000 0.0000 0.0000 0.0000 0.0000 0.0000 0.0000 0.0000 0.0409 1.0000 0.0000 0.0000 1.0000 1.0000 0.0000 0.0000 0.1000 0.0000 0.0000 0.0000 1.0000 
1.0000 0.0000 0.0000 0.2606 0.0000 0.0536 0.0000 1.0000 0.0000 0.0000 0.0000 0.0000 1.0000 0.0000 0.0000 0.0000 0.0000 0.0000 0.0000 0.0000 0.0000 0.0000 0.0000 0.0000 1.0000 0.0000 0.0000 0.0000 0.0000 0.0000 1.0000 0.0000 0.0000 0.0000 0.0000 0.0000 0.0000 0.0000 0.0000 0.0000 0.0014 0.0000 0.0000 0.0000 0.0000 0.0000 0.0000 1.0000 0.0800 0.0000 0.0000 0.0000 1.0000 
1.0000 0.0000 0.0000 0.1041 0.0000 0.0446 0.0000 1.0000 0.0000 0.0000 0.0000 0.0000 1.0000 0.0000 0.0000 1.0000 0.0000 0.0000 0.0000 0.0000 0.0000 0.0000 0.0000 0.0000 0.0000 0.0000 0.0000 0.0000 0.0000 0.0000 0.0000 1.0000 0.0000 0.0000 0.0000 0.0000 0.0000 0.0000 0.0000 0.0000 0.0482 1.0000 1.0000 0.0448 1.0000 1.0000 0.0000 0.0000 0.0700 0.0000 0.4649 0.0000 1.0000 
0.0000 1.0000 0.0000 0.0752 0.0000 0.2679 1.0000 0.0000 0.0000 0.0000 0.0000 1.0000 0.0000 0.0000 0.0000 0.0000 0.0000 0.0000 0.0000 0.0000 0.0000 0.0000 0.0000 1.0000 0.0000 0.0000 0.0000 0.0000 0.0000 0.0000 1.0000 0.0000 0.0000 0.0000 0.0000 0.0000 0.0000 0.0000 0.0000 0.0000 0.0951 1.0000 1.0000 0.0746 0.0000 1.0000 0.0000 0.0000 0.0000 0.0000 0.8854 1.0000 0.0000 
1.0000 0.0000 0.0000 0.2681 0.0000 0.0268 0.0000 1.0000 0.0000 0.0000 0.0000 0.0000 1.0000 0.0000 0.0000 0.0000 0.0000 0.0000 0.0000 0.0000 0.0000 0.0000 0.0000 0.0000 0.0000 0.0000 0.0000 1.0000 0.0000 0.0000 1.0000 0.0000 0.0000 0.0000 0.0000 0.0000 0.0000 0.0000 0.0000 0.0000 0.1228 0.0000 0.0000 0.0000 1.0000 1.0000 0.0000 0.0000 0.1600 0.0000 0.0000 0.0000 1.0000 
1.0000 0.0000 0.0000 0.2244 0.0000 0.3334 1.0000 0.0000 0.0000 0.0000 0.0000 1.0000 0.0000 0.0000 0.0000 0.0000 0.0000 0.0000 0.0000 0.0000 0.0000 0.0000 0.0000 1.0000 0.0000 0.0000 0.0000 0.0000 0.0000 0.0000 0.0000 1.0000 0.0000 0.0000 0.0000 0.0000 0.0000 0.0000 0.0000 0.0000 0.1988 1.0000 1.0000 0.0896 0.0000 1.0000 0.0000 0.0000 0.1905 0.0000 0.4456 1.0000 0.0000 
1.0000 0.0000 0.0000 0.1478 0.0000 0.0639 1.0000 0.0000 0.0000 0.0000 0.0000 1.0000 0.0000 0.0000 0.0000 1.0000 0.0000 0.0000 0.0000 0.0000 0.0000 0.0000 0.0000 0.0000 0.0000 0.0000 0.0000 0.0000 0.0000 0.0000 1.0000 0.0000 0.0000 0.0000 0.0000 0.0000 0.0000 0.0000 0.0000 0.0000 0.0189 0.0000 0.0000 0.0000 1.0000 1.0000 0.0000 0.0000 0.0680 0.0000 0.0602 0.0000 1.0000 
1.0000 0.0000 0.0000 0.0940 0.0000 0.0000 1.0000 0.0000 0.0000 0.0000 0.0000 1.0000 0.0000 0.0000 0.0000 0.0000 1.0000 0.0000 0.0000 0.0000 0.0000 0.0000 0.0000 0.0000 0.0000 0.0000 0.0000 0.0000 0.0000 0.0000 1.0000 0.0000 0.0000 0.0000 0.0000 0.0000 0.0000 0.0000 0.0000 0.0000 0.0175 0.0000 0.0000 0.0000 0.0000 1.0000 0.0000 0.0000 0.0720 0.0000 0.0000 0.0000 1.0000 
1.0000 0.0000 0.0000 0.4123 0.0000 0.0477 1.0000 0.0000 0.0000 0.0000 0.0000 1.0000 0.0000 0.0000 0.0000 0.0000 1.0000 0.0000 0.0000 0.0000 0.0000 0.0000 0.0000 0.0000 0.0000 0.0000 0.0000 0.0000 0.0000 0.0000 1.0000 0.0000 0.0000 0.0000 0.0000 0.0000 0.0000 0.0000 0.0000 0.0000 0.0058 0.0000 0.0000 0.0000 0.0000 1.0000 0.0000 0.0000 0.0840 0.0000 0.0000 0.0000 1.0000 
1.0000 0.0000 0.0000 0.3684 0.0000 0.3616 0.0000 1.0000 0.0000 0.0000 0.0000 0.0000 1.0000 0.0000 0.0000 0.0000 0.0000 0.0000 0.0000 0.0000 1.0000 0.0000 0.0000 0.0000 0.0000 0.0000 0.0000 0.0000 0.0000 0.0000 1.0000 0.0000 0.0000 0.0000 0.0000 0.0000 0.0000 0.0000 0.0000 0.0000 0.0044 0.0000 0.0000 0.0000 0.0000 1.0000 0.0000 0.0000 0.0800 0.0000 0.0000 0.0000 1.0000 
1.0000 0.0000 0.0000 0.3195 0.0000 0.1205 1.0000 0.0000 0.0000 0.0000 0.0000 1.0000 0.0000 0.0000 0.0000 1.0000 0.0000 0.0000 0.0000 0.0000 0.0000 0.0000 0.0000 0.0000 0.0000 0.0000 0.0000 0.0000 0.0000 0.0000 0.0000 1.0000 0.0000 0.0000 0.0000 0.0000 0.0000 0.0000 0.0000 0.0000 0.2909 0.0000 0.0000 0.0000 1.0000 1.0000 0.0000 0.0000 0.0000 0.0000 0.0000 0.0000 1.0000 
1.0000 0.0000 0.0000 0.2695 0.0000 0.5773 1.0000 0.0000 0.0000 0.0000 0.0000 1.0000 0.0000 0.0000 0.0000 0.0000 1.0000 0.0000 0.0000 0.0000 0.0000 0.0000 0.0000 0.0000 0.0000 0.0000 0.0000 0.0000 0.0000 0.0000 1.0000 0.0000 0.0000 0.0000 0.0000 0.0000 0.0000 0.0000 0.0000 0.0000 0.1053 1.0000 1.0000 0.1343 0.0000 1.0000 0.0000 0.0000 0.1250 0.0000 0.5728 1.0000 0.0000 
1.0000 0.0000 0.0000 0.2808 0.0000 0.0773 0.0000 1.0000 0.0000 0.0000 0.0000 0.0000 1.0000 0.0000 0.0000 0.0000 0.0000 0.0000 0.0000 0.0000 1.0000 0.0000 0.0000 0.0000 0.0000 0.0000 0.0000 0.0000 0.0000 0.0000 0.0000 0.0000 0.0000 0.0000 0.0000 0.0000 0.0000 1.0000 0.0000 0.0000 0.0000 0.0000 0.0000 0.0000 0.0000 1.0000 0.0000 0.0000 0.0600 0.0000 0.0000 0.0000 1.0000 
1.0000 0.0000 0.0000 0.3195 0.0000 0.0893 1.0000 0.0000 0.0000 0.0000 0.0000 1.0000 0.0000 0.0000 0.0000 0.0000 0.0000 0.0000 1.0000 0.0000 0.0000 0.0000 0.0000 0.0000 0.0000 0.0000 0.0000 0.0000 0.0000 0.0000 1.0000 0.0000 0.0000 0.0000 0.0000 0.0000 0.0000 0.0000 0.0000 0.0000 0.0351 0.0000 0.0000 0.0000 1.0000 1.0000 0.0000 0.0000 0.1050 0.0000 0.0000 0.0000 1.0000 
0.0000 1.0000 0.0000 0.2995 0.0000 0.0134 1.0000 0.0000 0.0000 0.0000 0.0000 1.0000 0.0000 0.0000 0.0000 0.0000 0.0000 1.0000 0.0000 0.0000 0.0000 0.0000 0.0000 0.0000 0.0000 0.0000 0.0000 0.0000 0.0000 0.0000 1.0000 0.0000 0.0000 0.0000 0.0000 0.0000 0.0000 0.0000 0.0000 0.0000 0.0132 0.0000 0.0000 0.0000 0.0000 1.0000 0.0000 0.0000 0.1500 0.0000 0.3306 1.0000 0.0000 
1.0000 0.0000 0.0000 0.4086 0.0000 0.0298 1.0000 0.0000 0.0000 0.0000 0.0000 1.0000 0.0000 0.0000 0.0000 0.0000 0.0000 0.0000 0.0000 0.0000 0.0000 0.0000 0.0000 0.0000 0.0000 0.0000 0.0000 0.0000 1.0000 0.0000 0.0000 0.0000 0.0000 0.0000 0.0000 0.0000 0.0000 1.0000 0.0000 0.0000 0.0000 1.0000 0.0000 0.0000 0.0000 1.0000 0.0000 0.0000 0.0650 0.0000 0.0602 0.0000 1.0000 
1.0000 0.0000 0.0000 0.3935 0.0000 0.0193 0.0000 1.0000 0.0000 0.0000 0.0000 0.0000 1.0000 0.0000 0.0000 0.0000 0.0000 0.0000 0.0000 0.0000 0.0000 0.0000 0.0000 0.0000 0.0000 0.0000 0.0000 1.0000 0.0000 0.0000 1.0000 0.0000 0.0000 0.0000 0.0000 0.0000 0.0000 0.0000 0.0000 0.0000 0.0175 1.0000 1.0000 0.0448 0.0000 1.0000 0.0000 0.0000 0.1000 0.0000 0.6001 1.0000 0.0000 
0.0000 1.0000 0.0000 0.2744 0.0000 0.2143 1.0000 0.0000 0.0000 0.0000 0.0000 1.0000 0.0000 0.0000 0.0000 0.0000 1.0000 0.0000 0.0000 0.0000 0.0000 0.0000 0.0000 0.0000 0.0000 0.0000 0.0000 0.0000 0.0000 0.0000 1.0000 0.0000 0.0000 0.0000 0.0000 0.0000 0.0000 0.0000 0.0000 0.0000 0.0439 0.0000 0.0000 0.0000 0.0000 1.0000 0.0000 0.0000 0.1360 0.0000 0.0000 0.0000 1.0000 
0.0000 1.0000 0.0000 0.1341 0.0000 0.0120 1.0000 0.0000 0.0000 0.0000 0.0000 1.0000 0.0000 0.0000 0.0000 0.0000 0.0000 0.0000 0.0000 0.0000 0.0000 0.0000 0.0000 1.0000 0.0000 0.0000 0.0000 0.0000 0.0000 0.0000 1.0000 0.0000 0.0000 0.0000 0.0000 0.0000 0.0000 0.0000 0.0000 0.0000 0.0263 0.0000 0.0000 0.0000 0.0000 0.0000 0.0000 1.0000 0.0800 0.0000 0.0000 0.0000 1.0000 
1.0000 0.0000 0.0000 0.4098 0.0000 0.0014 1.0000 0.0000 0.0000 0.0000 0.0000 1.0000 0.0000 0.0000 0.0000 0.0000 0.0000 0.0000 0.0000 0.0000 0.0000 0.0000 0.0000 0.0000 0.0000 0.0000 1.0000 0.0000 0.0000 0.0000 1.0000 0.0000 0.0000 0.0000 0.0000 0.0000 0.0000 0.0000 0.0000 0.0000 0.0014 0.0000 1.0000 0.0149 0.0000 0.0000 0.0000 1.0000 0.2800 0.0000 0.0000 1.0000 0.0000 
0.0000 1.0000 0.0000 0.1755 0.0000 0.0402 1.0000 0.0000 0.0000 0.0000 0.0000 1.0000 0.0000 0.0000 0.0000 0.0000 0.0000 0.0000 0.0000 0.0000 0.0000 0.0000 0.0000 1.0000 0.0000 0.0000 0.0000 0.0000 0.0000 0.0000 1.0000 0.0000 0.0000 0.0000 0.0000 0.0000 0.0000 0.0000 0.0000 0.0000 0.0453 1.0000 1.0000 0.0299 0.0000 1.0000 0.0000 0.0000 0.1000 0.0000 0.0000 0.0000 1.0000 
0.0000 1.0000 0.0000 0.1191 0.0000 0.4107 0.0000 1.0000 0.0000 0.0000 0.0000 0.0000 1.0000 0.0000 0.0000 0.0000 0.0000 0.0000 0.0000 1.0000 0.0000 0.0000 0.0000 0.0000 0.0000 0.0000 0.0000 0.0000 0.0000 0.0000 0.0000 0.0000 0.0000 1.0000 0.0000 0.0000 0.0000 0.0000 0.0000 0.0000 0.0000 1.0000 1.0000 0.1642 1.0000 1.0000 0.0000 0.0000 0.0000 0.0000 0.0000 1.0000 0.0000 
1.0000 0.0000 0.0000 0.1053 0.0000 0.1816 0.0000 1.0000 0.0000 0.0000 0.0000 0.0000 1.0000 0.0000 0.0000 0.0000 0.0000 0.0000 0.0000 1.0000 0.0000 0.0000 0.0000 0.0000 0.0000 0.0000 0.0000 0.0000 0.0000 0.0000 1.0000 0.0000 0.0000 0.0000 0.0000 0.0000 0.0000 0.0000 0.0000 0.0000 0.0102 0.0000 0.0000 0.0000 0.0000 1.0000 0.0000 0.0000 0.0700 0.0000 0.4534 0.0000 1.0000 
1.0000 0.0000 0.0000 0.0388 0.0000 0.0982 1.0000 0.0000 0.0000 0.0000 0.0000 1.0000 0.0000 0.0000 0.0000 0.0000 0.0000 0.0000 0.0000 0.0000 0.0000 0.0000 0.0000 0.0000 0.0000 0.0000 0.0000 1.0000 0.0000 0.0000 1.0000 0.0000 0.0000 0.0000 0.0000 0.0000 0.0000 0.0000 0.0000 0.0000 0.0233 0.0000 1.0000 0.0149 0.0000 1.0000 0.0000 0.0000 0.0400 0.0000 0.2685 0.0000 1.0000 
1.0000 0.0000 0.0000 0.4035 0.0000 0.0536 1.0000 0.0000 0.0000 0.0000 0.0000 1.0000 0.0000 0.0000 0.0000 0.0000 0.0000 0.0000 1.0000 0.0000 0.0000 0.0000 0.0000 0.0000 0.0000 0.0000 0.0000 0.0000 0.0000 0.0000 0.0000 0.0000 1.0000 0.0000 0.0000 0.0000 0.0000 0.0000 0.0000 0.0000 0.0000 0.0000 0.0000 0.0000 0.0000 0.0000 0.0000 1.0000 0.1500 0.0000 0.0000 0.0000 1.0000 
0.0000 1.0000 0.0000 0.0665 0.0000 0.3571 0.0000 1.0000 0.0000 0.0000 0.0000 0.0000 1.0000 0.0000 0.0000 0.0000 0.0000 0.0000 0.0000 0.0000 0.0000 0.0000 0.0000 1.0000 0.0000 0.0000 0.0000 0.0000 0.0000 0.0000 0.0000 1.0000 0.0000 0.0000 0.0000 0.0000 0.0000 0.0000 0.0000 0.0000 0.0058 0.0000 0.0000 0.0000 0.0000 1.0000 0.0000 0.0000 0.1700 0.0000 0.0000 0.0000 1.0000 
1.0000 0.0000 0.0000 0.4599 0.0000 0.0179 1.0000 0.0000 0.0000 0.0000 0.0000 1.0000 0.0000 0.0000 0.0000 0.0000 0.0000 0.0000 1.0000 0.0000 0.0000 0.0000 0.0000 0.0000 0.0000 0.0000 0.0000 0.0000 0.0000 0.0000 0.0000 1.0000 0.0000 0.0000 0.0000 0.0000 0.0000 0.0000 0.0000 0.0000 0.1754 1.0000 0.0000 0.0000 1.0000 1.0000 0.0000 0.0000 0.1600 0.0000 0.0000 1.0000 0.0000 
0.0000 1.0000 0.0000 0.8383 0.0000 0.2143 1.0000 0.0000 0.0000 0.0000 0.0000 1.0000 0.0000 0.0000 0.0000 0.0000 0.0000 0.0000 0.0000 0.0000 0.0000 0.0000 0.0000 0.0000 0.0000 0.0000 0.0000 0.0000 1.0000 0.0000 0.0000 0.0000 0.0000 0.0000 0.0000 0.0000 0.0000 1.0000 0.0000 0.0000 0.0000 0.0000 0.0000 0.0000 0.0000 0.0000 0.0000 1.0000 0.0000 0.0000 0.0000 0.0000 1.0000 
1.0000 0.0000 0.0000 0.4260 0.0000 0.0371 1.0000 0.0000 0.0000 0.0000 0.0000 1.0000 0.0000 0.0000 0.0000 0.0000 0.0000 0.0000 0.0000 0.0000 0.0000 0.0000 0.0000 0.0000 1.0000 0.0000 0.0000 0.0000 0.0000 0.0000 1.0000 0.0000 0.0000 0.0000 0.0000 0.0000 0.0000 0.0000 0.0000 0.0000 0.1754 1.0000 1.0000 0.0896 1.0000 1.0000 0.0000 0.0000 0.2500 0.0000 0.8000 1.0000 0.0000 
1.0000 0.0000 0.0000 0.0665 0.0000 0.3661 1.0000 0.0000 0.0000 0.0000 0.0000 1.0000 0.0000 0.0000 0.0000 1.0000 0.0000 0.0000 0.0000 0.0000 0.0000 0.0000 0.0000 0.0000 0.0000 0.0000 0.0000 0.0000 0.0000 0.0000 0.0000 1.0000 0.0000 0.0000 0.0000 0.0000 0.0000 0.0000 0.0000 0.0000 0.0381 0.0000 0.0000 0.0000 0.0000 1.0000 0.0000 0.0000 0.1600 0.0000 0.2292 0.0000 1.0000 
1.0000 0.0000 0.0000 0.4424 0.0000 0.1786 1.0000 0.0000 0.0000 0.0000 0.0000 1.0000 0.0000 0.0000 0.0000 0.0000 0.0000 0.0000 1.0000 0.0000 0.0000 0.0000 0.0000 0.0000 0.0000 0.0000 0.0000 0.0000 0.0000 0.0000 0.0000 0.0000 1.0000 0.0000 0.0000 0.0000 0.0000 0.0000 0.0000 0.0000 0.0789 0.0000 0.0000 0.0000 1.0000 1.0000 0.0000 0.0000 0.0705 0.0000 0.0000 0.0000 1.0000 
1.0000 0.0000 0.0000 0.5263 0.0000 0.9405 0.0000 1.0000 0.0000 0.0000 0.0000 0.0000 1.0000 0.0000 0.0000 0.0000 0.0000 0.0000 0.0000 0.0000 0.0000 0.0000 0.0000 0.0000 0.0000 0.0000 0.0000 0.0000 1.0000 0.0000 0.0000 0.0000 0.0000 0.0000 0.0000 0.0000 0.0000 1.0000 0.0000 0.0000 0.0000 1.0000 0.0000 0.0000 1.0000 1.0000 0.0000 0.0000 0.0000 0.0000 0.0000 0.0000 1.0000 
0.0000 1.0000 0.0000 0.4123 0.0000 0.2321 1.0000 0.0000 0.0000 0.0000 0.0000 1.0000 0.0000 0.0000 0.0000 0.0000 0.0000 0.0000 0.0000 0.0000 0.0000 0.0000 0.0000 1.0000 0.0000 0.0000 0.0000 0.0000 0.0000 0.0000 1.0000 0.0000 0.0000 0.0000 0.0000 0.0000 0.0000 0.0000 0.0000 0.0000 0.0175 1.0000 1.0000 0.0448 1.0000 1.0000 0.0000 0.0000 0.0725 0.0000 0.0000 1.0000 0.0000 
1.0000 0.0000 0.0000 0.0000 1.0000 0.1429 1.0000 0.0000 0.0000 0.0000 0.0000 1.0000 0.0000 0.0000 0.0000 0.0000 0.0000 0.0000 0.0000 0.0000 0.0000 0.0000 0.0000 0.0000 0.0000 1.0000 0.0000 0.0000 0.0000 0.0000 1.0000 0.0000 0.0000 0.0000 0.0000 0.0000 0.0000 0.0000 0.0000 0.0000 0.1754 1.0000 1.0000 0.0448 1.0000 1.0000 0.0000 0.0000 0.1450 0.0000 0.6716 1.0000 0.0000 
1.0000 0.0000 0.0000 0.0364 0.0000 0.0014 1.0000 0.0000 0.0000 0.0000 0.0000 1.0000 0.0000 0.0000 0.0000 1.0000 0.0000 0.0000 0.0000 0.0000 0.0000 0.0000 0.0000 0.0000 0.0000 0.0000 0.0000 0.0000 0.0000 0.0000 1.0000 0.0000 0.0000 0.0000 0.0000 0.0000 0.0000 0.0000 0.0000 0.0000 0.0014 0.0000 0.0000 0.0000 0.0000 1.0000 0.0000 0.0000 0.0000 0.0000 0.0000 1.0000 0.0000 
0.0000 1.0000 0.0000 0.4072 0.0000 0.3571 1.0000 0.0000 0.0000 0.0000 0.0000 1.0000 0.0000 0.0000 0.0000 0.0000 0.0000 0.0000 0.0000 0.0000 0.0000 0.0000 0.0000 1.0000 0.0000 0.0000 0.0000 0.0000 0.0000 0.0000 0.0000 1.0000 0.0000 0.0000 0.0000 0.0000 0.0000 0.0000 0.0000 0.0000 0.0614 1.0000 0.0000 0.0000 0.0000 1.0000 0.0000 0.0000 0.0145 0.0000 0.5847 1.0000 0.0000 
0.0000 1.0000 0.0000 0.1391 0.0000 0.4196 1.0000 0.0000 0.0000 0.0000 0.0000 1.0000 0.0000 0.0000 0.0000 0.0000 0.0000 0.0000 0.0000 0.0000 0.0000 0.0000 0.0000 0.0000 0.0000 1.0000 0.0000 0.0000 0.0000 0.0000 0.0000 1.0000 0.0000 0.0000 0.0000 0.0000 0.0000 0.0000 0.0000 0.0000 0.0175 1.0000 1.0000 0.0299 1.0000 1.0000 0.0000 0.0000 0.1500 0.0000 0.5484 1.0000 0.0000 
0.0000 1.0000 0.0000 0.1053 0.0000 0.3661 1.0000 0.0000 0.0000 0.0000 0.0000 1.0000 0.0000 0.0000 0.0000 0.0000 0.0000 0.0000 0.0000 0.0000 0.0000 0.0000 0.0000 1.0000 0.0000 0.0000 0.0000 0.0000 0.0000 0.0000 1.0000 0.0000 0.0000 0.0000 0.0000 0.0000 0.0000 0.0000 0.0000 0.0000 0.0249 1.0000 1.0000 0.0299 1.0000 1.0000 0.0000 0.0000 0.0245 0.0000 0.0000 1.0000 0.0000 
0.0000 1.0000 0.0000 0.2080 0.0000 0.1071 1.0000 0.0000 0.0000 0.0000 0.0000 1.0000 0.0000 0.0000 0.0000 0.0000 0.0000 0.0000 0.0000 0.0000 0.0000 1.0000 0.0000 0.0000 0.0000 0.0000 0.0000 0.0000 0.0000 0.0000 1.0000 0.0000 0.0000 0.0000 0.0000 0.0000 0.0000 0.0000 0.0000 0.0000 0.0979 0.0000 1.0000 0.0149 1.0000 1.0000 0.0000 0.0000 0.1400 0.0000 0.2083 0.0000 1.0000 
1.0000 0.0000 0.0000 0.5802 0.0000 0.0491 0.0000 1.0000 0.0000 0.0000 0.0000 0.0000 1.0000 0.0000 0.0000 1.0000 0.0000 0.0000 0.0000 0.0000 0.0000 0.0000 0.0000 0.0000 0.0000 0.0000 0.0000 0.0000 0.0000 0.0000 0.0000 1.0000 0.0000 0.0000 0.0000 0.0000 0.0000 0.0000 0.0000 0.0000 0.3319 1.0000 0.0000 0.0000 1.0000 1.0000 0.0000 0.0000 0.1000 0.0000 0.4009 0.0000 1.0000 
1.0000 0.0000 0.0000 0.2845 0.0000 0.1964 1.0000 0.0000 0.0000 0.0000 0.0000 1.0000 0.0000 0.0000 0.0000 0.0000 0.0000 0.0000 0.0000 0.0000 0.0000 0.0000 0.0000 1.0000 0.0000 0.0000 0.0000 0.0000 0.0000 0.0000 0.0000 1.0000 0.0000 0.0000 0.0000 0.0000 0.0000 0.0000 0.0000 0.0000 0.1930 1.0000 1.0000 0.1791 1.0000 1.0000 0.0000 0.0000 0.2040 0.0000 0.6001 1.0000 0.0000 
1.0000 0.0000 0.0000 0.2531 0.0000 0.0968 0.0000 1.0000 0.0000 0.0000 0.0000 0.0000 1.0000 0.0000 0.0000 0.0000 0.0000 0.0000 0.0000 0.0000 0.0000 1.0000 0.0000 0.0000 0.0000 0.0000 0.0000 0.0000 0.0000 0.0000 1.0000 0.0000 0.0000 0.0000 0.0000 0.0000 0.0000 0.0000 0.0000 0.0000 0.0044 0.0000 0.0000 0.0000 1.0000 0.0000 0.0000 1.0000 0.0400 0.0000 0.0000 0.0000 1.0000 
1.0000 0.0000 0.0000 0.2056 0.0000 0.4464 1.0000 0.0000 0.0000 0.0000 0.0000 1.0000 0.0000 0.0000 0.0000 0.0000 0.0000 0.0000 0.0000 0.0000 0.0000 0.0000 0.0000 0.0000 0.0000 0.0000 0.0000 1.0000 0.0000 0.0000 0.0000 0.0000 1.0000 0.0000 0.0000 0.0000 0.0000 0.0000 0.0000 0.0000 0.0088 0.0000 0.0000 0.0000 1.0000 1.0000 0.0000 0.0000 0.3600 0.0000 0.0000 0.0000 1.0000 
1.0000 0.0000 0.0000 0.1278 0.0000 0.0164 1.0000 0.0000 0.0000 0.0000 0.0000 1.0000 0.0000 0.0000 0.0000 0.0000 0.0000 0.0000 0.0000 0.0000 1.0000 0.0000 0.0000 0.0000 0.0000 0.0000 0.0000 0.0000 0.0000 0.0000 1.0000 0.0000 0.0000 0.0000 0.0000 0.0000 0.0000 0.0000 0.0000 0.0000 0.0044 0.0000 0.0000 0.0000 1.0000 1.0000 0.0000 0.0000 0.1400 0.0000 0.3496 0.0000 1.0000 
1.0000 0.0000 0.0000 0.1165 0.0000 0.3482 1.0000 0.0000 0.0000 0.0000 0.0000 1.0000 0.0000 0.0000 0.0000 1.0000 0.0000 0.0000 0.0000 0.0000 0.0000 0.0000 0.0000 0.0000 0.0000 0.0000 0.0000 0.0000 0.0000 0.0000 1.0000 0.0000 0.0000 0.0000 0.0000 0.0000 0.0000 0.0000 0.0000 0.0000 0.0088 1.0000 0.0000 0.0000 0.0000 1.0000 0.0000 0.0000 0.0700 0.0000 0.0000 0.0000 1.0000 
