0.10245593264699 0.619171295547858 1
0.743725826498121 0.915381204104051 1
0.988042409531772 0.0231235392857343 1
0.806672279257327 0.261469325749204 1
0.95241074450314 0.400346035370603 1
0.398399803321809 0.391736851772293 2
0.679671340622008 0.50513103348203 1
0.709070818964392 0.100501742912456 2
0.108943298459053 0.620720520848408 1
0.843127684202045 0.101137898629531 1
0.51290666218847 0.38956745271571 2
0.158098847139627 0.65760591882281 2
0.34295622818172 0.476604795316234 2
0.768444060813636 0.0411791780497879 2
0.200331916101277 0.86239738133736 1
0.198813660535961 0.734240212244913 2
0.542600702494383 0.813051577890292 1
0.421096903737634 0.553022417938337 2
0.984865116886795 0.823757766978815 1
0.759634372312576 0.111172063974664 2
0.305073300376534 0.082840638468042 2
0.398969437461346 0.296005615731701 2
0.512805626727641 0.253192295553163 2
0.478513787034899 0.67933737183921 2
0.590912885963917 0.617963172728196 1
0.00850201537832618 0.0347524133976549 2
0.769381030462682 0.887385766254738 1
0.0916102756746113 0.383199865696952 2
0.440797483548522 0.213606177130714 2
0.184613994788378 0.238781472435221 2
0.0767940105870366 0.210398466559127 2
0.384459650609642 0.976610482437536 1
0.754841152578592 0.0246368239168078 2
0.973125611897558 0.494615848874673 1
0.154769222252071 0.756400547223166 1
0.705647040624171 0.591166740981862 1
0.13439086265862 0.774586836108938 1
0.575679856818169 0.730392368277535 1
0.243600168265402 0.72490639728494 2
0.0429787659086287 0.117072117282078 2
0.786323368549347 0.277136862510815 1
0.957164348568767 0.252971000736579 1
0.289696074090898 0.908509019063786 1
0.662154213059694 0.396495419321582 1
0.489842085167766 0.270100852707401 2
0.0156332100741565 0.59754423587583 1
0.193628762848675 0.933114403160289 1
0.307937710080296 0.229430162115023 2
0.625773962587118 0.561910432064906 1
0.314728943165392 0.189746457850561 2
0.120679530315101 0.810675903456286 1
0.967830401379615 0.192053942708299 1
0.268366361036897 0.490599276730791 2
0.378604303579777 0.820263320347294 2
0.873886019922793 0.804428612114862 1
0.198242122773081 0.267587815178558 2
0.339583925902843 0.695287488633767 2
0.549344175960869 0.931941121583804 1
0.329589097760618 0.606623734580353 2
0.0131632764823735 0.2896556656342 2
0.825905462726951 0.200165970483795 1
0.40688744885847 0.719396179309115 2
0.935479727573693 0.828762964578345 1
0.335336706135422 0.198143587214872 2
0.0576208122074604 0.810980800772086 1
0.751448889728636 0.0411242058034986 2
0.271145845763385 0.804332859115675 2
0.0099295717664063 0.107559255091473 2
0.0506277251988649 0.824017608771101 1
0.148441019933671 0.144109682878479 2
0.671119236387312 0.704039213480428 1
0.380705224815756 0.187891301466152 2
0.910728737711906 0.0475859495345503 1
0.03589598974213 0.20093523687683 2
0.910422406159341 0.96354143624194 1
0.428695083130151 0.357968690572307 2
0.300428045913577 0.136003678897396 2
0.394387453328818 0.659391013672575 2
0.952615459449589 0.0236869242507964 1
0.473370505962521 0.791320093674585 1
0.968228381127119 0.236081328475848 1
0.97945244377479 0.404584053670987 1
0.760342973284423 0.383245437638834 1
0.436314668972045 0.234533264068887 2
0.340427884832025 0.946106480667368 1
0.116513248067349 0.73354766680859 1
0.168380872346461 0.964143474819139 1
0.667394439224154 0.138114412082359 2
0.175416983664036 0.587328143650666 2
0.0582992821000516 0.142350807553157 2
0.819183303974569 0.789198647486046 1
0.333432250190526 0.599847580073401 2
0.280475264415145 0.787941126385704 2
0.904768965672702 0.925707449903712 1
0.160929513163865 0.972354055615142 1
0.369377976749092 0.120654017431661 2
0.291068349033594 0.379570413613692 2
0.0855315974913538 0.589085962390527 1
0.508070717565715 0.0214126624632627 2
0.991980810184032 0.172951555578038 1
0.512644769623876 0.606255540857092 2
0.404769230168313 0.073318483075127 2
0.164376982487738 0.453271669568494 2
0.775961133185774 0.58151398296468 1
0.824932843446732 0.645934969419613 1
0.648658545222133 0.791710294550285 1
0.6084840958938 0.721656891750172 1
0.292682394850999 0.716830420074984 2
0.648737547919154 0.444430461386219 1
0.75529272807762 0.479649198940024 1
0.741940443404019 0.457357132108882 1
0.311322985682636 0.500964694423601 2
0.975237395614386 0.861931454623118 1
0.547103343065828 0.856714892899618 1
0.199753883294761 0.0209585570264608 2
0.562548112589866 0.225914715556428 2
0.457781309261918 0.131979437777773 2
0.0257822084240615 0.10128834261559 2
0.723438621498644 0.368079071165994 1
0.0646816738881171 0.184471850050613 2
0.566185496747494 0.632952325278893 1
0.229703271295875 0.137661158805713 2
0.596562086604536 0.227102692471817 2
0.0123781342990696 0.113580296514556 2
0.803530326113105 0.972048832336441 1
0.653844482731074 0.735644971719012 1
0.142791804857552 0.589413927169517 2
0.227794399950653 0.450196460587904 2
0.985457200556993 0.381772849941626 1
0.232209672685713 0.422680806135759 2
0.286442275159061 0.512132144765928 2
0.174261693377048 0.399648329941556 2
0.581965433433652 0.428917819866911 2
0.882750425022095 0.208448456367478 1
0.175521844066679 0.233345953049138 2
0.532457428518683 0.81649484927766 1
0.121709123253822 0.0360511096660048 2
0.614787952508777 0.121975861256942 2
0.867279580794275 0.599847573088482 1
0.339077085722238 0.897885295329615 1
0.658794028684497 0.81549838767387 1
0.198934971820563 0.561248479178175 2
0.0762521522119641 0.807367214234546 1
0.688006086740643 0.68941865186207 1
0.302074443548918 0.715827998006716 2
0.399517578538507 0.455318663036451 2
0.984810697846115 0.453307449119166 1
0.993991669733077 0.403502984670922 1
0.806950071826577 0.980835335562006 1
0.769497122149915 0.238915035268292 1
0.116207704879344 0.901977588655427 1
0.818814764264971 0.55021481658332 1
0.229662902653217 0.421027221018448 2
0.00789208104833961 0.639551862841472 1
0.270123883150518 0.962328057037666 1
0.259961866308004 0.880658502457663 1
0.64409408532083 0.997606275836006 1
0.879699937533587 0.277138432255015 1
0.520715040154755 0.87818476674147 1
0.901796913240105 0.142825604183599 1
0.921060804277658 0.718955297255889 1
0.698319052811712 0.0760884245391935 2
0.277158956043422 0.630983493523672 2
0.329233158845454 0.649954265682027 2
0.570113154128194 0.849621633300558 1
0.370470541995019 0.489929290255532 2
0.406702258624136 0.555004251422361 2
0.203905048314482 0.661388587905094 2
0.643831014633179 0.431801557773724 1
0.00362014910206199 0.538411624496803 1
0.420207298360765 0.26510566775687 2
0.902840093243867 0.5759380038362 1
0.704620925709605 0.119324645260349 2
0.0759001220576465 0.65711854188703 1
0.720199023373425 0.896959358127788 1
0.71963074663654 0.937736653489992 1
0.854012962430716 0.324138146126643 1
0.168531087692827 0.359575051581487 2
0.911411854438484 0.659784301416948 1
0.628106277901679 0.25460275891237 2
0.824457610026002 0.675291361520067 1
0.260743926744908 0.711857432266697 2
0.173836559988558 0.701581214787439 2
0.608504647854716 0.628897999180481 1
0.133622638881207 0.790420018369332 1
0.587201648857445 0.619702607160434 1
0.698267131112516 0.286866928683594 2
0.536144383717328 0.200886885402724 2
0.301189979538321 0.359730644384399 2
0.057921267580241 0.928117519011721 1
0.184347656555474 0.286908761831 2
0.632596454117447 0.404596135718748 2
0.128152597695589 0.542484943056479 2
0.240695675369352 0.333488505100831 2
0.401119197718799 0.982458896236494 1
0.479356144089252 0.0361740502994508 2
0.0386113692075014 0.675984168658033 1
0.906015518587083 0.108190672239289 1
0.810066663660109 0.178988752188161 1
0.594014930073172 0.134749886346981 2
0.484071955084801 0.297053501242772 2
0.134491072501987 0.637697271769866 2
0.250665686093271 0.634423363255337 2
0.568932354915887 0.675793233094737 1
0.410241676494479 0.476026421645656 2
0.986774116288871 0.770189074566588 1
0.688429494388402 0.799375751288608 1
0.772407902870327 0.0769733868073672 2
0.786326389759779 0.463229086482897 1
0.735979808028787 0.978663746034727 1
0.0254557905718684 0.869881301419809 1
0.612352874595672 0.51651872578077 1
0.196827361360192 0.647964703151956 2
0.662608559709042 0.335545221110806 2
0.973473624326289 0.152632137062028 1
0.362462262157351 0.0640760853420943 2
0.495838142931461 0.829997904831544 1
0.41196791222319 0.299793079262599 2
0.98939026799053 0.742711494909599 1
0.550886624027044 0.624070132849738 2
0.523841446265578 0.80353912548162 1
0.914094410371035 0.31651191948913 1
0.273338091559708 0.51382809993811 2
0.91140396008268 0.69156274269335 1
0.887006018310785 0.253728974843398 1
0.866175477858633 0.229060735320672 1
0.829221437685192 0.421050540404394 1
0.89709158660844 0.920612371293828 1
0.798983516171575 0.965622613439336 1
0.777471292298287 0.503662289818749 1
0.587763496674597 0.11604164284654 2
0.756498011294752 0.505133432103321 1
0.985205382108688 0.345674127573147 1
0.576736660208553 0.266512490576133 2
0.592053181491792 0.874792847083881 1
0.172314808238298 0.372255670605227 2
0.649679718539119 0.255720904329792 2
0.782142892014235 0.153389764716849 1
0.245592002756894 0.837858581217006 1
0.462548492942005 0.188183539314196 2
0.504288163036108 0.15946800657548 2
0.233699677046388 0.971764433896169 1
0.622840943746269 0.563090636627749 1
0.344192397315055 0.176555572776124 2
0.860582763329148 0.581472547957674 1
0.388176958542317 0.175408089300618 2
0.842267335392535 0.890872542979196 1
0.259398544672877 0.749303762568161 2
0.784082852303982 0.878628067905083 1
0.176526808645576 0.151502966647968 2
0.501891731284559 0.121853943215683 2
0.264149524737149 0.950012932298705 1
0.311071923002601 0.32414890662767 2
0.42380530340597 0.320251321187243 2
0.177334782667458 0.507184968562797 2
0.479430368635803 0.709780112607405 2
0.727894503623247 0.504054580116645 1
0.831594397779554 0.0469848026987165 1
0.9823641134426 0.0512506135273725 1
0.104900423903018 0.915573916165158 1
0.912753032520413 0.0261541551444679 1
0.522923800628632 0.366773830493912 2
0.191941195167601 0.626905110897496 2
0.995065229479223 0.291093912674114 1
0.740004733204842 0.541530624264851 1
0.14969284972176 0.521536968415603 2
0.927768222056329 0.403206306742504 1
0.797948390711099 0.0901300038676709 1
0.546958489343524 0.0785252808127552 2
0.562592386733741 0.309650299837813 2
0.906334985978901 0.585650035412982 1
0.656263454351574 0.602421798510477 1
0.663171719759703 0.689222093904391 1
0.04352663224563 0.248056802665815 2
0.249465751461685 0.468904494540766 2
0.471085783559829 0.472017987398431 2
0.00224725343286991 0.408432083437219 1
0.100535060744733 0.546875724336132 2
0.357366130687296 0.802044620038942 2
0.728024432901293 0.828135718358681 1
0.716130204498768 0.525177695089951 1
0.825214275624603 0.896511956816539 1
0.844169958494604 0.466286461101845 1
0.885894023347646 0.228519971249625 1
0.911904847249389 0.166677175322548 1
0.812639884185046 0.0672654116060585 1
0.535986167378724 0.465221555205062 2
0.327886617276818 0.415302932960913 2
0.431091491132975 0.194828946376219 2
0.643788372632116 0.321440394734964 2
0.531445662491024 0.227551303105429 2
0.875243593472987 0.883363372413442 1
0.691443355754018 0.415195981273428 1
0.930458981078118 0.637954981764778 1
0.324748196639121 0.222321343841031 2
0.863427522126585 0.26118601555936 1
0.59124344587326 0.0984901788178831 2
0.922695578541607 0.749450392788276 1
0.991209245286882 0.886655929731205 1
0.780794039834291 0.504220920382068 1
0.476101426407695 0.814556738594547 1
0.678708537947387 0.99190036742948 1
0.435306881554425 0.865992301376536 1
0.469763724599034 0.900742851896212 1
0.168250497430563 0.57885853596963 2
0.797296611126512 0.966720539843664 1
0.701228651218116 0.566815062658861 1
0.890493970829993 0.890210657147691 1
0.0583442691713572 0.311460497090593 2
0.712768803816289 0.0153778137173504 2
0.345918447710574 0.0218905557412654 2
0.4470508643426 0.694126640213653 2
0.25975363701582 0.608513973886147 2
0.55236625066027 0.506499737268314 2
0.874623387120664 0.0680012360680848 1
0.876081057358533 0.759395937202498 1
0.825363656505942 0.826241119066253 1
0.556184090208262 0.935483878245577 1
0.238940683193505 0.836180047364905 1
0.697983643505722 0.0141858912538737 2
0.0268704183399677 0.477419261122122 1
0.0595933399163187 0.836607198929414 1
0.397364522330463 0.554444796638563 2
0.230582032818347 0.936285427538678 1
0.696577923372388 0.940365279326215 1
0.0381627711467445 0.507635431131348 1
0.938332938589156 0.663032529177144 1
0.165295826736838 0.43396442825906 2
0.631694957613945 0.480419978732243 1
0.215080784168094 0.546932451194152 2
0.76577468868345 0.242133903549984 1
0.705812693107873 0.539333107648417 1
0.0611319672316313 0.583932465175167 1
0.731077283155173 0.20306965499185 2
0.847156126983464 0.752127566607669 1
0.269260241184384 0.914201386971399 1
0.174797933548689 0.604744520271197 2
0.376845551189035 0.536935332929716 2
0.0240280805155635 0.0863145284820348 2
0.749877896625549 0.168438269523904 2
0.71539724804461 0.723174976417795 1
0.387964125256985 0.396344044944271 2
0.885072723962367 0.936152537586167 1
0.345188776496798 0.990831215633079 1
0.632726587355137 0.217504091793671 2
0.802318671252578 0.203145995503291 1
0.70165045466274 0.468990455614403 1
0.944671564269811 0.0924455176573247 1
0.800471788272262 0.0479579253587872 2
0.380023858975619 0.552836408605799 2
0.425846767611802 0.318302632542327 2
0.0809323848225176 0.962483674986288 1
0.795504722744226 0.753192711854354 1
0.0858452371321619 0.626664902782068 1
0.751019130460918 0.886423281626776 1
0.443376679439098 0.436644769040868 2
0.739680172875524 0.659279236802831 1
0.134121108334512 0.416244866093621 2
0.234843858517706 0.959780854405835 1
0.954381080809981 0.0779838382732123 1
0.204132705926895 0.401187211507931 2
0.596184404101223 0.760662831133232 1
0.484862989746034 0.636632415698841 2
0.407965288031846 0.37027125316672 2
0.176073549315333 0.756769648054615 1
0.5702845598571 0.196087850024924 2
0.406531159766018 0.56729801860638 2
0.670963941607624 0.72385209123604 1
0.0880874656140804 0.793247234309092 1
0.914009389933199 0.617880869423971 1
0.513762476854026 0.506895079510286 2
0.446698498446494 0.29400551202707 2
0.909929627552629 0.326192708918825 1
0.539206962566823 0.755204105516896 1
0.301977396942675 0.180572753073648 2
0.601149106863886 0.611804132116958 1
0.30282249301672 0.691015236312523 2
0.269407474901527 0.458130419021472 2
0.683649598620832 0.461246307240799 1
0.0516264815814793 0.0274734001141042 2
0.836252680048347 0.826944781700149 1
0.259745127987117 0.797252690186724 2
0.486352858133614 0.859831498237327 1
0.217943778727204 0.966250971658155 1
0.267267841845751 0.673516486072913 2
0.979380001779646 0.975793193792924 1
0.0133079243823886 0.327978945570067 2
0.0360884708352387 0.99674608442001 1
0.882273541763425 0.879555041203275 1
0.756419930141419 0.0542129741515964 2
0.666429393924773 0.373308507027104 2
0.534394221846014 0.711798933101818 1
0.901330128312111 0.824659064644948 1
0.885342375840992 0.487321220105514 1
0.631872585974634 0.487143653677776 1
0.97221276210621 0.421840044436976 1
0.944949610158801 0.953185474732891 1
0.296916305553168 0.4738846400287 2
0.628080417402089 0.884745844872668 1
0.541085763368756 0.660749652190134 1
0.563392531126738 0.420733865583315 2
0.790624064859003 0.118736836826429 1
0.716330277733505 0.558048903243616 1
0.628416713792831 0.504217072157189 1
0.828464845195413 0.0531308820936829 1
0.829583253245801 0.407387682935223 1
0.173780904151499 0.640893389703706 2
0.643642792943865 0.700600077165291 1
0.987814791500568 0.617914594942704 1
0.897968599107116 0.993132695322856 1
0.429019256494939 0.0867609784472734 2
0.406906746793538 0.614284272072837 2
0.181729769334197 0.408318875590339 2
0.420933834742755 0.796662410488352 2
0.0601073922589421 0.659008831949905 1
0.10022876271978 0.981542468769476 1
0.222433213144541 0.1397577712778 2
0.24703357135877 0.418171759461984 2
0.855129341594875 0.233603975968435 1
0.78117834450677 0.478894061176106 1
0.435881467536092 0.158809880027547 2
0.693145174067467 0.361969442805275 1
0.935237982310355 0.414357674540952 1
0.459046187344939 0.103964400244877 2
0.566060662269592 0.964702725643292 1
0.151890636887401 0.0735873056109995 2
0.940201914869249 0.46065980498679 1
0.733516052830964 0.368844168959185 1
0.741783587262034 0.0432971327099949 2
0.261558457743376 0.78938971250318 2
0.276452337391675 0.527713232906535 2
0.995836643967777 0.305948757333681 1
0.50598656758666 0.0135716015938669 2
0.638525513466448 0.19868292263709 2
0.427629920653999 0.219268187182024 2
0.192493480164558 0.286377637414262 2
0.907526338472962 0.0866066834423691 1
0.172178934793919 0.918324464699253 1
0.327631683088839 0.452856634976342 2
0.151380772236735 0.650773738278076 2
0.655476920306683 0.837069355184212 1
0.882337981369346 0.779832511907443 1
0.796157865785062 0.637526656733826 1
0.470473297405988 0.152682821033522 2
0.335926493629813 0.287197394529358 2
0.339175916742533 0.928995257010683 1
0.0367588074877858 0.164076821180061 2
0.968998274300247 0.214412853820249 1
0.691274274140596 0.303283754969016 2
0.645641883369535 0.737980287289247 1
0.197381819598377 0.207790560321882 2
0.701107237953693 0.995393386809155 1
0.962027387693524 0.304660940775648 1
0.982382777612656 0.529943959554657 1
0.993418061174452 0.843670544447377 1
0.532047914806753 0.273034927202389 2
0.291097745299339 0.285185382002965 2
0.715165124740452 0.116140775149688 2
0.39324941392988 0.474173057125881 2
0.276836097706109 0.136088314233348 2
0.190598918125033 0.147221809485927 2
0.0647969539277256 0.145532754948363 2
0.366295357234776 0.56944237020798 2
0.40142752090469 0.490504094166681 2
0.0711430124938488 0.348127629840747 2
0.339549673255533 0.266898814355955 2
0.693559843115509 0.72004511882551 1
0.286389735061675 0.377791895298287 2
0.833637544885278 0.859237300464883 1
0.730079944711179 0.103444138308987 2
0.840678171254694 0.00220467639155686 2
0.0530739822424948 0.105879802955315 2
0.523582316935062 0.437346704537049 2
0.666851559188217 0.0399095562752336 2
0.893463863991201 0.655535529600456 1
0.952287070918828 0.192473734496161 1
0.047866290435195 0.208697526017204 2
0.740057311486453 0.822180917253718 1
0.555955541320145 0.0732776534277946 2
0.315463250968605 0.120916814310476 2
0.954064462333918 0.565461624646559 1
0.182040875311941 0.969398464774713 1
0.210963795892894 0.105030886130407 2
0.0683360886760056 0.908548748819157 1
0.272234739735723 0.374725410947576 2
0.912218678276986 0.998566211899742 1
0.0431180680170655 0.671989304246381 1
0.807110341731459 0.487565201474354 1
0.419214814901352 0.499974221223965 2
0.144501776900142 0.46166131622158 2
0.224413520656526 0.694675597595051 2
0.437133834231645 0.898377167759463 1
0.165419040247798 0.635076692560688 2
0.557217731606215 0.795243454864249 1
0.162257914431393 0.333175444277003 2
0.374069331679493 0.295470350189134 2
0.664135303348303 0.450769137823954 1
0.025532481726259 0.982564199483022 1
0.810018482618034 0.539871885674074 1
0.307566415984184 0.765764533309266 2
0.543321901932359 0.0536399206612259 2
0.916372220497578 0.0281763912644237 1
0.0400688061490655 0.92467970144935 1
0.527433360461146 0.959472958697006 1
0.0599044188857079 0.757613830501214 1
0.945845270063728 0.245043515926227 1
0.0793356886133552 0.932779784547165 1
0.812309004832059 0.533461699960753 1
0.316572597250342 0.167936457553878 2
0.599163956474513 0.354149078717455 2
0.00734603125602007 0.334853516193107 2
0.880834630224854 0.407109037740156 1
0.541077215224504 0.577658567810431 2
0.113066484685987 0.396605979418382 2
0.316773707978427 0.0298171408940107 2
0.405325834173709 0.830664834706113 2
0.428026961162686 0.676620478043333 2
0.020738813560456 0.458265887340531 1
0.536486440338194 0.160056141437963 2
0.587944405619055 0.266109910560772 2
0.54318530857563 0.572936430806294 2
0.259236530866474 0.206828616326675 2
0.917092672549188 0.539159613894299 1
0.299370199907571 0.0805154170375317 2
0.790267391130328 0.126978969434276 1
0.839406728278846 0.241451499750838 1
0.178988446481526 0.392154642613605 2
0.779973013792187 0.0519022129010409 2
0.940236877650023 0.59786331304349 1
0.0783098763786256 0.254858765518293 2
0.322904276661575 0.408240675227717 2
0.903484460432082 0.687600238947198 1
0.223102847114205 0.602431731531397 2
0.394141699653119 0.00795091106556356 2
0.502952025271952 0.10602389764972 2
0.00316984439268708 0.355107893003151 2
0.982216663658619 0.386737920576707 1
0.66365505149588 0.116914078360423 2
0.962171777151525 0.511251609073952 1
0.260500036645681 0.225451404927298 2
0.391068851575255 0.410031376639381 2
0.142081789206713 0.652829428901896 2
0.0305787147954106 0.147046596975997 2
0.656323349568993 0.0290442116092891 2
0.232585970312357 0.241241771960631 2
0.945554648991674 0.553782518720254 1
0.185709993354976 0.336641512112692 2
0.484537411946803 0.624046331970021 2
0.740927489474416 0.767963329562917 1
0.0960291209630668 0.849472673377022 1
0.175671615637839 0.818613243522123 1
0.428261043969542 0.377223741961643 2
0.505782663822174 0.717939198249951 2
0.128705324139446 0.698322362964973 1
0.204685307107866 0.674617293523625 2
0.198506132233888 0.357307749567553 2
0.439167408272624 0.493045827606693 2
0.261949881445616 0.23708657710813 2
0.181135390885174 0.569622152717784 2
0.735349504742771 0.3408543698024 1
0.804721172899008 0.315777342999354 1
0.129717794712633 0.242962199961767 2
0.0281156627461314 0.304643674986437 2
0.971604805905372 0.630603699712083 1
0.309503817930818 0.688229920575395 2
0.0764743196777999 0.608197385212407 1
0.0564762661233544 0.681979452492669 1
0.158994371537119 0.686339293373749 2
0.258292488753796 0.163586162263528 2
0.0146168409846723 0.627200931077823 1
0.400370567105711 0.682943190680817 2
0.756821103859693 0.568247536895797 1
0.770378490909934 0.430099470773712 1
0.844396747183055 0.0961516553070396 1
0.515302029438317 0.958099083276466 1
0.883140346501023 0.192777023417875 1
0.0588641650974751 0.707578424597159 1
0.436341305729002 0.22510777018033 2
0.738671089522541 0.629996187286451 1
0.328431759495288 0.400997928110883 2
0.772459762170911 0.45637115300633 1
0.176175537984818 0.362616257509217 2
0.912822031415999 0.40840279799886 1
0.131771194282919 0.839461383176968 1
0.399780318140984 0.398849711054936 2
0.0722440942190588 0.532822243636474 2
0.0705898618325591 0.0180408239830285 2
0.719502568710595 0.653558852849528 1
0.736142529174685 0.853394454577938 1
0.425433128606528 0.785078374436125 2
0.183347185142338 0.938820162089542 1
0.606409742031246 0.993381508393213 1
0.412861626595259 0.380878415191546 2
0.0615921742282808 0.356054190313444 2
0.971551078371704 0.458573072450235 1
0.659388389904052 0.332079603103921 2
0.489048251882195 0.743651675293222 2
0.126456018071622 0.644345501204953 2
0.777789966203272 0.0382885534781963 2
0.923617879394442 0.5967218473088 1
0.105905331671238 0.177025743061677 2
0.443066576030105 0.997583761578426 1
0.502330495975912 0.98984671686776 1
0.0112331439740956 0.111654783366248 2
0.203524952754378 0.973257927456871 1
0.431694767903537 0.312045445432886 2
0.601164412684739 0.466253162594512 2
0.0524965585209429 0.354362160665914 2
0.300185237079859 0.378035713220015 2
0.59226239239797 0.444761421298608 2
0.146555433981121 0.764373353915289 1
0.209469814319164 0.523824310628697 2
0.334147216752172 0.799461135873571 2
0.54926400212571 0.438126327237114 2
0.950086125172675 0.940166992368177 1
0.752185794059187 0.921377521706745 1
0.567951709032059 0.329535156721249 2
0.659188778605312 0.557007945841178 1
0.748204774223268 0.736422392772511 1
0.697320446837693 0.144073414383456 2
0.555216191336513 0.578142037848011 2
0.18044240726158 0.138356579234824 2
0.450272266753018 0.822990858228877 1
0.00936466315761209 0.090538316173479 2
0.169931676238775 0.819533717120066 1
0.0057689524255693 0.253314424073324 2
0.449108961038291 0.349521055119112 2
0.364296149928123 0.779332636622712 2
0.698259586468339 0.451314183184877 1
0.957172732334584 0.181824946543202 1
0.994041563011706 0.810693388106301 1
0.475751305464655 0.979810242308304 1
0.992828629910946 0.765923850471154 1
0.643340194132179 0.699742257362232 1
0.626450001262128 0.223954375134781 2
0.983697094488889 0.655477831838652 1
0.689531674608588 0.0346239341888577 2
0.879561788868159 0.178440486779436 1
0.677814302034676 0.619751022430137 1
0.905602923128754 0.219854310853407 1
0.486822623759508 0.903980825329199 1
0.670153846498579 0.49692315957509 1
0.830261464230716 0.844265199499205 2
0.65011251391843 0.604830167023465 2
0.487513290718198 0.10485046566464 1
0.753380450885743 0.766432570060715 2
0.739612334407866 0.674648014130071 2
0.593215780798346 0.141526845050976 1
0.603070273995399 0.473862722748891 1
0.708875314798206 0.867559157079086 2
0.720928481779993 0.246754187392071 1
0.216920704115182 0.253656121669337 1
0.0204118322581053 0.287405764916912 1
0.627563654910773 0.799850879004225 2
0.496559073217213 0.795376428635791 2
0.810425205621868 0.963379480643198 2
0.731204759329557 0.908110436284915 2
0.344084066804498 0.843922588741407 1
0.00668774824589491 0.706979810493067 2
0.733789023477584 0.209667487768456 1
0.123661259189248 0.74383463175036 2
0.231710399966687 0.536065408727154 1
0.282379494048655 0.884936143876985 2
0.244105587247759 0.979159165872261 2
0.636835820972919 0.519147671991959 2
0.559773632790893 0.455356105929241 1
0.381127520464361 0.42725835298188 1
0.884173892904073 0.24952136981301 2
0.477422093972564 0.859314678469673 2
0.413583747576922 0.82326646684669 1
0.384900134988129 0.61683485028334 1
0.433670377824456 0.745308161480352 1
0.399049762636423 0.186780948424712 1
0.176851605530828 0.915772672509775 2
0.460687617771327 0.224163911538199 1
0.422820795793086 0.506320184795186 1
0.54408142156899 0.930156329879537 2
0.576610821764916 0.287964673480019 1
0.983549096621573 0.122588050784543 2
0.208572092000395 0.268464040709659 1
0.347909450531006 0.0456995966378599 1
0.290639640297741 0.811155564850196 1
0.722159422002733 0.216028395341709 1
0.613264278043061 0.657111662207171 2
0.505752889439464 0.851302823284641 2
0.117382809054106 0.52249096124433 1
0.086856042034924 0.679219060810283 2
0.125802306924015 0.19295968930237 1
0.00195431336760521 0.172975760186091 1
0.708373454865068 0.287058371817693 2
0.440185877494514 0.5104415260721 1
0.665327948052436 0.110388844041154 1
0.201776707544923 0.803830208489671 2
0.863154958467931 0.27249657525681 2
0.46995219681412 0.396759008290246 1
0.907391662243754 0.988323305500671 2
0.00570034235715866 0.275564395124093 1
0.386702829506248 0.236104994779453 1
0.624761491082609 0.891750837909058 2
0.172624476719648 0.193590084789321 1
0.0662196483463049 0.942447347799316 2
0.509346581529826 0.624453073134646 1
0.612070349045098 0.905746833654121 2
0.877909860108048 0.136778400046751 2
0.0671400912106037 0.377803270006552 1
0.869191606994718 0.485489647602662 2
0.958732332102954 0.508561677532271 2
0.550055597443134 0.34059905144386 1
0.0653750468045473 0.0829959160182625 1
0.0570410522632301 0.193152324995026 1
0.634044849313796 0.0447292898315936 1
0.401965665165335 0.320743796182796 1
0.895242676138878 0.508912965888157 2
