0.10245593264699 0.619171295547858 1
0.743725826498121 0.915381204104051 1
0.988042409531772 0.0231235392857343 2
0.806672279257327 0.261469325749204 2
0.95241074450314 0.400346035370603 2
0.398399803321809 0.391736851772293 2
0.679671340622008 0.50513103348203 1
0.709070818964392 0.100501742912456 2
0.108943298459053 0.620720520848408 1
0.843127684202045 0.101137898629531 2
0.51290666218847 0.38956745271571 1
0.158098847139627 0.65760591882281 1
0.34295622818172 0.476604795316234 1
0.768444060813636 0.0411791780497879 2
0.200331916101277 0.86239738133736 1
0.198813660535961 0.734240212244913 1
0.542600702494383 0.813051577890292 1
0.421096903737634 0.553022417938337 1
0.984865116886795 0.823757766978815 1
0.759634372312576 0.111172063974664 2
0.305073300376534 0.082840638468042 2
0.398969437461346 0.296005615731701 2
0.512805626727641 0.253192295553163 2
0.478513787034899 0.67933737183921 1
0.590912885963917 0.617963172728196 1
0.00850201537832618 0.0347524133976549 2
0.769381030462682 0.887385766254738 1
0.0916102756746113 0.383199865696952 1
0.440797483548522 0.213606177130714 2
0.184613994788378 0.238781472435221 1
0.0767940105870366 0.210398466559127 2
0.384459650609642 0.976610482437536 1
0.754841152578592 0.0246368239168078 2
0.973125611897558 0.494615848874673 2
0.154769222252071 0.756400547223166 1
0.705647040624171 0.591166740981862 1
0.13439086265862 0.774586836108938 1
0.575679856818169 0.730392368277535 1
0.243600168265402 0.72490639728494 1
0.0429787659086287 0.117072117282078 2
0.786323368549347 0.277136862510815 2
0.957164348568767 0.252971000736579 2
0.289696074090898 0.908509019063786 1
0.662154213059694 0.396495419321582 1
0.489842085167766 0.270100852707401 2
0.0156332100741565 0.59754423587583 1
0.193628762848675 0.933114403160289 1
0.307937710080296 0.229430162115023 2
0.625773962587118 0.561910432064906 1
0.314728943165392 0.189746457850561 2
0.120679530315101 0.810675903456286 1
0.967830401379615 0.192053942708299 2
0.268366361036897 0.490599276730791 1
0.378604303579777 0.820263320347294 1
0.873886019922793 0.804428612114862 1
0.198242122773081 0.267587815178558 1
0.339583925902843 0.695287488633767 1
0.549344175960869 0.931941121583804 1
0.329589097760618 0.606623734580353 1
0.0131632764823735 0.2896556656342 2
0.825905462726951 0.200165970483795 2
0.40688744885847 0.719396179309115 1
0.935479727573693 0.828762964578345 1
0.335336706135422 0.198143587214872 2
0.0576208122074604 0.810980800772086 1
0.751448889728636 0.0411242058034986 2
0.271145845763385 0.804332859115675 1
0.0099295717664063 0.107559255091473 2
0.0506277251988649 0.824017608771101 1
0.148441019933671 0.144109682878479 1
0.671119236387312 0.704039213480428 1
0.380705224815756 0.187891301466152 2
0.910728737711906 0.0475859495345503 2
0.03589598974213 0.20093523687683 2
0.910422406159341 0.96354143624194 1
0.428695083130151 0.357968690572307 2
0.300428045913577 0.136003678897396 2
0.394387453328818 0.659391013672575 1
0.952615459449589 0.0236869242507964 2
0.473370505962521 0.791320093674585 1
0.968228381127119 0.236081328475848 2
0.97945244377479 0.404584053670987 2
0.760342973284423 0.383245437638834 2
0.436314668972045 0.234533264068887 2
0.340427884832025 0.946106480667368 1
0.116513248067349 0.73354766680859 1
0.168380872346461 0.964143474819139 1
0.667394439224154 0.138114412082359 2
0.175416983664036 0.587328143650666 1
0.0582992821000516 0.142350807553157 2
0.819183303974569 0.789198647486046 2
0.333432250190526 0.599847580073401 1
0.280475264415145 0.787941126385704 1
0.904768965672702 0.925707449903712 1
0.160929513163865 0.972354055615142 1
0.369377976749092 0.120654017431661 2
0.291068349033594 0.379570413613692 1
0.0855315974913538 0.589085962390527 1
0.508070717565715 0.0214126624632627 2
0.991980810184032 0.172951555578038 2
0.512644769623876 0.606255540857092 1
0.404769230168313 0.073318483075127 2
0.164376982487738 0.453271669568494 1
0.775961133185774 0.58151398296468 2
0.824932843446732 0.645934969419613 2
0.648658545222133 0.791710294550285 1
0.6084840958938 0.721656891750172 1
0.292682394850999 0.716830420074984 1
0.648737547919154 0.444430461386219 1
0.75529272807762 0.479649198940024 2
0.741940443404019 0.457357132108882 2
0.311322985682636 0.500964694423601 1
0.975237395614386 0.861931454623118 1
0.547103343065828 0.856714892899618 1
0.199753883294761 0.0209585570264608 2
0.562548112589866 0.225914715556428 2
0.457781309261918 0.131979437777773 2
0.0257822084240615 0.10128834261559 2
0.723438621498644 0.368079071165994 2
0.0646816738881171 0.184471850050613 2
0.566185496747494 0.632952325278893 1
0.229703271295875 0.137661158805713 1
0.596562086604536 0.227102692471817 2
0.0123781342990696 0.113580296514556 2
0.803530326113105 0.972048832336441 1
0.653844482731074 0.735644971719012 1
0.142791804857552 0.589413927169517 1
0.227794399950653 0.450196460587904 1
0.985457200556993 0.381772849941626 2
0.232209672685713 0.422680806135759 1
0.286442275159061 0.512132144765928 1
0.174261693377048 0.399648329941556 1
0.581965433433652 0.428917819866911 1
0.882750425022095 0.208448456367478 2
0.175521844066679 0.233345953049138 1
0.532457428518683 0.81649484927766 1
0.121709123253822 0.0360511096660048 2
0.614787952508777 0.121975861256942 2
0.867279580794275 0.599847573088482 2
0.339077085722238 0.897885295329615 1
0.658794028684497 0.81549838767387 1
0.198934971820563 0.561248479178175 1
0.0762521522119641 0.807367214234546 1
0.688006086740643 0.68941865186207 1
0.302074443548918 0.715827998006716 1
0.399517578538507 0.455318663036451 2
0.984810697846115 0.453307449119166 2
0.993991669733077 0.403502984670922 2
0.806950071826577 0.980835335562006 1
0.769497122149915 0.238915035268292 2
0.116207704879344 0.901977588655427 1
0.818814764264971 0.55021481658332 2
0.229662902653217 0.421027221018448 1
0.00789208104833961 0.639551862841472 1
0.270123883150518 0.962328057037666 1
0.259961866308004 0.880658502457663 1
0.64409408532083 0.997606275836006 1
0.879699937533587 0.277138432255015 2
0.520715040154755 0.87818476674147 1
0.901796913240105 0.142825604183599 2
0.921060804277658 0.718955297255889 1
0.698319052811712 0.0760884245391935 2
0.277158956043422 0.630983493523672 1
0.329233158845454 0.649954265682027 1
0.570113154128194 0.849621633300558 1
0.370470541995019 0.489929290255532 1
0.406702258624136 0.555004251422361 1
0.203905048314482 0.661388587905094 1
0.643831014633179 0.431801557773724 1
0.00362014910206199 0.538411624496803 1
0.420207298360765 0.26510566775687 2
0.902840093243867 0.5759380038362 2
0.704620925709605 0.119324645260349 2
0.0759001220576465 0.65711854188703 1
0.720199023373425 0.896959358127788 1
0.71963074663654 0.937736653489992 1
0.854012962430716 0.324138146126643 2
0.168531087692827 0.359575051581487 1
0.911411854438484 0.659784301416948 2
0.628106277901679 0.25460275891237 2
0.824457610026002 0.675291361520067 2
0.260743926744908 0.711857432266697 1
0.173836559988558 0.701581214787439 1
0.608504647854716 0.628897999180481 1
0.133622638881207 0.790420018369332 1
0.587201648857445 0.619702607160434 1
0.698267131112516 0.286866928683594 2
0.536144383717328 0.200886885402724 2
0.301189979538321 0.359730644384399 1
0.057921267580241 0.928117519011721 1
0.184347656555474 0.286908761831 1
0.632596454117447 0.404596135718748 1
0.128152597695589 0.542484943056479 1
0.240695675369352 0.333488505100831 1
0.401119197718799 0.982458896236494 1
0.479356144089252 0.0361740502994508 2
0.0386113692075014 0.675984168658033 1
0.906015518587083 0.108190672239289 2
0.810066663660109 0.178988752188161 2
0.594014930073172 0.134749886346981 2
0.484071955084801 0.297053501242772 2
0.134491072501987 0.637697271769866 1
0.250665686093271 0.634423363255337 1
0.568932354915887 0.675793233094737 1
0.410241676494479 0.476026421645656 2
0.986774116288871 0.770189074566588 1
0.688429494388402 0.799375751288608 1
0.772407902870327 0.0769733868073672 2
0.786326389759779 0.463229086482897 2
0.735979808028787 0.978663746034727 1
0.0254557905718684 0.869881301419809 1
0.612352874595672 0.51651872578077 1
0.196827361360192 0.647964703151956 1
0.662608559709042 0.335545221110806 2
0.973473624326289 0.152632137062028 2
0.362462262157351 0.0640760853420943 2
0.495838142931461 0.829997904831544 1
0.41196791222319 0.299793079262599 2
0.98939026799053 0.742711494909599 1
0.550886624027044 0.624070132849738 1
0.523841446265578 0.80353912548162 1
0.914094410371035 0.31651191948913 2
0.273338091559708 0.51382809993811 1
0.91140396008268 0.69156274269335 2
0.887006018310785 0.253728974843398 2
0.866175477858633 0.229060735320672 2
0.829221437685192 0.421050540404394 2
0.89709158660844 0.920612371293828 1
0.798983516171575 0.965622613439336 1
0.777471292298287 0.503662289818749 2
0.587763496674597 0.11604164284654 2
0.756498011294752 0.505133432103321 2
0.985205382108688 0.345674127573147 2
0.576736660208553 0.266512490576133 1
0.592053181491792 0.874792847083881 1
0.172314808238298 0.372255670605227 1
0.649679718539119 0.255720904329792 2
0.782142892014235 0.153389764716849 2
0.245592002756894 0.837858581217006 1
0.462548492942005 0.188183539314196 2
0.504288163036108 0.15946800657548 2
0.233699677046388 0.971764433896169 1
0.622840943746269 0.563090636627749 1
0.344192397315055 0.176555572776124 2
0.860582763329148 0.581472547957674 2
0.388176958542317 0.175408089300618 2
0.842267335392535 0.890872542979196 1
0.259398544672877 0.749303762568161 1
0.784082852303982 0.878628067905083 1
0.176526808645576 0.151502966647968 1
0.501891731284559 0.121853943215683 2
0.264149524737149 0.950012932298705 1
0.311071923002601 0.32414890662767 1
0.42380530340597 0.320251321187243 2
0.177334782667458 0.507184968562797 1
0.479430368635803 0.709780112607405 1
0.727894503623247 0.504054580116645 2
0.831594397779554 0.0469848026987165 2
0.9823641134426 0.0512506135273725 2
0.104900423903018 0.915573916165158 1
0.912753032520413 0.0261541551444679 2
0.522923800628632 0.366773830493912 1
0.191941195167601 0.626905110897496 1
0.995065229479223 0.291093912674114 2
0.740004733204842 0.541530624264851 2
0.14969284972176 0.521536968415603 1
0.927768222056329 0.403206306742504 2
0.797948390711099 0.0901300038676709 2
0.546958489343524 0.0785252808127552 2
0.562592386733741 0.309650299837813 1
0.906334985978901 0.585650035412982 2
0.656263454351574 0.602421798510477 1
0.663171719759703 0.689222093904391 1
0.04352663224563 0.248056802665815 2
0.249465751461685 0.468904494540766 1
0.471085783559829 0.472017987398431 1
0.00224725343286991 0.408432083437219 1
0.100535060744733 0.546875724336132 1
0.357366130687296 0.802044620038942 1
0.728024432901293 0.828135718358681 1
0.716130204498768 0.525177695089951 2
0.825214275624603 0.896511956816539 1
0.844169958494604 0.466286461101845 2
0.885894023347646 0.228519971249625 2
0.911904847249389 0.166677175322548 2
0.812639884185046 0.0672654116060585 2
0.535986167378724 0.465221555205062 1
0.327886617276818 0.415302932960913 1
0.431091491132975 0.194828946376219 2
0.643788372632116 0.321440394734964 1
0.531445662491024 0.227551303105429 2
0.875243593472987 0.883363372413442 1
0.691443355754018 0.415195981273428 2
0.930458981078118 0.637954981764778 2
0.324748196639121 0.222321343841031 2
0.863427522126585 0.26118601555936 2
0.59124344587326 0.0984901788178831 2
0.922695578541607 0.749450392788276 1
0.991209245286882 0.886655929731205 1
0.780794039834291 0.504220920382068 2
0.476101426407695 0.814556738594547 1
0.678708537947387 0.99190036742948 1
0.435306881554425 0.865992301376536 1
0.469763724599034 0.900742851896212 1
0.168250497430563 0.57885853596963 1
0.797296611126512 0.966720539843664 1
0.701228651218116 0.566815062658861 1
0.890493970829993 0.890210657147691 1
0.0583442691713572 0.311460497090593 2
0.712768803816289 0.0153778137173504 2
0.345918447710574 0.0218905557412654 2
0.4470508643426 0.694126640213653 1
0.25975363701582 0.608513973886147 1
0.55236625066027 0.506499737268314 1
0.874623387120664 0.0680012360680848 2
0.876081057358533 0.759395937202498 2
0.825363656505942 0.826241119066253 2
0.556184090208262 0.935483878245577 1
0.238940683193505 0.836180047364905 1
0.697983643505722 0.0141858912538737 2
0.0268704183399677 0.477419261122122 1
0.0595933399163187 0.836607198929414 1
0.397364522330463 0.554444796638563 1
0.230582032818347 0.936285427538678 1
0.696577923372388 0.940365279326215 1
0.0381627711467445 0.507635431131348 1
0.938332938589156 0.663032529177144 1
0.165295826736838 0.43396442825906 1
0.631694957613945 0.480419978732243 1
0.215080784168094 0.546932451194152 1
0.76577468868345 0.242133903549984 2
0.705812693107873 0.539333107648417 2
0.0611319672316313 0.583932465175167 1
0.731077283155173 0.20306965499185 2
0.847156126983464 0.752127566607669 2
0.269260241184384 0.914201386971399 1
0.174797933548689 0.604744520271197 1
0.376845551189035 0.536935332929716 1
0.0240280805155635 0.0863145284820348 2
0.749877896625549 0.168438269523904 2
0.71539724804461 0.723174976417795 1
0.387964125256985 0.396344044944271 2
0.885072723962367 0.936152537586167 1
0.345188776496798 0.990831215633079 1
0.632726587355137 0.217504091793671 2
0.802318671252578 0.203145995503291 2
0.70165045466274 0.468990455614403 2
0.944671564269811 0.0924455176573247 2
0.800471788272262 0.0479579253587872 2
0.380023858975619 0.552836408605799 1
0.425846767611802 0.318302632542327 2
0.0809323848225176 0.962483674986288 1
0.795504722744226 0.753192711854354 2
0.0858452371321619 0.626664902782068 1
0.751019130460918 0.886423281626776 1
0.443376679439098 0.436644769040868 2
0.739680172875524 0.659279236802831 2
0.134121108334512 0.416244866093621 1
0.234843858517706 0.959780854405835 1
0.954381080809981 0.0779838382732123 2
0.204132705926895 0.401187211507931 1
0.596184404101223 0.760662831133232 1
0.484862989746034 0.636632415698841 1
0.407965288031846 0.37027125316672 2
0.176073549315333 0.756769648054615 1
0.5702845598571 0.196087850024924 2
0.406531159766018 0.56729801860638 1
0.670963941607624 0.72385209123604 1
0.0880874656140804 0.793247234309092 1
0.914009389933199 0.617880869423971 2
0.513762476854026 0.506895079510286 1
0.446698498446494 0.29400551202707 2
0.909929627552629 0.326192708918825 2
0.539206962566823 0.755204105516896 1
0.301977396942675 0.180572753073648 2
0.601149106863886 0.611804132116958 1
0.30282249301672 0.691015236312523 1
0.269407474901527 0.458130419021472 1
0.683649598620832 0.461246307240799 1
0.0516264815814793 0.0274734001141042 2
0.836252680048347 0.826944781700149 1
0.259745127987117 0.797252690186724 1
0.486352858133614 0.859831498237327 1
0.217943778727204 0.966250971658155 1
0.267267841845751 0.673516486072913 1
0.979380001779646 0.975793193792924 1
0.0133079243823886 0.327978945570067 2
0.0360884708352387 0.99674608442001 1
0.882273541763425 0.879555041203275 1
0.756419930141419 0.0542129741515964 2
0.666429393924773 0.373308507027104 2
0.534394221846014 0.711798933101818 1
0.901330128312111 0.824659064644948 1
0.885342375840992 0.487321220105514 2
0.631872585974634 0.487143653677776 1
0.97221276210621 0.421840044436976 2
0.944949610158801 0.953185474732891 1
0.296916305553168 0.4738846400287 1
0.628080417402089 0.884745844872668 1
0.541085763368756 0.660749652190134 1
0.563392531126738 0.420733865583315 1
0.790624064859003 0.118736836826429 2
0.716330277733505 0.558048903243616 2
0.628416713792831 0.504217072157189 1
0.828464845195413 0.0531308820936829 2
0.829583253245801 0.407387682935223 2
0.173780904151499 0.640893389703706 1
0.643642792943865 0.700600077165291 1
0.987814791500568 0.617914594942704 2
0.897968599107116 0.993132695322856 1
0.429019256494939 0.0867609784472734 2
0.406906746793538 0.614284272072837 1
0.181729769334197 0.408318875590339 1
0.420933834742755 0.796662410488352 1
0.0601073922589421 0.659008831949905 1
0.10022876271978 0.981542468769476 1
0.222433213144541 0.1397577712778 1
0.24703357135877 0.418171759461984 1
0.855129341594875 0.233603975968435 2
0.78117834450677 0.478894061176106 2
0.435881467536092 0.158809880027547 2
0.693145174067467 0.361969442805275 2
0.935237982310355 0.414357674540952 2
0.459046187344939 0.103964400244877 2
0.566060662269592 0.964702725643292 1
0.151890636887401 0.0735873056109995 1
0.940201914869249 0.46065980498679 2
0.733516052830964 0.368844168959185 2
0.741783587262034 0.0432971327099949 2
0.261558457743376 0.78938971250318 1
0.276452337391675 0.527713232906535 1
0.995836643967777 0.305948757333681 2
0.50598656758666 0.0135716015938669 2
0.638525513466448 0.19868292263709 2
0.427629920653999 0.219268187182024 2
0.192493480164558 0.286377637414262 1
0.907526338472962 0.0866066834423691 2
0.172178934793919 0.918324464699253 1
0.327631683088839 0.452856634976342 1
0.151380772236735 0.650773738278076 1
0.655476920306683 0.837069355184212 1
0.882337981369346 0.779832511907443 1
0.796157865785062 0.637526656733826 2
0.470473297405988 0.152682821033522 2
0.335926493629813 0.287197394529358 2
0.339175916742533 0.928995257010683 1
0.0367588074877858 0.164076821180061 2
0.968998274300247 0.214412853820249 2
0.691274274140596 0.303283754969016 2
0.645641883369535 0.737980287289247 1
0.197381819598377 0.207790560321882 1
0.701107237953693 0.995393386809155 1
0.962027387693524 0.304660940775648 2
0.982382777612656 0.529943959554657 2
0.993418061174452 0.843670544447377 1
0.532047914806753 0.273034927202389 2
0.291097745299339 0.285185382002965 1
0.715165124740452 0.116140775149688 2
0.39324941392988 0.474173057125881 2
0.276836097706109 0.136088314233348 2
0.190598918125033 0.147221809485927 1
0.0647969539277256 0.145532754948363 2
0.366295357234776 0.56944237020798 1
0.40142752090469 0.490504094166681 2
0.0711430124938488 0.348127629840747 1
0.339549673255533 0.266898814355955 2
0.693559843115509 0.72004511882551 1
0.286389735061675 0.377791895298287 1
0.833637544885278 0.859237300464883 1
0.730079944711179 0.103444138308987 2
0.840678171254694 0.00220467639155686 2
0.0530739822424948 0.105879802955315 2
0.523582316935062 0.437346704537049 1
0.666851559188217 0.0399095562752336 2
0.893463863991201 0.655535529600456 2
0.952287070918828 0.192473734496161 2
0.047866290435195 0.208697526017204 2
0.740057311486453 0.822180917253718 1
0.555955541320145 0.0732776534277946 2
0.315463250968605 0.120916814310476 2
0.954064462333918 0.565461624646559 2
0.182040875311941 0.969398464774713 1
0.210963795892894 0.105030886130407 1
0.0683360886760056 0.908548748819157 1
0.272234739735723 0.374725410947576 1
0.912218678276986 0.998566211899742 1
0.0431180680170655 0.671989304246381 1
0.807110341731459 0.487565201474354 2
0.419214814901352 0.499974221223965 2
0.144501776900142 0.46166131622158 1
0.224413520656526 0.694675597595051 1
0.437133834231645 0.898377167759463 1
0.165419040247798 0.635076692560688 1
0.557217731606215 0.795243454864249 1
0.162257914431393 0.333175444277003 1
0.374069331679493 0.295470350189134 2
0.664135303348303 0.450769137823954 1
0.025532481726259 0.982564199483022 1
0.810018482618034 0.539871885674074 2
0.307566415984184 0.765764533309266 1
0.543321901932359 0.0536399206612259 2
0.916372220497578 0.0281763912644237 2
0.0400688061490655 0.92467970144935 1
0.527433360461146 0.959472958697006 1
0.0599044188857079 0.757613830501214 1
0.945845270063728 0.245043515926227 2
0.0793356886133552 0.932779784547165 1
0.812309004832059 0.533461699960753 2
0.316572597250342 0.167936457553878 2
0.599163956474513 0.354149078717455 1
0.00734603125602007 0.334853516193107 2
0.880834630224854 0.407109037740156 2
0.541077215224504 0.577658567810431 1
0.113066484685987 0.396605979418382 1
0.316773707978427 0.0298171408940107 2
0.405325834173709 0.830664834706113 1
0.428026961162686 0.676620478043333 1
0.020738813560456 0.458265887340531 1
0.536486440338194 0.160056141437963 2
0.587944405619055 0.266109910560772 1
0.54318530857563 0.572936430806294 1
0.259236530866474 0.206828616326675 1
0.917092672549188 0.539159613894299 2
0.299370199907571 0.0805154170375317 2
0.790267391130328 0.126978969434276 2
0.839406728278846 0.241451499750838 2
0.178988446481526 0.392154642613605 1
0.779973013792187 0.0519022129010409 2
0.940236877650023 0.59786331304349 2
0.0783098763786256 0.254858765518293 2
0.322904276661575 0.408240675227717 1
0.903484460432082 0.687600238947198 2
0.223102847114205 0.602431731531397 1
0.394141699653119 0.00795091106556356 2
0.502952025271952 0.10602389764972 2
0.00316984439268708 0.355107893003151 2
0.982216663658619 0.386737920576707 2
0.66365505149588 0.116914078360423 2
0.962171777151525 0.511251609073952 2
0.260500036645681 0.225451404927298 1
0.391068851575255 0.410031376639381 2
0.142081789206713 0.652829428901896 1
0.0305787147954106 0.147046596975997 2
0.656323349568993 0.0290442116092891 2
0.232585970312357 0.241241771960631 1
0.945554648991674 0.553782518720254 2
0.185709993354976 0.336641512112692 1
0.484537411946803 0.624046331970021 1
0.740927489474416 0.767963329562917 1
0.0960291209630668 0.849472673377022 1
0.175671615637839 0.818613243522123 1
0.428261043969542 0.377223741961643 2
0.505782663822174 0.717939198249951 1
0.128705324139446 0.698322362964973 1
0.204685307107866 0.674617293523625 1
0.198506132233888 0.357307749567553 1
0.439167408272624 0.493045827606693 1
0.261949881445616 0.23708657710813 1
0.181135390885174 0.569622152717784 1
0.735349504742771 0.3408543698024 2
0.804721172899008 0.315777342999354 2
0.129717794712633 0.242962199961767 1
0.0281156627461314 0.304643674986437 2
0.971604805905372 0.630603699712083 2
0.309503817930818 0.688229920575395 1
0.0764743196777999 0.608197385212407 1
0.0564762661233544 0.681979452492669 1
0.158994371537119 0.686339293373749 1
0.258292488753796 0.163586162263528 1
0.0146168409846723 0.627200931077823 1
0.400370567105711 0.682943190680817 1
0.756821103859693 0.568247536895797 2
0.770378490909934 0.430099470773712 2
0.844396747183055 0.0961516553070396 2
0.515302029438317 0.958099083276466 1
0.883140346501023 0.192777023417875 2
0.0588641650974751 0.707578424597159 1
0.436341305729002 0.22510777018033 2
0.738671089522541 0.629996187286451 2
0.328431759495288 0.400997928110883 1
0.772459762170911 0.45637115300633 2
0.176175537984818 0.362616257509217 1
0.912822031415999 0.40840279799886 2
0.131771194282919 0.839461383176968 1
0.399780318140984 0.398849711054936 2
0.0722440942190588 0.532822243636474 1
0.0705898618325591 0.0180408239830285 2
0.719502568710595 0.653558852849528 1
0.736142529174685 0.853394454577938 1
0.425433128606528 0.785078374436125 1
0.183347185142338 0.938820162089542 1
0.606409742031246 0.993381508393213 1
0.412861626595259 0.380878415191546 2
0.0615921742282808 0.356054190313444 1
0.971551078371704 0.458573072450235 2
0.659388389904052 0.332079603103921 2
0.489048251882195 0.743651675293222 1
0.126456018071622 0.644345501204953 1
0.777789966203272 0.0382885534781963 2
0.923617879394442 0.5967218473088 2
0.105905331671238 0.177025743061677 2
0.443066576030105 0.997583761578426 1
0.502330495975912 0.98984671686776 1
0.0112331439740956 0.111654783366248 2
0.203524952754378 0.973257927456871 1
0.431694767903537 0.312045445432886 2
0.601164412684739 0.466253162594512 1
0.0524965585209429 0.354362160665914 1
0.300185237079859 0.378035713220015 1
0.59226239239797 0.444761421298608 1
0.146555433981121 0.764373353915289 1
0.209469814319164 0.523824310628697 1
0.334147216752172 0.799461135873571 1
0.54926400212571 0.438126327237114 1
0.950086125172675 0.940166992368177 1
0.752185794059187 0.921377521706745 1
0.567951709032059 0.329535156721249 1
0.659188778605312 0.557007945841178 1
0.748204774223268 0.736422392772511 1
0.697320446837693 0.144073414383456 2
0.555216191336513 0.578142037848011 1
0.18044240726158 0.138356579234824 1
0.450272266753018 0.822990858228877 1
0.00936466315761209 0.090538316173479 2
0.169931676238775 0.819533717120066 1
0.0057689524255693 0.253314424073324 2
0.449108961038291 0.349521055119112 2
0.364296149928123 0.779332636622712 1
0.698259586468339 0.451314183184877 2
0.957172732334584 0.181824946543202 2
0.994041563011706 0.810693388106301 1
0.475751305464655 0.979810242308304 1
0.992828629910946 0.765923850471154 1
0.643340194132179 0.699742257362232 1
0.626450001262128 0.223954375134781 2
0.983697094488889 0.655477831838652 1
0.689531674608588 0.0346239341888577 2
0.879561788868159 0.178440486779436 2
0.677814302034676 0.619751022430137 1
0.905602923128754 0.219854310853407 2
0.486822623759508 0.903980825329199 1
0.670153846498579 0.49692315957509 1
0.830261464230716 0.844265199499205 1
0.65011251391843 0.604830167023465 1
0.487513290718198 0.10485046566464 2
0.753380450885743 0.766432570060715 1
0.739612334407866 0.674648014130071 1
0.593215780798346 0.141526845050976 2
0.603070273995399 0.473862722748891 1
0.708875314798206 0.867559157079086 1
0.720928481779993 0.246754187392071 2
0.216920704115182 0.253656121669337 1
0.0204118322581053 0.287405764916912 2
0.627563654910773 0.799850879004225 1
0.496559073217213 0.795376428635791 1
0.810425205621868 0.963379480643198 1
0.731204759329557 0.908110436284915 1
0.344084066804498 0.843922588741407 1
0.00668774824589491 0.706979810493067 1
0.733789023477584 0.209667487768456 2
0.123661259189248 0.74383463175036 1
0.231710399966687 0.536065408727154 1
0.282379494048655 0.884936143876985 1
0.244105587247759 0.979159165872261 1
0.636835820972919 0.519147671991959 1
0.559773632790893 0.455356105929241 1
0.381127520464361 0.42725835298188 2
0.884173892904073 0.24952136981301 2
0.477422093972564 0.859314678469673 1
0.413583747576922 0.82326646684669 1
0.384900134988129 0.61683485028334 1
0.433670377824456 0.745308161480352 1
0.399049762636423 0.186780948424712 2
0.176851605530828 0.915772672509775 1
0.460687617771327 0.224163911538199 2
0.422820795793086 0.506320184795186 1
0.54408142156899 0.930156329879537 1
0.576610821764916 0.287964673480019 1
0.983549096621573 0.122588050784543 2
0.208572092000395 0.268464040709659 1
0.347909450531006 0.0456995966378599 2
0.290639640297741 0.811155564850196 1
0.722159422002733 0.216028395341709 2
0.613264278043061 0.657111662207171 1
0.505752889439464 0.851302823284641 1
0.117382809054106 0.52249096124433 1
0.086856042034924 0.679219060810283 1
0.125802306924015 0.19295968930237 1
0.00195431336760521 0.172975760186091 2
0.708373454865068 0.287058371817693 2
0.440185877494514 0.5104415260721 1
0.665327948052436 0.110388844041154 2
0.201776707544923 0.803830208489671 1
0.863154958467931 0.27249657525681 2
0.46995219681412 0.396759008290246 2
0.907391662243754 0.988323305500671 1
0.00570034235715866 0.275564395124093 2
0.386702829506248 0.236104994779453 2
0.624761491082609 0.891750837909058 1
0.172624476719648 0.193590084789321 1
0.0662196483463049 0.942447347799316 1
0.509346581529826 0.624453073134646 1
0.612070349045098 0.905746833654121 1
0.877909860108048 0.136778400046751 2
0.0671400912106037 0.377803270006552 1
0.869191606994718 0.485489647602662 2
0.958732332102954 0.508561677532271 2
0.550055597443134 0.34059905144386 1
0.0653750468045473 0.0829959160182625 2
0.0570410522632301 0.193152324995026 2
0.634044849313796 0.0447292898315936 2
0.401965665165335 0.320743796182796 2
0.895242676138878 0.508912965888157 2
0.723817692603916 0.98447685665451 1
0.735296032391489 0.561237204121426 2
0.471312106121331 0.279244723496959 2
0.635262800380588 0.389950400451198 1
0.250485807191581 0.309206513455138 1
0.235811610706151 0.547760942252353 1
0.321706904564053 0.610333629650995 1
0.137453775852919 0.390496876323596 1
0.980473054107279 0.991901460802183 1
0.795501786284149 0.989398389356211 1
0.306373861152679 0.218801392940804 2
0.619129369035363 0.0639181009028107 2
0.0145923453383148 0.206548133632168 2
0.6339081088081 0.731904168846086 1
0.394320467952639 0.650857348693535 1
0.317195631563663 0.124041207367554 2
0.568463721778244 0.263668611412868 1
0.465750350616872 0.159424017416313 2
0.559009783435613 0.0374886642675847 2
0.204947775229812 0.0291391296777874 1
0.89243622822687 0.209929993143305 2
0.498973381705582 0.18472916004248 2
0.729532307479531 0.850319714052603 1
0.77136704698205 0.878414977574721 1
0.754009788390249 0.240253772353753 2
0.495294044725597 0.551950684981421 1
0.304277856368572 0.469971454469487 1
0.86291760392487 0.620986411580816 2
0.482757079880685 0.922425212105736 1
0.893248029984534 0.451813918771222 2
0.227107437793165 0.566920798970386 1
0.587843388319016 0.577370017999783 1
0.577745409216732 0.234202719992027 1
0.99373675044626 0.44937280123122 2
0.626025125849992 0.294859993038699 1
0.282965002581477 0.273465683916584 1
0.877458586823195 0.412927223136649 2
0.208074216730893 0.724244260462001 1
0.014349936041981 0.296555989189073 2
0.542976584285498 0.587040972197428 1
0.29221880203113 0.617631543194875 1
0.368533912114799 0.6233425878454 1
0.054387700278312 0.522209821967408 1
0.312242681160569 0.206715496489778 2
0.0991084980778396 0.40364977135323 1
0.101395667530596 0.526113813044503 1
0.883602941874415 0.860315982950851 1
0.0390951260924339 0.403445296222344 1
0.79939224710688 0.00972664332948625 2
0.262492536567152 0.022270079003647 2
0.00329075055196881 0.581021795747802 1
0.892629912123084 0.114507211605087 2
0.538438625168055 0.457626914372668 1
0.435257670469582 0.402024016948417 2
0.729748657438904 0.591986790997908 2
0.0420040674507618 0.339983258629218 2
0.0881420872174203 0.464244734263048 1
0.491271193139255 0.458823121385649 1
0.2079485100694 0.506742081372067 1
0.998232530429959 0.851745004067197 1
0.39184484211728 0.166213022312149 2
0.213307076133788 0.604584125103429 1
0.987708347383887 0.52554973657243 2
0.0184850245714188 0.214937940472737 2
0.671758727636188 0.657012842362747 1
0.980880013667047 0.297427374171093 2
0.162364274729043 0.128762158332393 1
0.572882933542132 0.121965861180797 2
0.0988870854489505 0.336582777788863 1
0.51829229760915 0.781911202939227 1
0.0699423388577998 0.582681455416605 1
0.873796176165342 0.0389752353075892 2
0.0254466361366212 0.0734283064957708 2
0.705180692486465 0.141766309039667 2
0.556830402929336 0.257918818620965 1
0.467640081420541 0.164839582750574 2
0.779789354186505 0.179231175919995 2
0.449563310481608 0.665130128385499 1
0.803950021509081 0.760253895772621 2
0.88917226344347 0.702643849188462 2
0.0238243429921567 0.195958778029308 2
0.623386486433446 0.522281210171059 1
0.715428315568715 0.873994166729972 1
0.378289496526122 0.443668781081215 2
0.672939709853381 0.495473524322733 1
0.0605716528370976 0.755873591871932 1
0.869769847486168 0.317834318382666 2
0.659324590116739 0.663875300670043 1
0.378424440976232 0.691642220830545 1
0.617562214843929 0.583671174244955 1
0.0335284960456192 0.313215619651601 2
0.782843263819814 0.332888880977407 2
0.572390276473016 0.864945443114266 1
0.296370425261557 0.0137820963282138 2
0.237479331437498 0.965185296488926 1
0.0299410223960876 0.635483920807019 1
0.0751935853622854 0.59958691126667 1
0.43012425955385 0.772393110441044 1
0.415290490258485 0.455755906878039 2
0.879040030762553 0.805568119743839 1
0.265357240568846 0.83310286491178 1
0.931114290840924 0.544003957184032 2
0.604695050511509 0.0497647158335894 2
0.0351859889924526 0.272666853154078 2
0.811992493923754 0.51847143820487 2
0.601340564899147 0.524161740439013 1
0.71116290660575 0.913233070401475 1
0.521845007315278 0.120907547185197 2
0.969720851164311 0.0987220348324627 2
0.505559475161135 0.284695302369073 2
0.834072644356638 0.744225774658844 2
0.835200481116772 0.860504053765908 1
0.436095946934074 0.794044703012332 1
0.406830637715757 0.951449598418549 1
0.155383415985852 0.216210464714095 1
0.160949965938926 0.51174102560617 1
0.771525419782847 0.701399510493502 2
0.264563766308129 0.694520072313026 1
0.390806815121323 0.233916983706877 2
0.653602052479982 0.00145829119719565 2
0.381692787166685 0.706625919556245 1
0.795065547339618 0.53098703105934 2
0.803478751797229 0.00169675680808723 2
0.778273241594434 0.872035229811445 1
0.062479320447892 0.209052162012085 2
0.0945865148678422 0.440150019945577 1
0.780131327454001 0.904382166219875 1
0.714984819293022 0.302875146502629 2
0.107385919895023 0.658604614203796 1
0.324867925606668 0.791262197541073 1
0.969764709938318 0.200645926175639 2
0.82545973174274 0.444389647105709 2
0.977454989682883 0.9054171720054 1
0.461188633926213 0.0837647106964141 2
0.984819008503109 0.528860457940027 2
0.182419460266829 0.0644830132368952 1
0.533692312892526 0.361940625822172 1
0.102911966852844 2.10695434361696E-5 2
0.664846148807555 0.225457264808938 2
0.161380896344781 0.507536577293649 1
0.831988926511258 0.977552035590634 1
0.346532599069178 0.770551522495225 1
0.902681747917086 0.45578630710952 2
0.094953216612339 0.965893097454682 1
0.480542996432632 0.02566410577856 2
0.721223427914083 0.851767431246117 1
0.0331169893033803 0.157475377200171 2
0.989634757861495 0.0638411326799542 2
0.559781692456454 0.703334560384974 1
0.186882448382676 0.916205645771697 1
0.784070497844368 0.796289474470541 1
0.305109892040491 0.754099417710677 1
0.104783063288778 0.543375517940149 1
0.194679628126323 0.155262879328802 1
0.790260214824229 0.934490180341527 1
0.796045901253819 0.526801238069311 2
0.150197911541909 0.638962866505608 1
0.810103782452643 0.894430083455518 1
0.669375272933394 0.611695033265278 1
0.416389852762222 0.930978805059567 1
0.337671668734401 0.680745638674125 1
0.898509449325502 0.52102682297118 2
0.660747871268541 0.538236903725192 1
0.286165473982692 0.408547630766407 1
0.0857662702910602 0.806455386569723 1
0.373163764365017 0.724435650976375 1
0.8265251503326 0.101023369235918 2
0.72077002748847 0.44079090305604 2
0.32238203054294 0.263015556847677 2
0.505793335847557 0.0488364838529378 2
0.815341067034751 0.181896089343354 2
0.322771186009049 0.00734386057592928 2
0.779679517727345 0.881150865694508 1
0.299631119705737 0.758440976263955 1
0.188488269690424 0.788490180624649 1
0.136203907430172 0.357678167754784 1
0.851501428987831 0.362496673827991 2
0.924963294528425 0.0152268961537629 2
0.308589973021299 0.497593591688201 1
0.86336730979383 0.0950862898025662 2
0.0132944653742015 0.379208361497149 2
0.217176136560738 0.369172499747947 1
0.790771833155304 0.711006478173658 2
0.144121546298265 0.573165867710486 1
0.804531206842512 0.486070703482255 2
0.237302894704044 0.560990906553343 1
0.516333822626621 0.72390057775192 1
0.897684680297971 0.604804093251005 2
0.373631987255067 0.845107244094834 1
0.895070665515959 0.637364474358037 2
0.208922105375677 0.605678585125133 1
0.726929560303688 0.483662083977833 2
0.58538676938042 0.762689672177657 1
0.634447268210351 0.378679174231365 1
0.573200911749154 0.893333527026698 1
0.385180694982409 0.318159258225933 2
0.690877019893378 0.03914719610475 2
0.181688119657338 0.0392589655239135 1
0.996024413499981 0.0973081372212619 2
0.305511128157377 0.677957710111514 1
0.559897584374994 0.130875918781385 2
0.355883109383285 0.400100170867518 2
0.810108598787338 0.0198542315047234 2
0.192539313808084 0.552946584532037 1
0.475878562312573 0.124948212644085 2
0.942003474570811 0.134105851175264 2
0.120203147176653 0.885892082704231 1
0.676725991070271 0.624726452166215 1
0.49330718209967 0.526222094660625 1
0.626448675058782 0.483820180641487 1
0.191763304639608 0.286369795678183 1
0.0311710592359304 0.850593684474006 1
0.35764967603609 0.856950601330027 1
0.995093268342316 0.251662821741775 2
0.402121758554131 0.934122682316229 1
0.950910452753305 0.360024828696623 2
0.987773155327886 0.0688911636825651 2
0.59383378457278 0.102663300232962 2
0.754160512704402 0.232232636539266 2
0.394713016226888 0.663660982856527 1
0.520867485087365 0.767914982279763 1
0.0516356015577912 0.179695380153134 2
0.952482762280852 0.654887509299442 1
0.489377379417419 0.174792170757428 2
0.91986715933308 0.251116402214393 2
0.266079819761217 0.0312114388216287 2
0.0420847688801587 0.940740483580157 1
0.496528832241893 0.0433417169842869 2
0.143373175989836 0.35642228811048 1
0.651410137303174 0.85147684183903 1
0.609527735505253 0.0987694493960589 2
0.84191619977355 0.302350621903315 2
0.878074911888689 0.124701399123296 2
0.449079724960029 0.0333043180871755 2
0.546609681565315 0.226636378793046 2
0.207208717241883 0.326961936661974 1
0.833671997766942 0.274373763939366 2
0.100798101164401 0.0332883347291499 2
0.376537317875773 0.141546700848266 2
0.684292905032635 0.605905138188973 1
0.60029619326815 0.488520055776462 1
0.684078007005155 0.54953947220929 1
0.142597921658307 0.823608676670119 1
0.992069443687797 0.825480504194275 1
0.0684332619421184 0.514490967383608 1
0.41028228122741 0.0119187992531806 2
0.859331211540848 0.671692774398252 2
0.755750048905611 0.266043488169089 2
0.411344846244901 0.076016586041078 2
0.185170735232532 0.384772247867659 1
0.526201222557575 0.571791044203565 1
0.84865434654057 0.510989094385877 2
0.629990342538804 0.597815768560395 1
0.231947028078139 0.28216498834081 1
0.703768181148916 0.777876493288204 1
0.796506747603416 0.46823625289835 2
0.66044877609238 0.742705516284332 1
0.776805541478097 0.39561580424197 2
0.652360380161554 0.605262460885569 1
0.244233323261142 0.704212194541469 1
0.0438406760804355 0.761210350086913 1
0.796978254802525 0.234331467421725 2
0.0332460538484156 0.936461993260309 1
0.485258679836988 0.0903368259314448 2
0.158749950584024 0.653671685373411 1
0.831281620077789 0.177941113011912 2
0.172305252868682 0.539547218708321 1
0.0533028338104486 0.762007104465738 1
0.016145761590451 0.144857207080349 2
0.853163436986506 0.841730614425614 1
0.886201719287783 0.199008722556755 2
0.376678086817265 0.39008141332306 2
0.616804399993271 0.471070244675502 1
0.206249727867544 0.75437695835717 1
0.871054761577398 0.659114922164008 2
0.495085900649428 0.764863936463371 1
0.871231160592288 0.979759147157893 1
0.602391612716019 0.348182619782165 1
0.653611129615456 0.379771441919729 1
0.838913772255182 0.692589033627883 2
0.0820822170935571 0.541626658057794 1
0.1822121841833 0.261809936957434 1
0.104916889686137 0.104880488244817 2
0.0710321087390184 0.204405615339056 2
0.989086497109383 0.77523929043673 1
0.638153382577002 0.955515486421064 1
0.516489299479872 0.243200224591419 2
0.991091102361679 0.077861517900601 2
0.376467557158321 0.0841367018874735 2
0.400022870860994 0.63888445799239 1
0.238988683093339 0.0617041464429349 2
0.502317605540156 0.67088787839748 1
0.242865457665175 0.506441069534048 1
0.883040909655392 0.511065029771999 2
0.883390306029469 0.691440456314012 2
0.640812005847692 0.0682835096959025 2
0.533758637961 0.376966465031728 1
0.798387232236564 0.313502743141726 2
0.0846562501974404 0.94589143875055 1
0.66734510101378 0.54069927544333 1
0.436385791283101 0.801828229567036 1
0.526247919537127 0.195174877764657 2
0.827907288912684 0.951832835329697 1
0.22165497392416 0.316122465068474 1
0.237167739775032 0.945552348857746 1
0.551362275145948 0.890324826585129 1
0.337094761896878 0.59269321965985 1
0.539243867620826 0.663861168781295 1
0.741629309486598 0.13068482815288 2
0.961069700308144 0.208696470828727 2
0.526172450277954 0.764413372380659 1
0.730675060302019 0.291028652573004 2
0.256821205373853 0.749901067232713 1
0.00585656892508268 0.838268555002287 1
0.012768451590091 0.443805656163022 1
0.123369740322232 0.0515277332160622 2
0.136241886299103 0.990615235408768 1
0.722403102554381 0.460489061893895 2
0.694357054773718 0.569413390709087 1
0.665903881192207 0.96753515326418 1
0.887259440030903 0.372089646523818 2
0.619130245409906 0.178009587572888 2
0.886930615175515 0.734870227752253 2
0.394805116578937 0.563485956052318 1
0.841033458244056 0.0950441339518875 2
0.424246539361775 0.25491971638985 2
0.0261714295484126 0.694759526057169 1
0.963849615305662 0.512557860696688 2
0.384936911519617 0.203765425598249 2
0.896294998936355 0.169481395976618 2
0.931123611051589 0.682973726419732 1
0.235858956351876 0.595655637094751 1
0.757478024344891 0.560716518899426 2
0.697199986316264 0.979363312246278 1
0.630364964250475 0.543573726667091 1
0.936997003853321 0.972895480925217 1
0.405722150113434 0.633646055823192 1
0.327814086340368 0.999375264393166 1
0.75067886011675 0.674148256657645 2
0.373566782101989 0.767589388648048 1
0.905213646125048 0.0951976978685707 2
0.125964981503785 0.791702539892867 1
0.468226111028343 0.781673253281042 1
0.211307350546122 0.962729532504454 1
0.44239774858579 0.235019501065835 2
0.327002326957881 0.468640289502218 1
0.0222168457694352 0.45087123545818 1
0.317190678790212 0.609972635516897 1
0.859542447607964 0.184373290976509 2
0.186844625510275 0.307827902259305 1
0.791082384530455 0.525070679141209 2
0.663718521595001 0.351124346489087 2
0.262160362210125 0.953244037693366 1
0.167526102624834 0.679983380483463 1
0.931147113908082 0.299565392313525 2
0.295719293877482 0.252123615005985 1
0.188930615317076 0.27994923084043 1
0.185243581421673 0.289137714775279 1
0.577800361905247 0.527473889989778 1
0.359644945710897 0.949527066433802 1
0.344120708759874 0.293248254572973 2
0.920903357677162 0.725369259016588 1
0.609168272931129 0.238098769215867 2
0.195367837324739 0.10949337692 1
0.892508398275822 0.986951762577519 1
0.193168074823916 0.330038105370477 1
0.972285682801157 0.367786084068939 2
0.490477614104748 0.199267648393288 2
0.316803568508476 0.507031053071842 1
0.394003598950803 0.373520459281281 2
0.571767993737012 0.203284720657393 2
0.497078081592917 0.571165783563629 1
0.83757010800764 0.251227443804964 2
0.986725893802941 0.545443014474586 2
0.720983049366623 0.637605772120878 1
0.31108408048749 0.859058860922232 1
0.395647784229368 0.781161647057161 1
0.0665478957816958 0.757417327957228 1
0.15572300972417 0.238381913630292 1
0.214018361642957 0.68735750974156 1
0.197074118535966 0.546943144639954 1
0.983626388944685 0.258274195017293 2
0.610376226250082 0.128726777387783 2
0.0773084610700607 0.692496285075322 1
0.820506261195987 0.424279562896118 2
0.0286088800057769 0.0617980242241174 2
0.95659911679104 0.68059432762675 1
0.829083574935794 0.85691804275848 1
0.887142866384238 0.064086047699675 2
0.180680473335087 0.686961212428287 1
0.904488040599972 0.0206382356118411 2
0.983471434563398 0.155558314407244 2
0.293145967181772 0.0545946394558996 2
0.918110745958984 0.210658519761637 2
0.266251173336059 0.348571254638955 1
0.232395181432366 0.514829682419077 1
0.00456285057589412 0.895963648101315 1
0.0913006225600839 0.632941444637254 1
0.78238038206473 0.0680245950352401 2
0.0998702421784401 0.0841061549726874 2
0.414747932460159 0.787387028103694 1
0.858329250477254 0.554752598749474 2
0.510323100257665 0.729907299159095 1
0.658801203593612 0.819707541028038 1
0.264284632634372 0.226703753462061 1
0.683000874705613 0.168160082073882 2
0.775654202792794 0.788265616400167 1
0.310278687626123 0.381383825326338 1
0.123407249804586 0.422507192706689 1
0.395391712896526 0.559091857867315 1
0.685747880954295 0.168642378179356 2
0.625376226380467 0.341299543390051 1
0.436922836583108 0.518754483899102 1
0.314896830357611 0.322570127667859 1
0.2059495174326 0.64893637294881 1
0.249447137117386 0.705518156522885 1
0.131633074488491 0.631875909632072 1
0.435777015052736 0.49044570629485 2
0.798247561324388 0.0527617211919278 2
0.868921397253871 0.747986426809803 2
0.78625614894554 0.700384272029623 2
0.675205652602017 0.771632396848872 1
0.622445403132588 0.255307250423357 2
0.240602519363165 0.157018792117015 1
0.363848624285311 0.14698426774703 2
0.183815601281822 0.104841365711764 1
0.29983324976638 0.0016958701889962 2
0.28346442617476 0.494281741091982 1
0.506727318745106 0.353181862970814 1
0.718746067024767 0.523815517546609 2
0.239359999541193 0.537843947065994 1
0.232948325574398 0.966278188163415 1
0.393891179468483 0.94639366841875 1
0.0791894784197211 0.335063870297745 1
0.526305117178708 0.0538206796627492 2
0.857759585604072 0.508331848541275 2
0.160943157505244 0.899556314339861 1
0.6044383617118 0.608095930190757 1
0.373450508806854 0.93970747361891 1
0.739164609462023 0.181071613216773 2
0.882512082811445 0.443235825514421 2
0.734432215802372 0.978156066732481 1
0.134752396959811 0.853957316605374 1
0.612787710502744 0.87941592396237 1
0.11717453924939 0.790236996253952 1
0.632804387249053 0.761457887711003 1
0.881513195578009 0.604254153324291 2
0.772907987236977 0.354057148331776 2
0.0148767395876348 0.672712765401229 1
0.87242894526571 0.38291861419566 2
0.541053385008126 0.840872260509059 1
0.539256198331714 0.545445954659954 1
0.986856400500983 0.691773591330275 1
0.183467556722462 0.116393455537036 1
0.597883387003094 0.562535621924326 1
0.786311637610197 0.230275687063113 2
0.93806461757049 0.479596826946363 2
0.263916361145675 0.137409984366968 2
0.357375439722091 0.434777303365991 2
0.535099009051919 0.980466740438715 1
0.0620877402834594 0.674036094686016 1
0.652652845717967 0.888402511598542 1
0.771935472730547 0.920798827661201 1
0.607485301792622 0.43465093546547 1
0.198569247033447 0.705730661517009 1
0.664982720278203 0.756446461426094 1
0.829674982000142 0.224829549668357 2
0.342976665124297 0.88215589360334 1
0.753131620120257 0.397714813938364 2
0.390686792321503 0.0634927463252097 2
0.505582904908806 0.0479860312771052 2
0.378015283495188 0.159489412093535 2
0.179798220749944 0.377527232980356 1
0.754567841999233 0.369102142052725 2
0.275197495240718 0.156631416408345 2
0.487776251509786 0.859323838958517 1
0.0259151640348136 0.301820369204506 2
0.639497497119009 0.0856796626467258 2
0.190778198186308 0.763234806014225 1
0.490464448928833 0.851980448001996 1
0.539573193993419 0.89346981770359 1
0.0719631081447005 0.406208935426548 1
0.519977525342256 0.719730633078143 1
0.214111415669322 0.119413813808933 1
0.839529558550566 0.79118369310163 2
0.470114623196423 0.544486575992778 1
0.947012929711491 0.523378037614748 2
0.525872226804495 0.901696186745539 1
0.647629884537309 0.211612004553899 2
0.954311463050544 0.287856563227251 2
0.336338680703193 0.135120241669938 2
0.423822367563844 0.156001867959276 2
0.583730052690953 0.423956030746922 1
0.720169396139681 0.862444614293054 1
0.0588177391327918 0.610443924320862 1
0.191254608333111 0.328091584378853 1
0.0231180726550519 0.0370776948984712 2
0.474107413552701 0.110892559634522 2
0.880393632221967 0.542738596675918 2
0.613475879654288 0.436296863714233 1
0.516435957979411 0.0991089397575706 2
0.931394604034722 0.982592717977241 1
0.413262328598648 0.319155976874754 2
0.257104147225618 0.468004409456626 1
0.772101601120085 0.0095611026044935 2
0.37669702898711 0.336422271328047 2
0.129544113297015 0.188969365088269 1
0.811865286901593 0.088640475878492 2
0.201230648439378 0.243934290250763 1
0.287124597467482 0.0559776399750262 2
0.937455462757498 0.144433018518612 2
0.494889959692955 0.663155243033543 1
0.0250583752058446 0.890826754039153 1
0.0177779411897063 0.477308857487515 1
0.319980919826776 0.61414152639918 1
0.517510486766696 0.59000719175674 1
0.94486156059429 0.00154426484368742 2
0.5497952895239 0.129153945716098 2
0.0360449687577784 0.968889184994623 1
0.614557724446058 0.947647478664294 1
0.37438036268577 0.752209488069639 1
0.300899344496429 0.785673289792612 1
0.384183910209686 0.840029372600839 1
0.636157939210534 0.453504311153665 1
0.234740193467587 0.41837135865353 1
0.998444155789912 0.831684013130143 1
0.028717736247927 0.250333924544975 2
0.202029682695866 0.735467322403565 1
0.311873593833297 0.162114456063136 2
0.614961995743215 0.940394352423027 1
0.388422005344182 0.557352508185431 1
0.418280666694045 0.915871946373954 1
0.176442108582705 0.63166837929748 1
0.366210234351456 0.0636380326468498 2
0.587699717376381 0.209271997911856 2
0.656704638153315 0.507983792806044 1
0.666258161421865 0.373517121886835 2
0.771718214266002 0.734608642058447 2
0.970253188628703 0.313275850145146 2
0.396578254178166 0.624983022222295 1
0.931206929963082 0.0570084468927234 2
0.77783412579447 0.683094007195905 2
0.175255926791579 0.0164034783374518 2
0.128957957029343 0.501448720926419 1
0.0406682207249105 0.51146326190792 1
0.943271881900728 0.763210567878559 1
0.776024505961686 0.698909627972171 2
0.323476849123836 0.327343276003376 2
0.153438344132155 0.575784994056448 1
0.687157993204892 0.193637752206996 2
0.481190441641957 0.980123751563951 1
0.457641568034887 0.394496750319377 2
0.250151989515871 0.760568964993581 1
0.599578442983329 0.110352351563051 2
0.898372065741569 0.536809383658692 2
0.10862916149199 0.555591257521883 1
0.428204100113362 0.722711765905842 1
0.814625562168658 0.431862895609811 2
0.860346401575953 0.734023515833542 2
0.107583962380886 0.995645337039605 1
0.759171748068184 0.552520632511005 2
0.445944904349744 0.0369440272916108 2
0.313721038866788 0.0684759716968983 2
0.756414463743567 0.315998329082504 2
0.70873600943014 0.873322820058092 1
0.0847821207717061 0.254870877834037 1
0.770106008742005 0.42438878188841 2
0.107090193778276 0.930794749641791 1
0.119103839155287 0.753574978327379 1
0.36052983533591 0.668153441743925 1
0.319785658735782 0.141855559078977 2
0.303438590839505 0.775968665489927 1
0.753929946105927 0.431472526630387 2
0.563774519599974 0.227770951809362 2
0.20789052778855 0.897700872970745 1
0.985441878437996 0.330728069180623 2
0.405738668050617 0.85205902880989 1
0.331843367777765 0.680906254099682 1
0.973069221246988 0.398839625297114 2
0.756033940240741 0.951539254048839 1
0.56584584666416 0.0168355682399124 2
0.396851171739399 0.311180182965472 2
0.148660285864025 0.888136424822733 1
0.710397195070982 0.518611189210787 2
0.656780702527612 0.145870122825727 2
0.396247196011245 0.991385936038569 1
0.526364084798843 0.462764962343499 1
0.0277594719082117 0.394879894563928 1
0.827207710128278 0.652406940003857 2
0.745862052775919 0.548723449232057 2
0.982414672616869 0.205067385686561 2
0.625690884888172 0.697492815786973 1
0.30934847285971 0.929975911742076 1
0.575454576872289 0.442533771740273 1
0.866251670289785 0.125913674710318 2
0.876900708302855 0.881793199339882 1
0.338903598021716 0.952001949539408 1
0.726758700795472 0.754533441038802 1
0.951692140195519 0.920561016304418 1
0.388534251600504 0.637804467463866 1
0.637474571820349 0.683914359426126 1
0.814030329696834 0.491548857884482 2
0.950602461118251 0.53701317938976 2
0.84396973438561 0.0992145931813866 2
0.457485634367913 0.307756216963753 2
0.347094216383994 0.200750661315396 2
0.589070203248411 0.556879889918491 1
0.907115161418915 0.364860475296155 2
0.189605654682964 0.259293742245063 1
0.916890836320817 0.897388103650883 1
0.246076003182679 0.388736205874011 1
0.189205197617412 0.332712313393131 1
0.532670005690306 0.0776256748940796 2
0.443523262627423 0.305023425491527 2
0.154665438923985 0.273981892270967 1
0.278098043054342 0.846357982838526 1
0.226102439220995 0.0672926490660757 1
0.486804041080177 0.408266230719164 1
0.165620904881507 0.105200796155259 1
0.830072307959199 0.153987409779802 2
0.344836961012334 0.772886568447575 1
0.619302065111697 0.318007861496881 1
0.0736334868706763 0.0570202216040343 2
0.724123887717724 0.679876946145669 1
0.156739705707878 0.266159981256351 1
0.86188945081085 0.449155773269013 2
0.505974837113172 0.0294703047256917 2
0.278762837871909 0.108373744646087 2
0.542530811857432 0.245635455241427 2
0.181788411922753 0.0108679097611457 2
0.373669049236923 0.90384338865988 1
0.531310249119997 0.780380133772269 1
0.978206296917051 0.948714952683076 1
0.0531181348487735 0.809287077980116 1
0.885164533276111 0.611053398577496 2
0.57969512231648 0.402337992796674 1
0.0799599322490394 0.876289205392823 1
0.0799416536465287 0.362775323214009 1
0.122505890671164 0.0124952166806906 2
0.986751243472099 0.0677131267730147 2
0.711605118121952 0.329847089713439 2
0.681812725029886 0.329648304032162 2
0.180005789268762 0.593404057202861 1
0.247014058753848 0.590979641536251 1
0.654496758710593 0.76108500151895 1
0.841822703368962 0.248409667285159 2
0.865416838321835 0.968714841408655 1
0.316017549484968 0.154104318702593 2
0.839953137096018 0.934016231214628 1
0.917147415690124 0.590485423104838 2
0.963603463489562 0.201421572593972 2
0.202091107144952 0.265530990669504 1
0.14417779026553 0.899580338736996 1
0.51209403667599 0.125458319904283 2
0.062713781837374 0.93343671108596 1
0.620656408369541 0.0316649156156927 2
0.745681384112686 0.782752528553829 1
0.413647963665426 0.598802219377831 1
0.94285147683695 0.328950549243018 2
0.711024289950728 0.740857152501121 1
0.045203588437289 0.382153024664149 1
0.58951969165355 0.722116471501067 1
0.527247673366219 0.830290586454794 1
0.815691623836756 0.759888936067 2
0.148134951945394 0.58215644559823 1
0.248691688291728 0.475860289530829 1
0.395932812709361 0.726280904142186 1
0.322138192132115 0.74295605183579 1
0.909438777249306 0.577501179417595 2
0.964465268887579 0.724587125005201 1
0.861908527556807 0.533101540757343 2
0.567123562097549 0.153153211111203 2
0.54107299586758 0.910398758715019 1
0.86000747140497 0.144679042743519 2
0.609819517005235 0.187647866783664 2
0.80348396115005 0.0964584259781986 2
0.78191204322502 0.320143235614523 2
0.856397931464016 0.46458109584637 2
0.897125421557575 0.0533899597357959 2
0.22942915186286 0.468217384302989 1
0.630168733652681 0.405220556771383 1
0.983175757341087 0.0175357006955892 2
0.317772698123008 0.738731979159638 1
0.0803393069654703 0.412127824733034 1
0.638316135387868 0.0979179383721203 2
0.751386404968798 0.606817011954263 2
0.128366495016962 0.727871541632339 1
0.783061884343624 0.091723911697045 2
0.770509445574135 0.951433241134509 1
0.589128552936018 0.683465297566727 1
0.136842526961118 0.824159095762298 1
0.172708502039313 0.774360610404983 1
0.822507865261286 0.239484345307574 2
0.339600977487862 0.836521313758567 1
0.153638950083405 0.405957297189161 1
0.77195181325078 0.227698061848059 2
0.404096474405378 0.868418525671586 1
0.821649427525699 0.595760680036619 2
0.00536823691800237 0.495000383583829 1
0.132822381332517 0.428685957798734 1
0.484008106868714 0.101821826538071 2
0.452813499607146 0.54692825418897 1
0.11098905140534 0.637253549648449 1
0.241005554795265 0.585047915810719 1
0.497345225419849 0.097628436749801 2
0.934873512946069 0.759472507284954 1
0.620478123892099 0.59627232211642 1
0.982638342306018 0.469265854218975 2
0.015501796733588 0.2577300646808 2
0.00189738441258669 0.526779898675159 1
0.116002126131207 0.85906193475239 1
0.673606287688017 0.065064367139712 2
0.978585166390985 0.390085313236341 2
0.230787503533065 0.418909250991419 1
0.875589546281844 0.954436703352258 1
0.651340344920754 0.526395099470392 1
0.490337933879346 0.683329054852948 1
0.914327607490122 0.647826125146821 2
0.699302563909441 0.583879400743172 1
0.929113753139973 0.448921121889725 2
0.175559827592224 0.493881806498393 1
0.996729656122625 0.745137195335701 1
0.297908924985677 0.56490063178353 1
0.912838911637664 0.454001305857673 2
0.100029579829425 0.945559104671702 1
0.0716807069256902 0.552324624033645 1
0.244053816888481 0.586898208362982 1
0.18036425486207 0.0851746986154467 1
0.252926801797003 0.341680880403146 1
0.442889790050685 0.523480436997488 1
0.485931743402034 0.779516524402425 1
0.323271127417684 0.0171448981855065 2
0.591753858607262 0.38968083425425 1
0.247134783305228 0.340540898265317 1
0.423458399716765 0.0935059308540076 2
0.851170659065247 0.577264428371564 2
0.649757744278759 0.238215811317787 2
0.639809287153184 0.841020885156468 1
0.546942547429353 0.494082110701129 1
0.158500639721751 0.579519113758579 1
0.705851956736296 0.32677517621778 2
0.0429694997146726 0.258248263271526 2
0.638257889542729 0.966785453958437 1
0.55382239446044 0.471012454712763 1
0.51703837281093 0.0477901881095022 2
0.455881091766059 0.774098261492327 1
0.534514945466071 0.33584043267183 1
0.351617658510804 0.790950002381578 1
0.613329123239964 0.221243375679478 2
0.828066081739962 0.384227846981958 2
0.454232926014811 0.895014975918457 1
0.0265854522585869 0.942123733693734 1
0.155168467666954 0.381777912145481 1
0.494849710725248 0.0758101001847535 2
0.886011608410627 0.850979844806716 1
0.43043895624578 0.274896426359192 2
0.353354669641703 0.878306990256533 1
0.675407317467034 0.317768589826301 2
0.0397032112814486 0.579168007476255 1
0.0712023861706257 0.483686033869162 1
0.451461871620268 0.786123197292909 1
0.0333112133666873 0.863511747913435 1
0.860084269661456 0.692134014097974 2
0.455007867887616 0.315950060496107 2
0.270761969964951 0.631507890066132 1
0.299577557481825 0.866167244734243 1
0.60302750999108 0.92041337187402 1
0.490392312407494 0.593669936293736 1
0.317646489944309 0.928840569918975 1
0.958213231526315 0.306316363858059 2
0.974173725116998 0.805881920037791 1
0.95509429089725 0.547335392097011 2
0.453548460733145 0.530208257725462 1
0.994262714870274 0.732228377135471 1
0.830103649292141 0.207615204853937 2
0.0253509096801281 0.462428834522143 1
0.127364290412515 0.787514868890867 1
0.704354959540069 0.312594919698313 2
0.442009833175689 0.620247854618356 1
0.86769468523562 0.638409720966592 2
0.170375640969723 0.527090588351712 1
0.569750265218318 0.201764364959672 2
0.321868518833071 0.304832954658195 2
0.293250419199467 0.66019893460907 1
0.153671303298324 0.836801245575771 1
0.191887154243886 0.217476199613884 1
0.611111514735967 0.232201422331855 2
0.474532073363662 0.982163159409538 1
0.308069072198123 0.665657689562067 1
0.290429246611893 0.831095398636535 1
0.0317980707623065 0.838821382028982 1
0.724739644676447 0.824599255109206 1
0.00653762137517333 0.235925163840875 2
0.763812134973705 0.47034680028446 2
0.400286753196269 0.595157540170476 1
0.339556040242314 0.382718632230535 2
0.809118378441781 0.267732681473717 2
0.812290259636939 0.134549481095746 2
0.703407319728285 0.386530560208485 2
0.501443952322006 0.348131627077237 2
0.0703473999164999 0.016182400053367 2
0.123483783565462 0.322351130889729 1
0.737132594455034 0.706476437626407 1
0.246442733332515 0.742831876734272 1
0.109177246224135 0.120958996703848 2
0.120425467379391 0.271962427766994 1
0.307750342879444 0.66260587493889 1
0.493465270847082 0.0656806940678507 2
0.941398856695741 0.268439043080434 2
0.272107544355094 0.513891413109377 1
0.995535146910697 0.794963656691834 1
0.136094862595201 0.751391442725435 1
0.574563424568623 0.666300380369648 1
0.466528595425189 0.736177866579965 1
0.480920279864222 0.706888024462387 1
0.196882091462612 0.942013912135735 1
0.865404271986336 0.330631494289264 2
0.446240424178541 0.962127681123093 1
0.433169581461698 0.508370051858947 1
0.0441417004913092 0.570918692508712 1
0.939758724998683 0.185540890088305 2
0.306394931860268 0.040547237964347 2
0.961549332831055 0.0719130195211619 2
0.671249467879534 0.759281549835578 1
0.17498998856172 0.975266467547044 1
0.055290992371738 0.448477781610563 1
0.629000131506473 0.100891790119931 2
0.0384390819817781 0.525067800888792 1
0.744909021537751 0.988784895977005 1
0.237421327270567 0.406429794849828 1
0.0283087664283812 0.0104121833574027 2
0.477099016308784 0.804516688222066 1
0.727196411695331 0.596920989220962 2
0.619019380770624 0.306117373751476 1
0.92078009294346 0.620670350966975 2
0.156569404527545 0.78612575517036 1
0.773324250709265 0.601957080652937 2
0.936106194742024 0.450692602666095 2
0.937408907804638 0.662812151713297 1
0.613438915461302 0.557135220849887 1
0.340978009160608 0.399742398178205 1
0.705037283711135 0.107479929225519 2
0.842551824171096 0.0972925263922662 2
0.343341628089547 0.0625123551581055 2
0.488978411536664 0.954302439233288 1
0.0955495098605752 0.873210539342836 1
0.360099146608263 0.244734872831032 2
0.455253906548023 0.376435853773728 2
0.234703311230987 0.584948345785961 1
0.866307958029211 0.35175673221238 2
0.562146746087819 0.729290420887992 1
0.388291275128722 0.286280213156715 2
0.474009565543383 0.565886279335245 1
0.362952810712159 0.144366295309737 2
0.820167934987694 0.234497607452795 2
0.691005293279886 0.189100105548277 2
0.463654910679907 0.538326795911416 1
0.578646223060787 0.152396879391745 2
0.318685342092067 0.0716414514463395 2
0.863180430606008 0.300614753970876 2
0.866219836752862 0.735094221075997 2
0.277119197882712 0.192550373496488 1
0.131442787591368 0.560612928820774 1
0.260130941867828 0.176692307228222 1
0.357529462780803 0.01773602492176 2
0.178218460641801 0.924607279943302 1
0.860077158082277 0.223268347559497 2
0.0594977419823408 0.547334214905277 1
0.796575411688536 0.726132197072729 2
0.205953334458172 0.0916610893327743 1
0.835290281567723 0.789288722677156 2
0.290545281022787 0.46315960236825 1
0.957937685307115 0.340604621684179 2
0.799042615108192 0.0728526555467397 2
0.880520802456886 0.0145391512196511 2
0.925958419218659 0.754389645764604 1
0.826706539373845 0.956526452442631 1
0.283961446024477 0.748604570748284 1
0.638116056565195 0.31192818726413 1
0.0361393019556999 0.802331947023049 1
0.45590435853228 0.57143148756586 1
0.310488193295896 0.678355540381745 1
0.458003946114331 0.19476721691899 2
0.00600423477590084 0.623364908853546 1
0.386407531332225 0.184623544802889 2
0.349751320667565 0.590794758172706 1
0.848864814732224 0.532629833323881 2
0.814280558377504 0.265422109747306 2
0.629368325229734 0.709285836433992 1
0.254776264540851 0.186596281128004 1
0.491803322453052 0.619711211649701 1
0.375303523615003 0.516976678976789 1
0.211136761587113 0.697090344270691 1
0.883532308973372 0.253653404535726 2
0.816520320717245 0.0556874840985984 2
0.943313166499138 0.928525671595708 1
0.280682490672916 0.875307194655761 1
0.784479460678995 0.0948130369652063 2
0.139984727371484 0.439075114903972 1
0.579251183196902 0.146574443439022 2
0.779516666661948 0.496414033463225 2
0.944615324027836 0.268110075267032 2
0.367605401668698 0.873090275330469 1
0.680057805031538 0.560121026122943 1
0.674113822635263 0.500205401098356 1
0.600021976046264 0.639501779573038 1
0.256903019268066 0.284008218673989 1
0.570468673482537 0.259640502044931 1
0.750833745580167 0.488402107497677 2
0.108912841416895 0.748102148296311 1
0.243681947235018 0.55202265526168 1
0.157311715185642 0.308569379383698 1
0.973343351390213 0.511760607128963 2
0.887179567478597 0.483916293131188 2
0.830702119041234 0.454605127451941 2
0.646304016932845 0.327289967099205 1
0.402538559865206 0.669682373991236 1
0.406438899226487 0.0780748140532523 2
0.538850909564644 0.42236438463442 1
0.321348700672388 0.389614749932662 1
0.678966169711202 0.52232327661477 1
0.254579554311931 0.405568174319342 1
0.420815010089427 0.107405758230016 2
0.386331798508763 0.23177076340653 2
0.0677457335405052 0.315202953061089 1
0.258809098042548 0.600481075467542 1
0.137252303306013 0.764190536690876 1
0.869419127702713 0.773883968824521 2
0.0659914328716695 0.0163141859229654 2
0.671200818382204 0.983726832317188 1
0.595463738311082 0.442895340500399 1
0.589853165671229 0.953963628271595 1
0.5727339531295 0.165732277324423 2
0.416740600951016 0.303281747968867 2
0.150565205607563 0.995271497173235 1
0.187249924987555 0.874386679613963 1
0.621342358645052 0.537724423920736 1
0.403873804025352 0.286919488804415 2
0.369159412104636 0.89300441625528 1
0.213395828381181 0.260882111499086 1
0.674445967655629 0.615359091898426 1
0.897552133537829 0.507445459486917 2
0.355507756117731 0.858572964323685 1
0.28654458373785 0.234015338355675 1
0.481356227304786 0.877615391975269 1
0.954780518077314 0.560431177960709 2
0.640202202368528 0.308608839986846 1
0.308214059099555 0.393172575393692 1
0.497988588642329 0.898992454400286 1
0.922663983888924 0.554448650451377 2
0.631337156984955 0.609755948884413 1
0.742483157664537 0.213045213604346 2
0.869284381624311 0.261618803953752 2
0.998954529874027 0.913804746465757 1
0.628181342501193 0.147029778687283 2
0.95778869278729 0.752614194760099 1
0.974132690113038 0.27986173494719 2
0.855098002590239 0.493775573791936 2
0.397349672857672 0.204676774097607 2
0.631222262978554 0.676634386414662 1
0.532792226877064 0.537436686223373 1
0.321780971251428 0.00834085349924862 2
0.311475128401071 0.659533711848781 1
0.215327126905322 0.589618956902996 1
0.276813208591193 0.237016616156325 1
0.136977602727711 0.770418294938281 1
0.0503806308843195 0.486887075705454 1
0.467395078390837 0.682323750341311 1
0.181459230836481 0.362341377651319 1
0.756496536545455 0.74459797074087 1
0.864750918466598 0.0788324314635247 2
0.0412633214145899 0.690731661627069 1
0.260629143100232 0.652827093144879 1
0.227027759887278 0.9123766918201 1
0.402304420713335 0.375133801950142 2
0.141611345112324 0.167537011438981 1
0.924278923776001 0.390675529604778 2
0.121689482592046 0.949892382370308 1
0.0964651335962117 0.806583042023703 1
0.240757798776031 0.0661299212370068 2
0.898343555163592 0.000483473530039191 2
0.538075012154877 0.21815845486708 2
0.117534494493157 0.0508592135738581 2
0.857957366853952 0.637080688262358 2
0.707158898469061 0.461352105950937 2
0.158799628727138 0.0657981850672513 1
0.88636325718835 0.600887960521504 2
0.401197643950582 0.637124160537496 1
0.718383568804711 0.531496377428994 2
0.374547460116446 0.444279087008908 2
0.150523366872221 0.14570088381879 1
0.0714960098266602 0.850644111866131 1
0.750420810189098 0.785354383056983 1
0.469618356786668 0.835647288011387 1
0.62297983514145 0.763794916449115 1
0.82969650439918 0.923657616833225 1
0.242340370547026 0.463196737458929 1
0.869974766857922 0.492761903675273 2
0.183262614998966 0.928991698427126 1
0.425766702741385 0.510299425804988 1
0.986300376709551 0.133235949790105 2
0.453788611106575 0.992029412882403 1
0.64113847585395 0.328796951798722 1
0.490594590082765 0.73180633992888 1
0.422469209413975 0.166235798737034 2
0.924488157965243 0.0986380327958614 2
0.0627828785218298 0.495259855641052 1
0.690285436809063 0.948001586133614 1
0.496447378303856 0.0226207075174898 2
0.246304898522794 0.944292093859985 1
0.659451850224286 0.248332421062514 2
0.942958673462272 0.84127919212915 1
0.0791893969289958 0.352085118880495 1
0.142320421524346 0.517446414800361 1
0.238653859589249 0.951728866202757 1
0.698044765740633 0.813088361406699 1
0.949425657745451 0.905702870106325 1
0.655013288371265 0.466040677623823 1
0.217821691650897 0.581284991232678 1
0.278082089498639 0.692917848238721 1
0.338584307115525 0.260536568006501 2
0.769305908121169 0.212733802618459 2
0.200484322849661 0.605817553354427 1
0.283013805747032 0.759780332678929 1
0.0382131203077734 0.356746963923797 2
0.0981114124879241 0.382638323353603 1
0.11493879603222 0.680483641801402 1
0.0569847356528044 0.0761967955622822 2
0.0699013764970005 0.847202328732237 1
0.630380530841649 0.543554761679843 1
0.915422095451504 0.152640052838251 2
0.217638235539198 0.134680893504992 1
0.917701733764261 0.259587827837095 2
0.541648465208709 0.258706002729014 2
0.845783021766692 0.380202664760873 2
0.247913071885705 0.81672333390452 1
0.32305210409686 0.971014896174893 1
0.0670817652717233 0.451971669914201 1
0.265654067043215 0.862505812896416 1
0.150340296328068 0.664276249939576 1
0.642197528388351 0.995130613213405 1
0.437025203369558 0.085622499929741 2
0.0391232897527516 0.183661664603278 2
0.163840120658278 0.463737575570121 1
0.76611205143854 0.581727077951655 2
0.87504864949733 0.15055471775122 2
0.485906189773232 0.768419594271109 1
0.543018791824579 0.142435420537367 2
0.602920596953481 0.628850783919916 1
0.658493946306407 0.969024411635473 1
0.895017583388835 0.450525558320805 2
0.399965466931462 0.977612445363775 1
0.12282084254548 0.907411994179711 1
0.241521784104407 0.809881908120587 1
0.600943478289992 0.853581470204517 1
0.60854908823967 0.117910236353055 2
0.965505094733089 0.0982941163238138 2
0.440658575855196 0.816306147025898 1
0.622312948573381 0.584404575405642 1
0.771215258166194 0.417353680590168 2
0.610082163941115 0.641963077476248 1
0.682843332178891 0.246039056451991 2
0.863070009741932 0.238886826438829 2
0.248283114284277 0.581835340941325 1
0.107499239500612 0.400576699292287 1
0.31597453635186 0.0241199277807027 2
0.876145493704826 0.220354257849976 2
0.249742204323411 0.628099831053987 1
0.375463764648885 0.132594072958454 2
0.981957019306719 0.608119790675119 2
0.189628923777491 0.370426361216232 1
0.989549361169338 0.655228190356866 1
0.0558653115294874 0.779884934192523 1
0.0522488346323371 0.165875788079575 2
0.195440389681607 0.412375460145995 1
0.902425577864051 0.928622259059921 1
0.934697456192225 0.567339038243517 2
0.12590813357383 0.0657255512196571 2
0.600502422545105 0.206986085278913 2
0.923152882605791 0.276489053154364 2
0.924479653593153 0.91497553489171 2
0.590140040032566 0.679241574602202 2
0.440411869902164 0.820914349285886 2
0.828371213749051 0.798825139412656 1
0.609179112594575 0.162552343448624 1
0.243343525566161 0.496465591015294 2
0.655611770693213 0.40754732186906 2
0.640875294804573 0.888901010388508 2
0.351632670965046 0.106675527757034 1
0.980658284388483 0.553642946528271 1
0.230063230264932 0.900362404761836 2
0.0964115094393492 0.567245459416881 2
0.96346867037937 0.350408671190962 1
0.542011608369648 0.173456975491717 1
0.892417295370251 0.518786706728861 1
0.172974776476622 0.128129955613986 2
0.937528831418604 0.465382251655683 1
0.322665262036026 0.01776337553747 1
0.37968682916835 0.0865564185660332 1
0.682605424895883 0.0985530188772827 1
0.24279012857005 0.966403016587719 2
0.246262357570231 0.452824582578614 2
0.263418386224657 0.162576188100502 2
0.925686068832874 0.509724594885483 1
0.681786665227264 0.0985633579548448 1
0.700374229811132 0.227044145809487 1
0.338364087510854 0.984278495190665 2
0.407738482579589 0.481050430098549 1
0.810531548690051 0.436850687256083 1
0.534547311253846 0.461201102705672 2
0.573653495404869 0.223483026726171 1
0.618720475584269 0.116616446757689 1
0.420938765164465 0.298256810521707 1
0.120850007049739 0.951184354024008 2
0.626465488690883 0.554756051627919 2
0.874822767451406 0.714173117885366 1
0.58574505476281 0.96638730331324 2
0.47691957000643 0.783227038802579 2
0.918200137559325 0.0362697958480567 1
0.222765862941742 0.28661984228529 2
0.265931786503643 0.728570885723457 2
0.451508975587785 0.261640909360722 1
0.273150578606874 0.303161817369983 2
0.40659692697227 0.395989319542423 1
0.480646833311766 0.725468797376379 2
0.972533796913922 0.149050706299022 1
0.11967488983646 0.573394381208345 2
0.896986659616232 0.299931925022975 1
0.0396264470182359 0.613184172427282 2
0.357619079761207 0.219128533499315 1
0.253867965657264 0.466113834409043 2
0.98302617110312 0.410700084874406 1
0.838117133360356 0.0378714145626873 1
0.687146217562258 0.121828233124688 1
0.165733391884714 0.632509981049225 2
0.926523856818676 0.0666326510254294 1
0.714297526981682 0.922845572000369 2
0.239799826405942 0.561119760619476 2
0.927855320740491 0.199175457237288 1
0.178802272304893 0.616139276186004 2
0.869200266432017 0.568191712489352 1
0.990614620037377 0.785223559709266 2
0.646570345852524 0.0239651061128825 1
0.659995008260012 0.814184788847342 2
0.849133869167417 0.562874298309907 1
0.171522284857929 0.389344937400892 2
0.475639377254993 0.764355352846906 2
0.100843565538526 0.531273568281904 2
0.0906046065501869 0.50934656127356 2
0.894398354925215 0.430908438982442 1
0.192419516388327 0.758303579641506 2
0.446994230151176 0.7749339195434 2
0.0277383788488805 0.560659877723083 2
0.836609086953104 0.857292223023251 2
0.336535931099206 0.717607500730082 2
0.325794948264956 0.0237024484667927 1
0.762202590238303 0.7700731435325 2
0.989058335311711 0.246062436373904 1
0.91105373064056 0.233764537377283 1
0.575592201203108 0.873608436668292 2
0.295628023799509 0.253162149107084 2
0.466734427027404 0.857707589166239 2
0.646149840671569 0.0963311928790063 1
0.837527880445123 0.997158216545358 2
0.324530716519803 0.162428954383358 1
0.381757036782801 0.000872929813340306 1
0.825284878257662 0.423782427562401 1
0.209836162626743 0.414819546276703 2
0.59773383429274 0.474411263829097 2
0.778924061916769 0.710094820009544 1
0.673875026870519 0.606871033785865 2
0.964640384539962 0.0790059848222882 1
0.836289546918124 0.589291801443323 1
0.633758497424424 0.736035109730437 2
0.310463911388069 0.0644870109390467 1
0.32724991813302 0.770561266923323 2
0.21590090310201 0.743007685756311 2
0.913055310957134 0.848215512232855 2
0.260394473094493 0.812016940442845 2
0.317957045510411 0.30774367810227 1
0.411843705456704 0.231859804829583 1
0.697928317822516 0.450251979054883 1
0.53198084468022 0.842203360749409 2
0.656333833932877 0.0677104296628386 1
0.206388385500759 0.449622191255912 2
0.369357055984437 0.507589075015858 2
0.255180225241929 0.318504142342135 2
0.728029010817409 0.820502033689991 2
0.65872187865898 0.737151397159323 2
0.856233661063015 0.787734353216365 1
0.882764755282551 0.580951862735674 1
0.614064838737249 0.875526678049937 2
0.837369499262422 0.0444958691950887 1
0.945909741334617 0.412992730038241 1
0.953993391711265 0.964513181475922 2
0.182633990421891 0.540544601390138 2
0.11511681554839 0.405505323549733 2
0.65724325273186 0.72570086014457 2
0.4207837828435 0.42994821514003 1
0.243396423757076 0.893152468139306 2
0.0264315246604383 0.224940120941028 1
0.67614537384361 0.465961511479691 2
0.536384143400937 0.00716991233639419 1
0.764276256784797 0.8647677435074 2
0.687385327648371 0.378080641617998 1
0.853627380914986 0.261877940269187 1
0.306545129511505 0.0511034287046641 1
0.150758642703295 0.637113068485633 2
0.778075804468244 0.122836660360917 1
0.766347522847354 0.432288266019896 1
0.503191713709384 0.310045501915738 1
0.587686644867063 0.351200634846464 2
0.0875482889823616 0.824356721481308 2
0.339657896198332 0.101999846519902 1
0.240595059935004 0.806523826671764 2
0.443558111786842 0.128816560143605 1
0.621217743959278 0.492137513821945 2
0.533151320181787 0.629523652838543 2
0.114044398535043 0.530656429706141 2
0.737322552129626 0.406505262712017 1
0.270790636073798 0.12963324575685 1
0.0887082116678357 0.347308644326404 2
0.901018901262432 0.946011044783518 2
0.667678009718657 0.58205383666791 2
0.0466868109069765 0.896365020191297 2
0.341043460182846 0.61447614361532 2
0.824859556276351 0.307964487699792 1
0.204867938533425 0.973476426908746 2
0.872961367946118 0.0825302095618099 1
0.0907533029094338 0.182054211618379 1
0.380941043142229 0.794562031282112 2
0.744978077709675 0.0904986041132361 1
0.944726535584778 0.896111830836162 2
0.539862199686468 0.870712022529915 2
0.725343607831746 0.449876780388877 1
0.826733326539397 0.21854173974134 1
0.64807354612276 0.0624879205133766 1
0.289869708009064 0.560994238825515 2
0.626024937722832 0.939869046909735 2
0.910794619470835 0.31520738103427 1
0.0424945107661188 0.236540909623727 1
0.402297358028591 0.496055386262015 1
0.976492036599666 0.120745724765584 1
0.22155580110848 0.219261626014486 2
0.90580429462716 0.227266998728737 1
0.521735527552664 0.8968942288775 2
0.871973099652678 0.419819664908573 1
0.651440501213074 0.172119498485699 1
0.341562391724437 0.0348855329211801 1
0.0613903170451522 0.890088143991306 2
0.248089388478547 0.0288690503221005 1
0.72769900970161 0.651829323032871 2
0.948994799982756 0.700448376825079 2
0.451130424626172 0.748027497204021 2
0.0820271060802042 0.909996771020815 2
0.641705151647329 0.519557100022212 2
0.555415896233171 0.967949289595708 2
0.44803402107209 0.441650017397478 1
0.156209271866828 0.613989799050614 2
0.340753162279725 0.478570880601183 2
0.511150311212987 0.75893329991959 2
0.509435624815524 0.505675171734765 2
0.384467596653849 0.911178563488647 2
0.682354561984539 0.845725141698495 2
0.546954804565758 0.459606081014499 2
0.228472976945341 0.216338540660217 2
0.700714357662946 0.234796325443313 1
0.651035031303763 0.635445161024109 2
0.193940139841288 0.0204433256294578 1
0.832133916206658 0.0816261928994209 1
0.510114273522049 0.936838553054258 2
0.63763128593564 0.956211392069235 2
0.765992959495634 0.86830012104474 2
0.741803254000843 0.644009060459211 1
0.702756379265338 0.356422296492383 1
0.781087951734662 0.719543839106336 1
0.904697659891099 0.631020324071869 1
0.196309649385512 0.595677313627675 2
0.229825901333243 0.700645562959835 2
0.372754439711571 0.661486432189122 2
0.686758266296238 0.674545936053619 2
0.937472484074533 0.206274735974148 1
0.242276132572442 0.737946691690013 2
0.323181821033359 0.676591402152553 2
0.293920307885855 0.452526477864012 2
0.958148737438023 0.0631330993492156 1
0.792000307235867 0.303963728947565 1
0.691419702023268 0.464403655612841 1
0.245392692741007 0.668428364908323 2
0.312779861502349 0.124006538884714 1
0.0955034759826958 0.61989380302839 2
0.27681309916079 0.488445149967447 2
0.192769582848996 0.250144282123074 2
0.990438655950129 0.0823059279937297 1
0.360074380878359 0.423352499259636 1
0.273299314081669 0.247699268395081 2
0.277452269103378 0.137102558976039 1
0.850376143120229 0.044833253370598 1
0.172457330394536 0.911733234999701 2
0.986204808577895 0.860595194855705 2
0.0505710463039577 0.879876544466242 2
0.620068443007767 0.522015989990905 2
0.450024074409157 0.498066634638235 2
0.611542079597712 0.961492289090529 2
0.95540708815679 0.0522939821239561 1
0.95576364826411 0.730641476111487 2
0.954445679206401 0.379379904596135 1
0.0778065342456102 0.909664461622015 2
0.372314322274178 0.476046385010704 2
0.565528699196875 0.209091288270429 1
0.367864402476698 0.91755620832555 2
0.950273364782333 0.310784548753873 1
0.226141305174679 0.257798410719261 2
0.394796258769929 0.745075616287068 2
0.931565568316728 0.832694041309878 2
0.397794423624873 0.850908687571064 2
0.156153097283095 0.638797236373648 2
0.87441158760339 0.615867638261989 1
0.64714944222942 0.208966606063768 1
0.222095098346472 0.442960690939799 2
0.248453137930483 0.65698193362914 2
0.231179418973625 0.141037895577028 2
0.0402031061239541 0.312981187133119 1
0.949571186676621 0.685716422507539 2
0.330905120354146 0.621592843672261 2
0.86091083381325 0.547688667895272 1
0.48647233331576 0.224638526095077 1
0.985585771501064 0.635288171702996 1
0.830554866697639 0.400280952220783 1
0.763970135711133 0.148188348161057 1
0.100533463526517 0.280492196558043 2
0.831266095861793 0.889109028736129 2
0.193552203010768 0.51871726452373 2
0.0433217259123921 0.830405817599967 2
0.186965277884156 0.329607979161665 2
0.362800437957048 0.982417259598151 2
0.867572834249586 0.0727021803613752 1
0.465076978318393 0.86044482071884 2
0.254020873922855 0.80192323657684 2
0.173234986141324 0.0972406810615212 2
0.846740219276398 0.452774869045243 1
0.0815411144867539 0.997878340305761 2
0.589799540583044 0.589106288505718 2
0.976770713925362 0.0838810356799513 1
0.77904744585976 0.881322644418105 2
0.916760078631341 0.923482972430065 2
0.400918633211404 0.737915786681697 2
0.0755602549761534 0.794898366788402 2
0.636279105674475 0.762190339853987 2
0.714567412622273 0.97947330144234 2
0.513685448560864 0.956060089869425 2
0.889004778116941 0.731595393503085 1
0.946433169301599 0.842789683258161 2
0.749131130985916 0.222236274974421 1
0.637769099790603 0.9305566388648 2
0.545550862327218 0.00300188572145998 1
0.588642861228436 0.18870867206715 1
0.698000595904887 0.787565578939393 2
0.192372391466051 0.458591331494972 2
0.536987371742725 0.597359039122239 2
0.150598534848541 0.970820948248729 2
0.577653392218053 0.568396012531593 2
0.694903694558889 0.390877897618338 1
0.435242330655456 0.966103850165382 2
0.848469547461718 0.0648951733019203 1
0.741542202420533 0.205037863226607 1
0.712148821447045 0.387517274124548 1
0.671679798513651 0.920353491092101 2
0.00932613527402282 0.463704403256997 2
0.940641681663692 0.387911281781271 1
0.373942900914699 0.486356979934499 2
0.378896744921803 0.839889684924856 2
0.116061288397759 0.501635463675484 2
0.446495332755148 0.47278065723367 1
0.449342253152281 0.483850491000339 2
0.295019924640656 0.194643080467358 1
0.414812625851482 0.891798324650154 2
0.236762381158769 0.408488991903141 2
0.985296264756471 0.128416615305468 1
0.730502752587199 0.378677627304569 1
0.0848842705599964 0.575635475805029 2
0.243264649994671 0.977192276390269 2
0.507819263730198 0.126298867864534 1
0.597422178834677 0.856674950802699 2
0.971168724354357 0.385031301295385 1
0.662533435039222 0.347093864576891 1
0.785662394482642 0.959924845723435 2
0.50127556361258 0.622918727109209 2
0.879068742971867 0.516921454807743 1
0.328856379725039 0.937678848626092 2
0.156485492829233 0.51876560295932 2
0.895277552306652 0.97277905815281 2
0.431919211056083 0.820402234559879 2
0.149824350140989 0.597448433982208 2
0.415528960991651 0.542695025680587 2
0.297156950458884 0.586696846643463 2
