2 21 2
0.02161 0.00888 -0.01355 -0.01507 -0.01459 -0.00288 -0.00308 -0.01411 0.00184 -0.00504 0.00292 0.01167 0.00800 -0.00735 -0.02132 -1.01275 -0.01375 0.00588 0.00147 -0.02090 0.00645 
0.01944 0.00789 -0.01181 -0.01329 -0.01264 -0.00241 -0.00296 -0.01241 0.00162 -0.00459 0.00261 0.01038 0.00714 -0.00636 -0.01909 2.95718 -0.01222 0.00485 0.00101 -0.01863 0.00565 
-0.02099 -0.00857 0.01296 0.01449 0.01391 0.00271 0.00309 0.01355 -0.00177 0.00492 -0.00282 -0.01127 -0.00774 0.00700 0.02066 -0.64444 0.01327 -0.00548 -0.00127 0.02020 -0.00619 
-0.03462 -0.04131 
0.03152 0.02879 
0.00317 0.00729 
-0.05239 -0.04778 
0.04923 0.05365 
-0.03843 -0.03757 
-0.05189 -0.05090 
-0.05642 -0.05211 
-0.04045 -0.04101 
-0.04597 -0.04440 
-0.05133 -0.05223 
-0.04955 -0.05314 
0.07874 0.07627 
-0.05234 -0.05011 
0.01087 0.01745 
0.45515 -0.40036 
0.06213 0.06636 
0.03704 0.03530 
-0.03967 -0.04006 
-0.03319 -0.02676 
-0.02244 -0.02441 
-0.04368 0.00684 
