2 21 2
-0.37070 -0.24721 0.15406 0.86974 0.20527 0.04978 0.16750 0.55643 -0.00168 0.18962 -0.08948 -0.31384 -0.23432 0.07244 2.37292 -1.66946 0.45045 0.03316 0.09129 1.97008 -0.05368 
0.64381 0.45172 -0.39645 -1.22935 -0.51065 -0.18189 -0.23273 -0.86822 -0.00622 -0.32440 0.17874 0.54773 0.41982 -0.21612 -4.85266 2.52892 -0.72167 0.10394 -0.04884 -3.34809 0.12735 
-0.11418 -0.08583 0.10539 0.14791 0.13232 0.05858 0.02480 0.12946 0.00364 0.05577 -0.03793 -0.09758 -0.07756 0.06314 0.88026 -0.28770 0.11215 -0.06346 -0.02206 0.45397 -0.03190 
-0.04348 -0.03245 
0.02291 0.03740 
0.02407 -0.01361 
-0.08167 -0.01851 
0.07390 0.02899 
-0.02506 -0.05094 
-0.05517 -0.04762 
-0.06037 -0.04815 
-0.03963 -0.04184 
-0.04204 -0.04832 
-0.05655 -0.04701 
-0.05691 -0.04577 
0.07155 0.08346 
-0.03848 -0.06396 
-0.50162 0.52994 
0.16805 -0.11325 
0.06300 0.06548 
0.01667 0.05567 
-0.05162 -0.02811 
-0.27907 0.21912 
-0.02881 -0.01804 
0.01181 -0.04865 
