0.6179 0.0299 1.0000 0.0000 
0.6671 0.9229 1.0000 0.0000 
0.9195 0.9690 1.0000 0.0000 
0.1894 0.4068 1.0000 0.0000 
0.7088 0.3109 0.0000 1.0000 
0.9373 0.0271 1.0000 0.0000 
0.5897 0.5569 1.0000 0.0000 
0.3140 0.0685 0.0000 1.0000 
0.9903 0.3880 1.0000 0.0000 
0.9850 0.1453 1.0000 0.0000 
0.5176 0.0478 0.0000 1.0000 
0.9649 0.5126 0.0000 1.0000 
0.6522 0.9875 0.0000 1.0000 
0.0553 0.6212 1.0000 0.0000 
0.3055 0.0763 0.0000 1.0000 
0.0085 0.0347 0.0000 1.0000 
0.0558 0.3963 0.0000 1.0000 
0.4706 0.5445 1.0000 0.0000 
0.1773 0.5928 0.0000 1.0000 
0.5321 0.6040 1.0000 0.0000 
0.3528 0.2640 0.0000 1.0000 
0.0595 0.5615 1.0000 0.0000 
0.9941 0.9376 0.0000 1.0000 
0.7816 0.5043 0.0000 1.0000 
0.2475 0.4168 1.0000 0.0000 
0.1488 0.7961 0.0000 1.0000 
0.7803 0.4965 0.0000 1.0000 
0.9731 0.2882 0.0000 1.0000 
0.8859 0.6911 1.0000 0.0000 
0.2417 0.8100 1.0000 0.0000 
0.6190 0.3541 0.0000 1.0000 
0.4557 0.3765 0.0000 1.0000 
0.8501 0.6316 1.0000 0.0000 
0.2653 0.0664 1.0000 0.0000 
0.6150 0.2466 1.0000 0.0000 
0.8168 0.6788 0.0000 1.0000 
0.1015 0.5262 1.0000 0.0000 
0.7737 0.1442 0.0000 1.0000 
0.3310 0.9525 1.0000 0.0000 
0.1385 0.7015 1.0000 0.0000 
0.5945 0.6935 0.0000 1.0000 
0.7817 0.0033 1.0000 0.0000 
0.7615 0.1148 1.0000 0.0000 
0.0752 0.3105 1.0000 0.0000 
0.7424 0.1307 0.0000 1.0000 
0.1749 0.1073 0.0000 1.0000 
0.3385 0.1171 0.0000 1.0000 
0.9988 0.1069 0.0000 1.0000 
0.3469 0.7706 1.0000 0.0000 
0.2346 0.1456 1.0000 0.0000 
0.7142 0.6252 0.0000 1.0000 
0.1475 0.5455 1.0000 0.0000 
0.6183 0.7230 0.0000 1.0000 
0.4218 0.9684 1.0000 0.0000 
0.2299 0.4211 0.0000 1.0000 
0.2838 0.6130 1.0000 0.0000 
0.6887 0.6895 1.0000 0.0000 
0.7409 0.3133 1.0000 0.0000 
0.2103 0.8040 1.0000 0.0000 
0.1552 0.3753 1.0000 0.0000 
0.0765 0.6082 1.0000 0.0000 
0.0900 0.0172 0.0000 1.0000 
0.1546 0.3184 0.0000 1.0000 
0.1880 0.5457 0.0000 1.0000 
0.3088 0.6909 0.0000 1.0000 
0.9278 0.5856 0.0000 1.0000 
0.7226 0.8240 1.0000 0.0000 
0.5815 0.3671 1.0000 0.0000 
0.3001 0.8058 1.0000 0.0000 
0.9458 0.1715 1.0000 0.0000 
0.8755 0.2899 0.0000 1.0000 
0.6672 0.5821 0.0000 1.0000 
0.2829 0.3203 1.0000 0.0000 
0.1859 0.5517 0.0000 1.0000 
0.1831 0.7029 1.0000 0.0000 
0.9540 0.1890 1.0000 0.0000 
0.1564 0.8234 0.0000 1.0000 
0.3588 0.6179 0.0000 1.0000 
0.7411 0.2711 0.0000 1.0000 
0.5442 0.9170 1.0000 0.0000 
0.4092 0.1820 1.0000 0.0000 
0.4395 0.9950 0.0000 1.0000 
0.7319 0.6072 1.0000 0.0000 
0.0290 0.3041 0.0000 1.0000 
0.9879 0.1896 1.0000 0.0000 
0.1085 0.6378 1.0000 0.0000 
0.0648 0.1455 0.0000 1.0000 
0.0714 0.0706 0.0000 1.0000 
0.3394 0.2834 0.0000 1.0000 
0.0120 0.1384 1.0000 0.0000 
0.6412 0.0270 0.0000 1.0000 
0.8054 0.4861 0.0000 1.0000 
0.0882 0.3758 0.0000 1.0000 
0.4985 0.8991 1.0000 0.0000 
0.3007 0.1360 0.0000 1.0000 
0.5663 0.9581 1.0000 0.0000 
0.3808 0.5637 1.0000 0.0000 
0.8120 0.7361 0.0000 1.0000 
0.3392 0.9521 1.0000 0.0000 
0.6600 0.6639 1.0000 0.0000 
0.1906 0.9269 1.0000 0.0000 
0.9722 0.4193 1.0000 0.0000 
0.9887 0.5256 0.0000 1.0000 
0.6371 0.0643 0.0000 1.0000 
0.8315 0.3838 0.0000 1.0000 
0.9965 0.8400 0.0000 1.0000 
0.6599 0.5571 1.0000 0.0000 
0.5594 0.0555 0.0000 1.0000 
0.0220 0.6149 0.0000 1.0000 
0.3171 0.1526 0.0000 1.0000 
0.0776 0.0386 1.0000 0.0000 
0.6873 0.7631 0.0000 1.0000 
0.8720 0.6592 1.0000 0.0000 
0.7935 0.6306 1.0000 0.0000 
0.5627 0.7294 1.0000 0.0000 
0.5431 0.8131 1.0000 0.0000 
0.3252 0.7913 1.0000 0.0000 
0.0671 0.4520 1.0000 0.0000 
0.2627 0.8909 0.0000 1.0000 
0.3770 0.5498 0.0000 1.0000 
0.0204 0.2874 0.0000 1.0000 
0.0352 0.2503 1.0000 0.0000 
0.4979 0.4356 0.0000 1.0000 
0.1758 0.5718 0.0000 1.0000 
0.0181 0.8613 0.0000 1.0000 
0.8058 0.5265 1.0000 0.0000 
0.7025 0.4122 1.0000 0.0000 
0.0704 0.0162 0.0000 1.0000 
0.4881 0.6501 0.0000 1.0000 
0.9611 0.0842 1.0000 0.0000 
0.8440 0.5673 0.0000 1.0000 
0.9615 0.3886 1.0000 0.0000 
0.4438 0.6899 0.0000 1.0000 
0.2846 0.2636 0.0000 1.0000 
0.3818 0.6748 1.0000 0.0000 
0.7646 0.4704 0.0000 1.0000 
0.4052 0.0733 0.0000 1.0000 
0.4613 0.2280 0.0000 1.0000 
0.2111 0.1050 0.0000 1.0000 
0.7902 0.3313 1.0000 0.0000 
0.9955 0.6132 0.0000 1.0000 
0.3580 0.8570 1.0000 0.0000 
0.6857 0.3822 0.0000 1.0000 
0.7510 0.6204 1.0000 0.0000 
0.0856 0.5891 1.0000 0.0000 
0.4238 0.1934 1.0000 0.0000 
0.0230 0.5337 0.0000 1.0000 
0.2730 0.0353 1.0000 0.0000 
0.2901 0.5610 1.0000 0.0000 
0.4141 0.5989 1.0000 0.0000 
0.0353 0.8782 1.0000 0.0000 
0.8950 0.2529 1.0000 0.0000 
0.3682 0.1032 0.0000 1.0000 
0.7766 0.1591 1.0000 0.0000 
0.5043 0.7169 0.0000 1.0000 
0.0882 0.4643 1.0000 0.0000 
0.4342 0.1565 0.0000 1.0000 
0.6873 0.0526 1.0000 0.0000 
0.6545 0.9072 1.0000 0.0000 
0.0431 0.9044 0.0000 1.0000 
0.4671 0.7357 0.0000 1.0000 
0.2790 0.1084 0.0000 1.0000 
0.1263 0.8452 0.0000 1.0000 
0.3657 0.5027 0.0000 1.0000 
0.2301 0.0321 1.0000 0.0000 
0.9096 0.8144 1.0000 0.0000 
0.9931 0.9608 1.0000 0.0000 
0.6543 0.3798 0.0000 1.0000 
0.4952 0.6361 0.0000 1.0000 
0.7220 0.8518 1.0000 0.0000 
0.8325 0.0470 0.0000 1.0000 
0.0981 0.7291 1.0000 0.0000 
0.2083 0.7243 1.0000 0.0000 
0.4616 0.0838 0.0000 1.0000 
0.0331 0.1575 0.0000 1.0000 
0.8449 0.0691 1.0000 0.0000 
0.7446 0.8006 1.0000 0.0000 
0.8737 0.4775 0.0000 1.0000 
0.8882 0.2721 0.0000 1.0000 
0.0148 0.3006 1.0000 0.0000 
0.8148 0.6348 0.0000 1.0000 
0.2644 0.9501 1.0000 0.0000 
0.8959 0.6193 1.0000 0.0000 
0.6148 0.2361 1.0000 0.0000 
0.0697 0.4880 0.0000 1.0000 
0.5266 0.1801 1.0000 0.0000 
0.7790 0.7040 1.0000 0.0000 
0.8604 0.0160 1.0000 0.0000 
0.9621 0.2087 0.0000 1.0000 
0.0589 0.7076 1.0000 0.0000 
0.2378 0.8418 0.0000 1.0000 
0.0763 0.2185 1.0000 0.0000 
0.3532 0.5970 0.0000 1.0000 
0.3032 0.5259 0.0000 1.0000 
0.4966 0.2829 1.0000 0.0000 
0.2888 0.4337 1.0000 0.0000 
0.7955 0.0793 0.0000 1.0000 
0.2951 0.3978 0.0000 1.0000 
0.4629 0.0822 1.0000 0.0000 
0.6428 0.1581 1.0000 0.0000 
0.7783 0.5037 0.0000 1.0000 
0.4294 0.0868 0.0000 1.0000 
0.6700 0.7170 1.0000 0.0000 
0.8549 0.3242 0.0000 1.0000 
0.7827 0.3202 0.0000 1.0000 
0.2585 0.1636 0.0000 1.0000 
0.0531 0.8094 1.0000 0.0000 
0.4801 0.7938 0.0000 1.0000 
0.1368 0.4669 0.0000 1.0000 
0.8404 0.7913 1.0000 0.0000 
0.7828 0.4459 1.0000 0.0000 
0.7768 0.5816 1.0000 0.0000 
0.2900 0.9086 1.0000 0.0000 
0.0501 0.0576 1.0000 0.0000 
0.0751 0.2184 1.0000 0.0000 
0.2125 0.9503 1.0000 0.0000 
0.9810 0.1516 0.0000 1.0000 
0.4147 0.4504 1.0000 0.0000 
0.5190 0.6289 1.0000 0.0000 
0.2131 0.4486 1.0000 0.0000 
0.0238 0.3768 0.0000 1.0000 
0.9239 0.3377 1.0000 0.0000 
0.1709 0.4113 0.0000 1.0000 
0.7584 0.2603 0.0000 1.0000 
0.9267 0.5098 0.0000 1.0000 
0.5723 0.9312 1.0000 0.0000 
0.3073 0.4546 1.0000 0.0000 
0.6601 0.3321 0.0000 1.0000 
0.0976 0.1788 1.0000 0.0000 
0.8875 0.9469 1.0000 0.0000 
0.3501 0.2787 1.0000 0.0000 
0.0700 0.5827 1.0000 0.0000 
0.5757 0.3576 1.0000 0.0000 
0.3106 0.3814 0.0000 1.0000 
0.0139 0.3998 1.0000 0.0000 
0.5741 0.3635 1.0000 0.0000 
0.1228 0.5181 0.0000 1.0000 
0.4799 0.7098 1.0000 0.0000 
0.8686 0.6385 1.0000 0.0000 
0.1538 0.5850 0.0000 1.0000 
0.8691 0.4564 1.0000 0.0000 
0.0212 0.5348 0.0000 1.0000 
0.7820 0.6758 0.0000 1.0000 
0.6004 0.4821 0.0000 1.0000 
0.3984 0.2094 1.0000 0.0000 
0.2938 0.6271 1.0000 0.0000 
0.9503 0.6193 0.0000 1.0000 
0.0602 0.6640 0.0000 1.0000 
0.4137 0.1123 0.0000 1.0000 
0.0925 0.4942 1.0000 0.0000 
0.2149 0.1202 1.0000 0.0000 
0.8384 0.2512 0.0000 1.0000 
0.6973 0.9405 1.0000 0.0000 
0.8289 0.3843 0.0000 1.0000 
0.5777 0.7584 1.0000 0.0000 
0.8408 0.9341 1.0000 0.0000 
0.0106 0.0037 0.0000 1.0000 
0.4873 0.9041 1.0000 0.0000 
0.4180 0.2664 0.0000 1.0000 
0.1938 0.2607 0.0000 1.0000 
0.3944 0.2352 0.0000 1.0000 
0.8932 0.0967 1.0000 0.0000 
0.6502 0.5639 1.0000 0.0000 
0.2965 0.4877 0.0000 1.0000 
0.5063 0.8514 1.0000 0.0000 
0.0982 0.3827 0.0000 1.0000 
0.2781 0.5682 0.0000 1.0000 
0.0777 0.5222 1.0000 0.0000 
0.1273 0.1851 0.0000 1.0000 
0.0286 0.5138 1.0000 0.0000 
0.1117 0.9200 1.0000 0.0000 
0.0934 0.9090 0.0000 1.0000 
0.0199 0.1625 1.0000 0.0000 
0.0794 0.9329 1.0000 0.0000 
0.0424 0.2633 1.0000 0.0000 
0.0066 0.7070 1.0000 0.0000 
0.1759 0.8237 0.0000 1.0000 
0.9046 0.6775 0.0000 1.0000 
0.8908 0.3974 1.0000 0.0000 
0.4368 0.8019 1.0000 0.0000 
0.8701 0.4855 0.0000 1.0000 
0.1090 0.7482 1.0000 0.0000 
0.4138 0.7071 1.0000 0.0000 
0.3227 0.2630 0.0000 1.0000 
0.5133 0.2532 0.0000 1.0000 
0.8249 0.1455 1.0000 0.0000 
0.9862 0.3457 0.0000 1.0000 
0.4870 0.2246 0.0000 1.0000 
0.5630 0.9161 0.0000 1.0000 
0.1586 0.5033 0.0000 1.0000 
0.4072 0.9515 1.0000 0.0000 
0.1781 0.8659 0.0000 1.0000 
0.8603 0.3966 1.0000 0.0000 
0.4992 0.7183 0.0000 1.0000 
0.0811 0.6201 0.0000 1.0000 
0.6346 0.7320 1.0000 0.0000 
0.3912 0.2339 0.0000 1.0000 
0.5039 0.2658 1.0000 0.0000 
0.4496 0.3495 0.0000 1.0000 
0.1391 0.4834 0.0000 1.0000 
0.4798 0.1870 1.0000 0.0000 
0.7488 0.5923 0.0000 1.0000 
0.4713 0.1819 1.0000 0.0000 
0.5052 0.5629 0.0000 1.0000 
0.3008 0.5042 1.0000 0.0000 
0.6902 0.6919 1.0000 0.0000 
0.3230 0.0177 0.0000 1.0000 
0.1921 0.2175 0.0000 1.0000 
0.5992 0.1504 1.0000 0.0000 
0.0526 0.4854 0.0000 1.0000 
0.7162 0.8741 1.0000 0.0000 
0.8594 0.8541 1.0000 0.0000 
0.0958 0.4246 1.0000 0.0000 
0.3250 0.8573 0.0000 1.0000 
0.8362 0.3893 1.0000 0.0000 
0.6974 0.1942 1.0000 0.0000 
0.0991 0.1836 1.0000 0.0000 
0.4055 0.6939 0.0000 1.0000 
0.5600 0.7628 1.0000 0.0000 
0.1088 0.7642 1.0000 0.0000 
0.9804 0.9759 1.0000 0.0000 
0.3784 0.4899 1.0000 0.0000 
0.2281 0.2918 1.0000 0.0000 
0.2823 0.7809 0.0000 1.0000 
0.2860 0.7853 1.0000 0.0000 
0.9236 0.5545 0.0000 1.0000 
0.2752 0.0557 1.0000 0.0000 
0.4517 0.9746 0.0000 1.0000 
0.9548 0.5475 0.0000 1.0000 
0.8923 0.4955 1.0000 0.0000 
0.0536 0.7622 0.0000 1.0000 
0.2030 0.2797 1.0000 0.0000 
0.0176 0.1451 1.0000 0.0000 
0.6235 0.0529 0.0000 1.0000 
0.8837 0.5810 1.0000 0.0000 
0.3214 0.0027 0.0000 1.0000 
0.9990 0.8811 0.0000 1.0000 
0.8328 0.2560 0.0000 1.0000 
0.7903 0.6277 0.0000 1.0000 
0.0999 0.0841 0.0000 1.0000 
0.9041 0.4897 1.0000 0.0000 
0.9734 0.8024 0.0000 1.0000 
0.0712 0.4837 1.0000 0.0000 
0.2136 0.2609 0.0000 1.0000 
0.1395 0.8333 0.0000 1.0000 
0.8313 0.7996 1.0000 0.0000 
0.3749 0.4443 0.0000 1.0000 
0.7995 0.0625 1.0000 0.0000 
0.5518 0.5827 0.0000 1.0000 
0.6126 0.9986 1.0000 0.0000 
0.2784 0.4931 1.0000 0.0000 
0.3152 0.5448 0.0000 1.0000 
0.2349 0.5850 1.0000 0.0000 
0.6266 0.6943 0.0000 1.0000 
0.6563 0.4076 0.0000 1.0000 
0.4242 0.3203 0.0000 1.0000 
0.7036 0.6243 1.0000 0.0000 
0.0308 0.6702 1.0000 0.0000 
0.0312 0.8507 1.0000 0.0000 
0.9137 0.1333 1.0000 0.0000 
0.4260 0.0359 0.0000 1.0000 
0.0146 0.2066 0.0000 1.0000 
0.4025 0.9342 1.0000 0.0000 
0.0908 0.1821 0.0000 1.0000 
0.4116 0.6187 0.0000 1.0000 
0.6180 0.7965 1.0000 0.0000 
0.3598 0.3843 1.0000 0.0000 
0.2132 0.4030 1.0000 0.0000 
0.1446 0.4617 1.0000 0.0000 
0.7523 0.6691 1.0000 0.0000 
0.4024 0.3208 0.0000 1.0000 
0.6990 0.4513 0.0000 1.0000 
0.7237 0.6907 0.0000 1.0000 
0.2435 0.9400 1.0000 0.0000 
0.4232 0.3080 1.0000 0.0000 
0.2362 0.1456 0.0000 1.0000 
0.1898 0.3704 0.0000 1.0000 
0.3410 0.0305 1.0000 0.0000 
0.3339 0.2984 0.0000 1.0000 
0.2482 0.9301 0.0000 1.0000 
0.7186 0.3523 0.0000 1.0000 
0.6369 0.7623 1.0000 0.0000 
0.5955 0.3725 1.0000 0.0000 
0.6189 0.5460 0.0000 1.0000 
0.7343 0.3689 0.0000 1.0000 
0.1111 0.6373 1.0000 0.0000 
0.3211 0.1069 0.0000 1.0000 
0.8560 0.4938 0.0000 1.0000 
0.8571 0.8211 1.0000 0.0000 
0.4591 0.8429 1.0000 0.0000 
0.9968 0.5508 0.0000 1.0000 
0.3771 0.3364 0.0000 1.0000 
0.3071 0.6782 0.0000 1.0000 
0.7189 0.9085 0.0000 1.0000 
0.7206 0.0388 1.0000 0.0000 
0.4100 0.4802 1.0000 0.0000 
0.9365 0.9821 0.0000 1.0000 
0.8034 0.7317 1.0000 0.0000 
0.2273 0.5714 0.0000 1.0000 
0.4121 0.0611 0.0000 1.0000 
0.7079 0.4614 0.0000 1.0000 
0.6332 0.4046 0.0000 1.0000 
0.2066 0.8926 0.0000 1.0000 
0.9390 0.5325 1.0000 0.0000 
0.4553 0.1318 0.0000 1.0000 
0.9572 0.7028 0.0000 1.0000 
0.7866 0.6509 1.0000 0.0000 
0.5994 0.7044 0.0000 1.0000 
0.0583 0.1423 0.0000 1.0000 
0.9438 0.3290 0.0000 1.0000 
0.8690 0.0200 0.0000 1.0000 
0.1898 0.8900 0.0000 1.0000 
0.1990 0.7343 1.0000 0.0000 
0.7041 0.6407 1.0000 0.0000 
0.7871 0.2771 0.0000 1.0000 
0.9436 0.7244 1.0000 0.0000 
0.0000 0.0381 1.0000 0.0000 
0.5668 0.5861 0.0000 1.0000 
0.5781 0.5671 0.0000 1.0000 
0.2086 0.9059 0.0000 1.0000 
0.6965 0.5423 0.0000 1.0000 
0.5930 0.3226 0.0000 1.0000 
0.0034 0.2240 0.0000 1.0000 
0.8768 0.3208 0.0000 1.0000 
0.4015 0.9826 1.0000 0.0000 
0.4532 0.8860 1.0000 0.0000 
0.1205 0.2720 0.0000 1.0000 
0.9561 0.5474 0.0000 1.0000 
0.6584 0.1156 1.0000 0.0000 
0.4947 0.2556 0.0000 1.0000 
0.5751 0.5036 1.0000 0.0000 
0.9413 0.4063 1.0000 0.0000 
0.7727 0.2277 0.0000 1.0000 
0.0430 0.1171 0.0000 1.0000 
0.6989 0.4245 1.0000 0.0000 
0.9874 0.4949 1.0000 0.0000 
0.5889 0.1624 1.0000 0.0000 
0.2809 0.3121 0.0000 1.0000 
0.2860 0.9709 0.0000 1.0000 
0.7455 0.2948 0.0000 1.0000 
0.6822 0.0164 1.0000 0.0000 
0.8586 0.2582 1.0000 0.0000 
0.2599 0.7989 1.0000 0.0000 
0.1906 0.1769 1.0000 0.0000 
0.5681 0.8031 0.0000 1.0000 
0.7852 0.5987 0.0000 1.0000 
0.9731 0.3348 1.0000 0.0000 
0.8428 0.3024 0.0000 1.0000 
0.6570 0.0677 0.0000 1.0000 
0.5304 0.7783 1.0000 0.0000 
0.6736 0.4955 0.0000 1.0000 
0.3719 0.8096 0.0000 1.0000 
0.0914 0.8715 1.0000 0.0000 
0.6547 0.9771 1.0000 0.0000 
0.7576 0.5683 1.0000 0.0000 
0.9150 0.3165 0.0000 1.0000 
0.2018 0.7279 0.0000 1.0000 
0.8029 0.2732 1.0000 0.0000 
0.1827 0.6210 0.0000 1.0000 
0.3747 0.7523 1.0000 0.0000 
0.5919 0.4210 0.0000 1.0000 
0.0022 0.4085 1.0000 0.0000 
0.1176 0.9372 0.0000 1.0000 
0.5228 0.6765 0.0000 1.0000 
0.8559 0.9493 0.0000 1.0000 
0.8238 0.8525 0.0000 1.0000 
0.3295 0.6500 1.0000 0.0000 
0.9989 0.7546 1.0000 0.0000 
0.1503 0.6390 1.0000 0.0000 
0.4061 0.6337 1.0000 0.0000 
0.1572 0.9937 0.0000 1.0000 
0.5742 0.2235 0.0000 1.0000 
0.1369 0.8242 1.0000 0.0000 
0.9160 0.5488 1.0000 0.0000 
0.4609 0.1484 1.0000 0.0000 
0.5475 0.4941 0.0000 1.0000 
0.5475 0.0785 0.0000 1.0000 
0.3733 0.0003 0.0000 1.0000 
0.0359 0.2009 0.0000 1.0000 
0.2669 0.7572 1.0000 0.0000 
0.1199 0.4023 1.0000 0.0000 
0.7019 0.5669 1.0000 0.0000 
0.1122 0.7412 1.0000 0.0000 
0.9068 0.9314 1.0000 0.0000 
0.7223 0.6332 0.0000 1.0000 
0.5255 0.6848 0.0000 1.0000 
0.9953 0.7323 1.0000 0.0000 
0.9795 0.4267 1.0000 0.0000 
0.4581 0.3945 0.0000 1.0000 
0.7680 0.3798 1.0000 0.0000 
0.2515 0.2093 1.0000 0.0000 
0.8525 0.8998 0.0000 1.0000 
0.6300 0.7093 1.0000 0.0000 
0.4853 0.6367 1.0000 0.0000 
0.9235 0.1771 1.0000 0.0000 
0.7526 0.4262 1.0000 0.0000 
0.3983 0.6498 0.0000 1.0000 
0.0425 0.2365 0.0000 1.0000 
0.0558 0.9749 0.0000 1.0000 
0.4677 0.9487 0.0000 1.0000 
0.2665 0.3486 0.0000 1.0000 
0.1848 0.2388 0.0000 1.0000 
0.4270 0.6098 1.0000 0.0000 
0.8602 0.6718 1.0000 0.0000 
0.7101 0.6298 1.0000 0.0000 
0.0409 0.6892 1.0000 0.0000 
0.5798 0.1466 0.0000 1.0000 
0.3088 0.8271 0.0000 1.0000 
0.8165 0.1529 0.0000 1.0000 
0.5250 0.5375 0.0000 1.0000 
0.1008 0.9597 0.0000 1.0000 
0.9846 0.1226 0.0000 1.0000 
0.2602 0.8807 1.0000 0.0000 
0.4043 0.2869 0.0000 1.0000 
0.7641 0.3823 0.0000 1.0000 
0.9384 0.6629 1.0000 0.0000 
0.1536 0.3646 1.0000 0.0000 
0.8479 0.5087 1.0000 0.0000 
0.8614 0.6250 0.0000 1.0000 
0.2532 0.3417 0.0000 1.0000 
0.4033 0.3442 1.0000 0.0000 
0.0466 0.1701 1.0000 0.0000 
0.7768 0.6990 1.0000 0.0000 
0.4135 0.3952 1.0000 0.0000 
0.7345 0.2097 0.0000 1.0000 
0.6291 0.5043 0.0000 1.0000 
0.5295 0.7158 1.0000 0.0000 
0.5668 0.6330 1.0000 0.0000 
0.0341 0.9227 0.0000 1.0000 
0.0045 0.8960 1.0000 0.0000 
0.2679 0.5359 1.0000 0.0000 
0.2625 0.3724 0.0000 1.0000 
0.7799 0.8814 1.0000 0.0000 
0.8574 0.3340 1.0000 0.0000 
0.2708 0.7448 1.0000 0.0000 
0.3302 0.6149 1.0000 0.0000 
0.7786 0.6832 1.0000 0.0000 
0.8174 0.7071 0.0000 1.0000 
0.8375 0.5909 0.0000 1.0000 
0.8440 0.1487 1.0000 0.0000 
0.0360 0.9690 1.0000 0.0000 
0.3084 0.6657 1.0000 0.0000 
0.7765 0.7753 0.0000 1.0000 
0.8361 0.8257 0.0000 1.0000 
0.4087 0.2382 0.0000 1.0000 
0.0285 0.5633 0.0000 1.0000 
0.7197 0.9038 0.0000 1.0000 
0.1691 0.2817 1.0000 0.0000 
0.3574 0.7575 1.0000 0.0000 
0.6852 0.4983 0.0000 1.0000 
0.9366 0.2598 1.0000 0.0000 
0.2356 0.2182 1.0000 0.0000 
0.3871 0.2361 0.0000 1.0000 
0.6286 0.2890 1.0000 0.0000 
0.9901 0.7753 1.0000 0.0000 
0.6483 0.9748 0.0000 1.0000 
0.5631 0.2259 0.0000 1.0000 
0.7737 0.3541 0.0000 1.0000 
0.0790 0.1403 0.0000 1.0000 
0.5529 0.3695 1.0000 0.0000 
0.0798 0.0835 1.0000 0.0000 
0.3163 0.0241 0.0000 1.0000 
0.5600 0.1273 0.0000 1.0000 
0.9999 0.6934 1.0000 0.0000 
0.7784 0.7807 0.0000 1.0000 
0.3175 0.6100 1.0000 0.0000 
0.5241 0.4374 0.0000 1.0000 
0.6126 0.9120 0.0000 1.0000 
0.8869 0.3105 0.0000 1.0000 
0.5056 0.4586 1.0000 0.0000 
0.7635 0.0344 1.0000 0.0000 
0.2887 0.6475 0.0000 1.0000 
0.2604 0.1767 0.0000 1.0000 
0.0316 0.4512 1.0000 0.0000 
0.7334 0.6336 0.0000 1.0000 
0.3163 0.1541 0.0000 1.0000 
0.9519 0.3600 0.0000 1.0000 
0.1729 0.0276 0.0000 1.0000 
0.5070 0.0899 1.0000 0.0000 
0.9071 0.7500 1.0000 0.0000 
0.9180 0.5838 0.0000 1.0000 
0.6669 0.3735 0.0000 1.0000 
0.8166 0.3551 1.0000 0.0000 
0.1925 0.4586 1.0000 0.0000 
0.8440 0.8342 0.0000 1.0000 
0.1813 0.5697 1.0000 0.0000 
0.0132 0.2681 0.0000 1.0000 
0.6559 0.1327 0.0000 1.0000 
0.2043 0.5279 1.0000 0.0000 
0.9138 0.4540 0.0000 1.0000 
0.3958 0.5591 1.0000 0.0000 
0.6048 0.8943 0.0000 1.0000 
0.8928 0.6334 1.0000 0.0000 
0.2919 0.1856 1.0000 0.0000 
0.4165 0.3479 1.0000 0.0000 
0.0301 0.4002 0.0000 1.0000 
0.3552 0.5377 0.0000 1.0000 
0.1261 0.4255 0.0000 1.0000 
0.8383 0.8969 0.0000 1.0000 
0.8975 0.7851 0.0000 1.0000 
0.8555 0.0796 1.0000 0.0000 
0.4155 0.0686 0.0000 1.0000 
0.3380 0.6808 1.0000 0.0000 
0.9181 0.5905 1.0000 0.0000 
0.7191 0.6394 1.0000 0.0000 
0.2407 0.3019 1.0000 0.0000 
0.2210 0.0349 1.0000 0.0000 
0.6344 0.4151 1.0000 0.0000 
0.1870 0.9163 1.0000 0.0000 
0.7713 0.9515 1.0000 0.0000 
0.8700 0.8848 0.0000 1.0000 
0.7765 0.7221 1.0000 0.0000 
0.1626 0.3177 1.0000 0.0000 
0.4690 0.7411 0.0000 1.0000 
0.3970 0.1840 1.0000 0.0000 
0.7123 0.3299 0.0000 1.0000 
0.1960 0.4651 1.0000 0.0000 
0.2610 0.6147 1.0000 0.0000 
0.3801 0.0865 0.0000 1.0000 
0.1302 0.5230 1.0000 0.0000 
0.4839 0.0963 0.0000 1.0000 
0.8914 0.8903 1.0000 0.0000 
0.7799 0.6433 0.0000 1.0000 
0.8210 0.9344 0.0000 1.0000 
0.4550 0.2809 1.0000 0.0000 
0.2709 0.7106 1.0000 0.0000 
0.5897 0.6835 1.0000 0.0000 
0.1046 0.0657 1.0000 0.0000 
0.8666 0.8339 0.0000 1.0000 
0.1537 0.5692 1.0000 0.0000 
0.0547 0.1574 0.0000 1.0000 
0.2462 0.1252 1.0000 0.0000 
0.0625 0.6148 1.0000 0.0000 
0.6979 0.9795 1.0000 0.0000 
0.9459 0.9533 1.0000 0.0000 
0.6236 0.7639 1.0000 0.0000 
0.4586 0.8738 0.0000 1.0000 
0.6303 0.3926 0.0000 1.0000 
0.3887 0.2863 0.0000 1.0000 
0.0103 0.5826 0.0000 1.0000 
0.4487 0.3762 1.0000 0.0000 
0.3210 0.8228 0.0000 1.0000 
0.1987 0.7058 1.0000 0.0000 
0.6161 0.7712 0.0000 1.0000 
0.1145 0.1697 1.0000 0.0000 
0.4183 0.7963 1.0000 0.0000 
0.4609 0.7074 0.0000 1.0000 
0.3202 0.3740 1.0000 0.0000 
0.0523 0.1659 0.0000 1.0000 
0.9241 0.4868 0.0000 1.0000 
0.0746 0.9960 1.0000 0.0000 
0.6610 0.5723 0.0000 1.0000 
0.0956 0.0021 1.0000 0.0000 
0.7448 0.5460 0.0000 1.0000 
0.8166 0.0335 1.0000 0.0000 
0.5690 0.9268 1.0000 0.0000 
0.8911 0.2813 0.0000 1.0000 
0.8016 0.7330 1.0000 0.0000 
0.0579 0.9867 1.0000 0.0000 
0.4873 0.7023 0.0000 1.0000 
0.8852 0.6327 1.0000 0.0000 
0.2720 0.5423 1.0000 0.0000 
0.7718 0.9730 0.0000 1.0000 
0.1161 0.5017 1.0000 0.0000 
0.2370 0.9244 0.0000 1.0000 
0.8317 0.9673 0.0000 1.0000 
0.6710 0.6465 1.0000 0.0000 
0.6402 0.1514 0.0000 1.0000 
0.5716 0.9514 0.0000 1.0000 
0.2465 0.4529 1.0000 0.0000 
0.1744 0.3997 0.0000 1.0000 
0.1115 0.7504 0.0000 1.0000 
0.7786 0.0383 0.0000 1.0000 
0.0470 0.6042 0.0000 1.0000 
0.1568 0.8960 0.0000 1.0000 
0.6378 0.2420 1.0000 0.0000 
0.9312 0.2128 1.0000 0.0000 
0.0518 0.7541 1.0000 0.0000 
0.7635 0.1652 1.0000 0.0000 
0.8800 0.5170 0.0000 1.0000 
0.9819 0.2974 0.0000 1.0000 
0.4433 0.5235 1.0000 0.0000 
0.8559 0.1218 0.0000 1.0000 
0.0801 0.2270 1.0000 0.0000 
0.1566 0.5188 1.0000 0.0000 
0.6717 0.7239 1.0000 0.0000 
0.5924 0.5975 1.0000 0.0000 
0.4737 0.0719 1.0000 0.0000 
0.0171 0.3324 0.0000 1.0000 
0.5549 0.3537 1.0000 0.0000 
0.2382 0.7900 0.0000 1.0000 
0.4998 0.6065 0.0000 1.0000 
0.8801 0.1094 0.0000 1.0000 
0.3526 0.9329 0.0000 1.0000 
0.0834 0.1396 0.0000 1.0000 
0.6561 0.2926 1.0000 0.0000 
0.3367 0.7875 1.0000 0.0000 
0.9567 0.3639 1.0000 0.0000 
0.6656 0.4227 1.0000 0.0000 
0.1479 0.8233 0.0000 1.0000 
0.0695 0.5080 0.0000 1.0000 
0.6572 0.6122 1.0000 0.0000 
0.9470 0.1122 1.0000 0.0000 
0.8903 0.3111 1.0000 0.0000 
1.0000 0.9139 1.0000 0.0000 
0.5776 0.9160 0.0000 1.0000 
0.4907 0.3771 0.0000 1.0000 
0.6508 0.6049 1.0000 0.0000 
0.9741 0.4947 0.0000 1.0000 
0.6050 0.1486 1.0000 0.0000 
0.1614 0.5140 0.0000 1.0000 
0.3046 0.0958 0.0000 1.0000 
0.0988 0.6225 1.0000 0.0000 
0.0082 0.2478 1.0000 0.0000 
0.0633 0.1222 0.0000 1.0000 
0.1729 0.7744 1.0000 0.0000 
0.8135 0.0673 0.0000 1.0000 
0.1229 0.9075 1.0000 0.0000 
0.4069 0.8717 1.0000 0.0000 
0.8721 0.9799 1.0000 0.0000 
0.9726 0.4586 0.0000 1.0000 
0.3371 0.4561 0.0000 1.0000 
0.5445 0.0718 0.0000 1.0000 
0.1098 0.7847 1.0000 0.0000 
0.2500 0.8121 0.0000 1.0000 
0.9908 0.7711 0.0000 1.0000 
0.1001 0.9457 1.0000 0.0000 
0.4553 0.0317 1.0000 0.0000 
0.1883 0.1279 0.0000 1.0000 
0.9251 0.3287 1.0000 0.0000 
0.9457 0.9351 1.0000 0.0000 
0.0980 0.6490 0.0000 1.0000 
0.0531 0.1059 0.0000 1.0000 
0.8049 0.6856 0.0000 1.0000 
0.2389 0.9518 1.0000 0.0000 
0.8250 0.9421 1.0000 0.0000 
0.4880 0.9951 1.0000 0.0000 
0.4738 0.7914 1.0000 0.0000 
0.1453 0.3211 0.0000 1.0000 
0.3672 0.1108 1.0000 0.0000 
0.9942 0.8853 1.0000 0.0000 
0.9887 0.5729 0.0000 1.0000 
0.7692 0.0412 0.0000 1.0000 
0.3267 0.5783 1.0000 0.0000 
0.2568 0.9403 0.0000 1.0000 
0.2489 0.7272 1.0000 0.0000 
0.3474 0.2008 0.0000 1.0000 
0.6886 0.4592 1.0000 0.0000 
0.9877 0.4373 1.0000 0.0000 
0.9752 0.8060 1.0000 0.0000 
0.1816 0.3624 0.0000 1.0000 
0.1629 0.9416 0.0000 1.0000 
0.3520 0.1067 0.0000 1.0000 
0.5995 0.2463 0.0000 1.0000 
0.4687 0.7817 1.0000 0.0000 
0.7498 0.8188 0.0000 1.0000 
0.5781 0.4072 1.0000 0.0000 
0.0313 0.3015 1.0000 0.0000 
0.5885 0.2661 0.0000 1.0000 
0.6117 0.2322 0.0000 1.0000 
0.4696 0.2430 0.0000 1.0000 
0.9387 0.3360 1.0000 0.0000 
0.5678 0.0495 1.0000 0.0000 
0.8778 0.8819 1.0000 0.0000 
0.1777 0.2682 0.0000 1.0000 
0.3868 0.1846 0.0000 1.0000 
0.5503 0.1291 0.0000 1.0000 
0.5985 0.5626 1.0000 0.0000 
0.2530 0.7386 0.0000 1.0000 
0.1567 0.7862 1.0000 0.0000 
0.3686 0.8622 0.0000 1.0000 
0.9025 0.8330 0.0000 1.0000 
0.9934 0.3187 1.0000 0.0000 
0.2629 0.1561 1.0000 0.0000 
0.8959 0.4506 0.0000 1.0000 
0.9120 0.3632 1.0000 0.0000 
0.1948 0.1553 0.0000 1.0000 
0.5346 0.5920 0.0000 1.0000 
0.2601 0.6100 0.0000 1.0000 
0.7213 0.6663 1.0000 0.0000 
0.6763 0.1949 0.0000 1.0000 
0.6983 0.7312 0.0000 1.0000 
0.1183 0.7912 0.0000 1.0000 
0.7657 0.5526 0.0000 1.0000 
0.1782 0.7774 0.0000 1.0000 
0.9217 0.6207 1.0000 0.0000 
0.9917 0.7853 1.0000 0.0000 
0.5558 0.5782 1.0000 0.0000 
0.7573 0.7447 1.0000 0.0000 
0.3985 0.2111 0.0000 1.0000 
0.6495 0.5528 0.0000 1.0000 
0.8962 0.9729 1.0000 0.0000 
0.4966 0.2539 1.0000 0.0000 
0.0435 0.2481 0.0000 1.0000 
0.9156 0.7477 0.0000 1.0000 
0.3834 0.3254 1.0000 0.0000 
0.6026 0.1498 1.0000 0.0000 
0.4632 0.2799 1.0000 0.0000 
0.9100 0.8187 0.0000 1.0000 
0.1681 0.7365 1.0000 0.0000 
0.4440 0.1288 0.0000 1.0000 
0.9250 0.5845 0.0000 1.0000 
0.7440 0.9513 1.0000 0.0000 
0.2346 0.1421 1.0000 0.0000 
0.9459 0.6770 1.0000 0.0000 
0.6946 0.5774 0.0000 1.0000 
0.1507 0.9954 1.0000 0.0000 
0.8579 0.9722 1.0000 0.0000 
0.5103 0.3104 0.0000 1.0000 
0.5048 0.9485 1.0000 0.0000 
0.1349 0.8540 1.0000 0.0000 
0.8210 0.2345 0.0000 1.0000 
0.7747 0.3165 0.0000 1.0000 
0.7727 0.9209 1.0000 0.0000 
0.1834 0.9291 1.0000 0.0000 
0.2727 0.6291 0.0000 1.0000 
0.4810 0.0256 0.0000 1.0000 
0.4415 0.0230 1.0000 0.0000 
0.9065 0.2199 0.0000 1.0000 
0.3812 0.8999 0.0000 1.0000 
0.0574 0.1022 1.0000 0.0000 
0.4485 0.4417 0.0000 1.0000 
0.4918 0.4589 0.0000 1.0000 
0.4257 0.9779 0.0000 1.0000 
0.3583 0.4433 1.0000 0.0000 
0.4779 0.8594 1.0000 0.0000 
0.2528 0.1561 0.0000 1.0000 
0.0974 0.1347 1.0000 0.0000 
0.6874 0.9869 1.0000 0.0000 
0.6777 0.3663 0.0000 1.0000 
0.8398 0.7452 0.0000 1.0000 
0.4408 0.8210 1.0000 0.0000 
0.6921 0.4644 0.0000 1.0000 
0.3246 0.2353 0.0000 1.0000 
0.5214 0.7680 1.0000 0.0000 
0.2392 0.3828 1.0000 0.0000 
0.7733 0.4564 0.0000 1.0000 
0.2690 0.0163 1.0000 0.0000 
0.3318 0.7788 0.0000 1.0000 
0.7296 0.5347 0.0000 1.0000 
0.4844 0.8760 1.0000 0.0000 
0.6544 0.9057 0.0000 1.0000 
0.9128 0.2295 0.0000 1.0000 
0.0796 0.3217 1.0000 0.0000 
0.1905 0.7014 1.0000 0.0000 
0.8231 0.4404 0.0000 1.0000 
0.6620 0.5182 0.0000 1.0000 
0.3040 0.2869 1.0000 0.0000 
0.5077 0.2890 1.0000 0.0000 
0.0804 0.9410 1.0000 0.0000 
0.9608 0.1616 0.0000 1.0000 
0.8543 0.6105 0.0000 1.0000 
0.1015 0.7810 1.0000 0.0000 
0.0883 0.3121 1.0000 0.0000 
0.4284 0.6767 1.0000 0.0000 
0.8882 0.3721 0.0000 1.0000 
0.1131 0.3966 0.0000 1.0000 
0.2472 0.5910 1.0000 0.0000 
0.2473 0.4182 0.0000 1.0000 
0.9030 0.2369 0.0000 1.0000 
0.7385 0.5910 1.0000 0.0000 
0.6098 0.2381 0.0000 1.0000 
0.0531 0.8052 0.0000 1.0000 
0.9407 0.1855 0.0000 1.0000 
0.9254 0.6839 0.0000 1.0000 
0.2698 0.7540 1.0000 0.0000 
0.8330 0.0816 0.0000 1.0000 
0.8840 0.5111 0.0000 1.0000 
0.5386 0.2182 0.0000 1.0000 
0.7290 0.2284 1.0000 0.0000 
0.1538 0.4060 0.0000 1.0000 
0.8653 0.4122 0.0000 1.0000 
0.1042 0.0988 0.0000 1.0000 
0.3948 0.6594 1.0000 0.0000 
0.8802 0.3702 0.0000 1.0000 
0.6628 0.3965 0.0000 1.0000 
0.4133 0.3809 0.0000 1.0000 
0.7671 0.5437 1.0000 0.0000 
0.4092 0.6801 0.0000 1.0000 
0.7434 0.8285 0.0000 1.0000 
0.6573 0.0860 1.0000 0.0000 
0.4149 0.6584 0.0000 1.0000 
0.9635 0.6545 0.0000 1.0000 
0.8278 0.7218 1.0000 0.0000 
0.8716 0.3811 1.0000 0.0000 
0.1980 0.5081 0.0000 1.0000 
0.5969 0.6016 0.0000 1.0000 
0.8149 0.4916 0.0000 1.0000 
0.3067 0.2188 0.0000 1.0000 
0.9858 0.8895 1.0000 0.0000 
0.5640 0.4208 0.0000 1.0000 
0.8620 0.2085 1.0000 0.0000 
0.6368 0.4535 0.0000 1.0000 
0.6508 0.9741 1.0000 0.0000 
0.6951 0.5695 1.0000 0.0000 
0.3811 0.1879 0.0000 1.0000 
0.1161 0.8591 1.0000 0.0000 
0.3296 0.2687 1.0000 0.0000 
0.4251 0.7803 1.0000 0.0000 
0.3682 0.0549 1.0000 0.0000 
0.1901 0.7259 1.0000 0.0000 
0.9049 0.2217 1.0000 0.0000 
0.3009 0.9325 1.0000 0.0000 
0.1518 0.1879 1.0000 0.0000 
0.3635 0.6814 0.0000 1.0000 
0.9237 0.7495 1.0000 0.0000 
0.6905 0.7588 1.0000 0.0000 
0.5729 0.4533 0.0000 1.0000 
0.0302 0.8915 1.0000 0.0000 
0.7119 0.9133 1.0000 0.0000 
0.9550 0.9646 1.0000 0.0000 
0.9055 0.7293 0.0000 1.0000 
0.2434 0.0463 0.0000 1.0000 
0.2548 0.4056 0.0000 1.0000 
0.8261 0.4238 0.0000 1.0000 
0.3012 0.7857 1.0000 0.0000 
0.1725 0.3723 0.0000 1.0000 
0.2833 0.8651 1.0000 0.0000 
0.5343 0.0057 0.0000 1.0000 
0.5803 0.6915 1.0000 0.0000 
0.8254 0.1905 0.0000 1.0000 
0.2163 0.5864 1.0000 0.0000 
0.5642 0.4205 0.0000 1.0000 
0.1536 0.5758 1.0000 0.0000 
0.7018 0.9955 1.0000 0.0000 
0.5636 0.1309 0.0000 1.0000 
0.3269 0.6601 1.0000 0.0000 
0.7142 0.3195 0.0000 1.0000 
0.8885 0.5583 1.0000 0.0000 
0.3264 0.9379 0.0000 1.0000 
0.6415 0.8890 1.0000 0.0000 
0.9785 0.9055 1.0000 0.0000 
0.0464 0.5015 0.0000 1.0000 
0.3620 0.3775 1.0000 0.0000 
0.1613 0.9446 1.0000 0.0000 
0.9834 0.2051 0.0000 1.0000 
0.6469 0.7452 0.0000 1.0000 
0.1329 0.4287 1.0000 0.0000 
0.6917 0.1891 0.0000 1.0000 
0.9693 0.3186 1.0000 0.0000 
0.0863 0.2855 1.0000 0.0000 
0.5142 0.9562 1.0000 0.0000 
0.4172 0.7190 0.0000 1.0000 
0.1790 0.6162 1.0000 0.0000 
0.6354 0.0245 0.0000 1.0000 
0.6893 0.2271 0.0000 1.0000 
0.8289 0.9068 0.0000 1.0000 
0.0430 0.2583 0.0000 1.0000 
0.5461 0.0030 0.0000 1.0000 
0.3867 0.3740 1.0000 0.0000 
0.7895 0.1967 1.0000 0.0000 
0.2772 0.1672 1.0000 0.0000 
0.2361 0.5957 1.0000 0.0000 
0.5899 0.7351 0.0000 1.0000 
0.8760 0.5868 1.0000 0.0000 
0.1658 0.1052 0.0000 1.0000 
0.3818 0.6823 0.0000 1.0000 
0.2312 0.6811 0.0000 1.0000 
0.5781 0.2907 1.0000 0.0000 
0.2524 0.7590 1.0000 0.0000 
0.3564 0.3473 0.0000 1.0000 
0.4406 0.5105 1.0000 0.0000 
0.4332 0.0501 1.0000 0.0000 
0.5506 0.3406 0.0000 1.0000 
0.4654 0.6835 0.0000 1.0000 
0.2590 0.6005 1.0000 0.0000 
0.9150 0.6179 1.0000 0.0000 
0.7504 0.4319 1.0000 0.0000 
0.1236 0.6526 0.0000 1.0000 
0.2867 0.5241 1.0000 0.0000 
0.2826 0.8850 1.0000 0.0000 
0.7459 0.7431 1.0000 0.0000 
0.1650 0.9514 1.0000 0.0000 
0.3312 0.6216 1.0000 0.0000 
0.2966 0.0138 0.0000 1.0000 
0.8131 0.1345 0.0000 1.0000 
0.6073 0.7024 0.0000 1.0000 
0.2433 0.3899 1.0000 0.0000 
0.9416 0.1590 1.0000 0.0000 
0.7893 0.4749 0.0000 1.0000 
0.9820 0.9829 1.0000 0.0000 
0.5378 0.4679 1.0000 0.0000 
0.7229 0.2160 0.0000 1.0000 
0.1052 0.4874 1.0000 0.0000 
0.2127 0.5232 0.0000 1.0000 
0.2180 0.6701 0.0000 1.0000 
0.3287 0.4010 0.0000 1.0000 
0.0736 0.2089 1.0000 0.0000 
0.7703 0.2389 0.0000 1.0000 
0.6677 0.7938 1.0000 0.0000 
0.0688 0.4596 0.0000 1.0000 
0.9430 0.1341 0.0000 1.0000 
0.9805 0.4988 1.0000 0.0000 
0.3731 0.6615 1.0000 0.0000 
0.4168 0.3065 1.0000 0.0000 
0.1751 0.9754 1.0000 0.0000 
0.1802 0.5935 1.0000 0.0000 
0.8833 0.7799 1.0000 0.0000 
0.6050 0.4522 1.0000 0.0000 
0.9329 0.5952 1.0000 0.0000 
0.7493 0.7531 0.0000 1.0000 
0.5692 0.3169 1.0000 0.0000 
0.1975 0.8734 0.0000 1.0000 
0.6362 0.5335 0.0000 1.0000 
0.3238 0.3274 0.0000 1.0000 
0.1435 0.3564 0.0000 1.0000 
0.2197 0.7728 0.0000 1.0000 
0.9202 0.6428 1.0000 0.0000 
0.7008 0.6572 0.0000 1.0000 
0.9456 0.2681 0.0000 1.0000 
0.2595 0.2068 0.0000 1.0000 
0.8831 0.2123 0.0000 1.0000 
0.1020 0.9596 0.0000 1.0000 
0.0411 0.3873 0.0000 1.0000 
0.4910 0.1993 0.0000 1.0000 
0.9650 0.5506 1.0000 0.0000 
0.5048 0.1595 0.0000 1.0000 
0.8675 0.6144 0.0000 1.0000 
0.2309 0.6304 0.0000 1.0000 
0.3354 0.7905 1.0000 0.0000 
0.1406 0.3815 1.0000 0.0000 
0.0286 0.1052 1.0000 0.0000 
0.0674 0.9033 0.0000 1.0000 
0.4413 0.0156 1.0000 0.0000 
0.9930 0.1730 0.0000 1.0000 
0.1720 0.5783 1.0000 0.0000 
0.4802 0.7169 0.0000 1.0000 
0.1926 0.7584 1.0000 0.0000 
0.1889 0.1984 0.0000 1.0000 
0.2751 0.5463 0.0000 1.0000 
0.2846 0.0839 1.0000 0.0000 
0.9568 0.0591 1.0000 0.0000 
0.7368 0.9834 1.0000 0.0000 
0.3152 0.3226 0.0000 1.0000 
0.2245 0.9027 0.0000 1.0000 
0.6041 0.8039 1.0000 0.0000 
0.2023 0.2655 0.0000 1.0000 
0.2043 0.4012 0.0000 1.0000 
0.4776 0.8471 1.0000 0.0000 
0.6831 0.8458 1.0000 0.0000 
0.3550 0.3658 1.0000 0.0000 
0.8024 0.5450 1.0000 0.0000 
0.4923 0.6198 1.0000 0.0000 
0.6239 0.8375 1.0000 0.0000 
0.9595 0.4989 1.0000 0.0000 
0.8591 0.9185 1.0000 0.0000 
0.6325 0.4872 0.0000 1.0000 
0.1414 0.3766 1.0000 0.0000 
0.0008 0.8941 0.0000 1.0000 
0.8555 0.6354 0.0000 1.0000 
0.9527 0.9206 1.0000 0.0000 
0.9321 0.5440 0.0000 1.0000 
0.4761 0.7644 1.0000 0.0000 
0.2543 0.8020 1.0000 0.0000 
0.4128 0.8220 0.0000 1.0000 
0.0540 0.3207 1.0000 0.0000 
0.4064 0.6015 0.0000 1.0000 
0.0720 0.4062 0.0000 1.0000 
0.1235 0.4225 0.0000 1.0000 
0.8078 0.9809 1.0000 0.0000 
0.3275 0.9778 0.0000 1.0000 
0.0287 0.2503 0.0000 1.0000 
0.9223 0.8346 0.0000 1.0000 
0.8641 0.9130 0.0000 1.0000 
0.1970 0.6480 1.0000 0.0000 
0.1121 0.6925 1.0000 0.0000 
0.8261 0.8966 1.0000 0.0000 
0.2246 0.6947 1.0000 0.0000 
0.4132 0.6910 0.0000 1.0000 
0.1648 0.8711 0.0000 1.0000 
0.6660 0.1325 1.0000 0.0000 
0.5439 0.0536 0.0000 1.0000 
0.9191 0.2107 0.0000 1.0000 
0.0172 0.6602 0.0000 1.0000 
0.2999 0.7585 1.0000 0.0000 
0.7048 0.2352 1.0000 0.0000 
0.1492 0.3941 0.0000 1.0000 
0.3442 0.2955 1.0000 0.0000 
0.8801 0.6485 0.0000 1.0000 
0.8682 0.5999 1.0000 0.0000 
0.1339 0.4549 0.0000 1.0000 
0.6595 0.8198 1.0000 0.0000 
0.7686 0.9799 1.0000 0.0000 
0.7939 0.5736 0.0000 1.0000 
0.9177 0.9236 1.0000 0.0000 
0.3768 0.5215 0.0000 1.0000 
0.6759 0.7717 1.0000 0.0000 
0.0905 0.9769 0.0000 1.0000 
0.0384 0.5251 1.0000 0.0000 
0.7445 0.9155 1.0000 0.0000 
0.5226 0.3463 1.0000 0.0000 
0.5972 0.2271 0.0000 1.0000 
0.5418 0.5409 0.0000 1.0000 
0.2596 0.7494 1.0000 0.0000 
0.7749 0.6669 1.0000 0.0000 
0.4359 0.7005 0.0000 1.0000 
0.1709 0.4065 0.0000 1.0000 
0.9967 0.5143 0.0000 1.0000 
0.2881 0.7675 1.0000 0.0000 
0.2064 0.7544 1.0000 0.0000 
0.5371 0.8468 0.0000 1.0000 
0.0259 0.1876 1.0000 0.0000 
0.6893 0.2118 1.0000 0.0000 
0.2959 0.2532 0.0000 1.0000 
0.1515 0.6508 1.0000 0.0000 
0.8933 0.1827 1.0000 0.0000 
0.9333 0.0438 0.0000 1.0000 
0.5567 0.9507 0.0000 1.0000 
0.4963 0.7748 0.0000 1.0000 
0.3745 0.9630 0.0000 1.0000 
0.0568 0.4675 0.0000 1.0000 
0.5431 0.2456 0.0000 1.0000 
0.0310 0.7936 1.0000 0.0000 
0.9596 0.8286 0.0000 1.0000 
0.1285 0.7279 1.0000 0.0000 
0.1102 0.8115 1.0000 0.0000 
0.4694 0.4643 0.0000 1.0000 
0.9274 0.2493 0.0000 1.0000 
0.8091 0.6256 0.0000 1.0000 
0.7058 0.1075 0.0000 1.0000 
0.9299 0.1873 1.0000 0.0000 
0.7522 0.6069 1.0000 0.0000 
0.3577 0.8021 1.0000 0.0000 
0.4879 0.2017 1.0000 0.0000 
0.2364 0.3608 1.0000 0.0000 
0.7404 0.6747 1.0000 0.0000 
0.5966 0.1406 0.0000 1.0000 
0.6922 0.4152 0.0000 1.0000 
0.8787 0.8317 0.0000 1.0000 
0.8843 0.6915 1.0000 0.0000 
0.2558 0.4641 1.0000 0.0000 
0.7830 0.1534 0.0000 1.0000 
0.9477 0.6410 0.0000 1.0000 
0.9176 0.3413 1.0000 0.0000 
0.4914 0.4922 1.0000 0.0000 
0.2351 0.9599 1.0000 0.0000 
0.6306 0.5979 1.0000 0.0000 
0.2339 0.8404 1.0000 0.0000 
0.6962 0.6604 1.0000 0.0000 
0.8416 0.0022 0.0000 1.0000 
0.4354 0.3890 1.0000 0.0000 
0.8095 0.8923 1.0000 0.0000 
0.3400 0.1020 0.0000 1.0000 
0.6407 0.6473 0.0000 1.0000 
0.1443 0.8997 1.0000 0.0000 
0.9324 0.9827 1.0000 0.0000 
0.4680 0.7482 0.0000 1.0000 
0.5404 0.5344 1.0000 0.0000 
0.7168 0.0194 1.0000 0.0000 
0.2389 0.6378 0.0000 1.0000 
0.2435 0.3431 1.0000 0.0000 
0.6247 0.1230 1.0000 0.0000 
0.4693 0.1177 1.0000 0.0000 
0.2567 0.5400 1.0000 0.0000 
0.7735 0.3097 1.0000 0.0000 
0.7515 0.6742 1.0000 0.0000 
0.3279 0.4529 0.0000 1.0000 
0.0558 0.3511 0.0000 1.0000 
0.2051 0.2714 0.0000 1.0000 
0.4137 0.3192 0.0000 1.0000 
0.7394 0.6301 1.0000 0.0000 
0.9164 0.1526 0.0000 1.0000 
0.6601 0.2483 0.0000 1.0000 
0.1699 0.9655 0.0000 1.0000 
0.3001 0.0017 0.0000 1.0000 
0.5892 0.1887 0.0000 1.0000 
0.5578 0.7953 1.0000 0.0000 
0.7750 0.6903 1.0000 0.0000 
0.5519 0.8904 1.0000 0.0000 
0.9626 0.0444 1.0000 0.0000 
0.5759 0.4468 1.0000 0.0000 
0.0565 0.2639 0.0000 1.0000 
0.8384 0.9973 1.0000 0.0000 
0.3131 0.1240 0.0000 1.0000 
0.9138 0.4084 0.0000 1.0000 
0.6530 0.1611 0.0000 1.0000 
0.0259 0.3018 0.0000 1.0000 
0.4242 0.3749 0.0000 1.0000 
0.6600 0.7686 0.0000 1.0000 
0.5531 0.0408 1.0000 0.0000 
0.8534 0.2169 1.0000 0.0000 
0.0535 0.7017 0.0000 1.0000 
0.2600 0.6086 1.0000 0.0000 
0.9951 0.8108 1.0000 0.0000 
0.1627 0.6430 1.0000 0.0000 
0.9458 0.0015 0.0000 1.0000 
0.7061 0.6678 1.0000 0.0000 
0.2766 0.6729 0.0000 1.0000 
0.4953 0.0758 0.0000 1.0000 
0.9269 0.7545 1.0000 0.0000 
0.4042 0.7998 1.0000 0.0000 
0.1072 0.9309 1.0000 0.0000 
0.2539 0.2859 1.0000 0.0000 
0.9582 0.1818 0.0000 1.0000 
0.4438 0.7651 0.0000 1.0000 
0.7641 0.0974 1.0000 0.0000 
0.2287 0.2163 0.0000 1.0000 
0.7671 0.4323 0.0000 1.0000 
0.8375 0.8574 1.0000 0.0000 
0.8467 0.3802 0.0000 1.0000 
0.9814 0.2333 1.0000 0.0000 
0.6867 0.9110 0.0000 1.0000 
0.8299 0.8570 1.0000 0.0000 
0.4124 0.2998 0.0000 1.0000 
0.0828 0.7250 1.0000 0.0000 
0.3994 0.2960 0.0000 1.0000 
0.1163 0.7942 1.0000 0.0000 
0.5664 0.0168 0.0000 1.0000 
0.6219 0.4922 0.0000 1.0000 
0.6640 0.3133 0.0000 1.0000 
0.0946 0.4402 1.0000 0.0000 
0.2179 0.8219 1.0000 0.0000 
0.8638 0.6210 1.0000 0.0000 
0.9120 0.2338 0.0000 1.0000 
0.8194 0.1336 1.0000 0.0000 
0.9441 0.6819 0.0000 1.0000 
0.4309 0.2749 0.0000 1.0000 
0.4682 0.5076 0.0000 1.0000 
0.3890 0.7400 0.0000 1.0000 
0.2755 0.1566 0.0000 1.0000 
0.2887 0.9867 0.0000 1.0000 
0.6275 0.2482 1.0000 0.0000 
0.4709 0.1527 0.0000 1.0000 
0.4563 0.7742 1.0000 0.0000 
0.6470 0.6268 1.0000 0.0000 
0.5356 0.5142 0.0000 1.0000 
0.2330 0.7870 1.0000 0.0000 
0.5766 0.8839 1.0000 0.0000 
0.7808 0.0519 0.0000 1.0000 
0.8736 0.8471 0.0000 1.0000 
0.6751 0.6154 1.0000 0.0000 
0.2225 0.8238 0.0000 1.0000 
0.9178 0.8975 1.0000 0.0000 
0.7101 0.4392 1.0000 0.0000 
0.2416 0.2238 1.0000 0.0000 
0.3465 0.6804 1.0000 0.0000 
0.1394 0.6792 0.0000 1.0000 
0.0338 0.2333 0.0000 1.0000 
0.0675 0.8987 0.0000 1.0000 
0.6263 0.6976 1.0000 0.0000 
0.3138 0.3103 1.0000 0.0000 
0.6450 0.6629 0.0000 1.0000 
0.6669 0.2366 1.0000 0.0000 
0.9255 0.0986 0.0000 1.0000 
0.6633 0.3356 0.0000 1.0000 
0.6804 0.5052 0.0000 1.0000 
0.2336 0.3132 0.0000 1.0000 
0.7210 0.7004 0.0000 1.0000 
0.4748 0.2488 1.0000 0.0000 
0.4579 0.3078 0.0000 1.0000 
0.1342 0.4163 0.0000 1.0000 
0.3315 0.9010 0.0000 1.0000 
0.9584 0.1583 1.0000 0.0000 
0.1867 0.6965 0.0000 1.0000 
0.1984 0.2676 0.0000 1.0000 
0.2393 0.9022 0.0000 1.0000 
0.6317 0.7661 0.0000 1.0000 
0.5826 0.4289 0.0000 1.0000 
0.3698 0.4361 1.0000 0.0000 
0.7307 0.6537 1.0000 0.0000 
0.9878 0.5455 0.0000 1.0000 
0.1067 0.3944 1.0000 0.0000 
0.4013 0.7380 1.0000 0.0000 
0.1611 0.9724 1.0000 0.0000 
0.0930 0.1794 1.0000 0.0000 
0.6124 0.5351 1.0000 0.0000 
0.0653 0.9419 0.0000 1.0000 
0.3705 0.8706 0.0000 1.0000 
0.2467 0.5204 1.0000 0.0000 
0.4790 0.6794 1.0000 0.0000 
0.5033 0.1353 0.0000 1.0000 
0.4471 0.2940 0.0000 1.0000 
0.2432 0.8199 0.0000 1.0000 
0.6973 0.4748 1.0000 0.0000 
0.8797 0.6688 0.0000 1.0000 
0.9741 0.3989 0.0000 1.0000 
0.8940 0.3358 1.0000 0.0000 
0.1013 0.8589 0.0000 1.0000 
0.9939 0.1382 1.0000 0.0000 
0.9011 0.1350 1.0000 0.0000 
0.8696 0.4035 1.0000 0.0000 
0.9140 0.8483 1.0000 0.0000 
0.5594 0.4684 1.0000 0.0000 
0.2616 0.4070 1.0000 0.0000 
0.8100 0.1628 0.0000 1.0000 
0.5692 0.2054 1.0000 0.0000 
0.0783 0.2549 0.0000 1.0000 
0.5935 0.3362 1.0000 0.0000 
0.1930 0.3306 1.0000 0.0000 
0.2361 0.6659 0.0000 1.0000 
0.1777 0.5977 1.0000 0.0000 
0.2459 0.4628 0.0000 1.0000 
0.5306 0.7304 1.0000 0.0000 
0.6351 0.1387 0.0000 1.0000 
0.7603 0.5675 1.0000 0.0000 
0.4689 0.3200 1.0000 0.0000 
0.2832 0.2735 0.0000 1.0000 
0.0594 0.0613 0.0000 1.0000 
0.5279 0.9884 1.0000 0.0000 
0.5129 0.0301 0.0000 1.0000 
0.0306 0.1470 0.0000 1.0000 
0.4916 0.4148 1.0000 0.0000 
0.2960 0.2521 0.0000 1.0000 
0.8044 0.9721 1.0000 0.0000 
0.9907 0.0638 0.0000 1.0000 
0.7305 0.5920 1.0000 0.0000 
0.5147 0.2556 1.0000 0.0000 
0.7883 0.5963 1.0000 0.0000 
0.0344 0.1608 1.0000 0.0000 
0.9338 0.7666 0.0000 1.0000 
0.1881 0.6951 1.0000 0.0000 
0.4716 0.4121 1.0000 0.0000 
0.2155 0.7502 1.0000 0.0000 
0.5983 0.4744 0.0000 1.0000 
0.1553 0.1464 1.0000 0.0000 
0.6262 0.9491 0.0000 1.0000 
0.6101 0.0988 0.0000 1.0000 
0.1580 0.4433 0.0000 1.0000 
0.6795 0.8095 0.0000 1.0000 
0.5704 0.5440 1.0000 0.0000 
0.6626 0.3958 1.0000 0.0000 
0.5268 0.0538 0.0000 1.0000 
0.8776 0.2333 0.0000 1.0000 
0.7355 0.9175 1.0000 0.0000 
0.4798 0.0362 0.0000 1.0000 
0.0885 0.6623 0.0000 1.0000 
0.7794 0.4182 1.0000 0.0000 
0.3146 0.1627 1.0000 0.0000 
0.6392 0.1987 0.0000 1.0000 
0.5589 0.2433 1.0000 0.0000 
0.6371 0.2077 1.0000 0.0000 
0.3694 0.5998 1.0000 0.0000 
0.2325 0.0290 1.0000 0.0000 
0.5968 0.7607 1.0000 0.0000 
0.1674 0.1900 0.0000 1.0000 
0.0433 0.7053 0.0000 1.0000 
0.3854 0.7604 0.0000 1.0000 
0.1332 0.1227 1.0000 0.0000 
0.5244 0.8036 1.0000 0.0000 
0.2096 0.1380 1.0000 0.0000 
0.2218 0.2193 0.0000 1.0000 
0.0148 0.6728 1.0000 0.0000 
0.9891 0.0231 0.0000 1.0000 
0.2648 0.6946 1.0000 0.0000 
0.8979 0.2999 0.0000 1.0000 
0.1898 0.2593 0.0000 1.0000 
0.9842 0.0175 0.0000 1.0000 
0.1218 0.0360 0.0000 1.0000 
0.5516 0.7012 0.0000 1.0000 
0.5906 0.2032 1.0000 0.0000 
0.5547 0.9723 0.0000 1.0000 
0.9608 0.0623 0.0000 1.0000 
0.0240 0.0863 0.0000 1.0000 
0.6695 0.8161 0.0000 1.0000 
0.3320 0.0090 1.0000 0.0000 
0.2443 0.9793 1.0000 0.0000 
0.5782 0.5684 1.0000 0.0000 
0.5058 0.7018 1.0000 0.0000 
0.2087 0.7600 1.0000 0.0000 
0.7545 0.6595 1.0000 0.0000 
0.1919 0.2864 0.0000 1.0000 
0.8473 0.6410 1.0000 0.0000 
0.1490 0.6533 0.0000 1.0000 
0.0618 0.7426 1.0000 0.0000 
0.8791 0.4469 1.0000 0.0000 
0.4924 0.6277 1.0000 0.0000 
0.8631 0.3620 1.0000 0.0000 
0.2880 0.2289 0.0000 1.0000 
0.5394 0.4224 0.0000 1.0000 
0.1734 0.9023 0.0000 1.0000 
0.3270 0.2932 1.0000 0.0000 
0.2584 0.1052 1.0000 0.0000 
0.8688 0.1787 1.0000 0.0000 
0.4926 0.8476 0.0000 1.0000 
0.6154 0.1220 0.0000 1.0000 
0.4266 0.5840 0.0000 1.0000 
0.2667 0.8178 1.0000 0.0000 
0.3862 0.1840 1.0000 0.0000 
0.7604 0.1112 0.0000 1.0000 
0.4409 0.7703 0.0000 1.0000 
0.1258 0.9460 0.0000 1.0000 
0.2767 0.5278 1.0000 0.0000 
0.0539 0.6965 1.0000 0.0000 
0.9967 0.4840 1.0000 0.0000 
0.1818 0.9490 0.0000 1.0000 
0.9535 0.6549 1.0000 0.0000 
0.6430 0.9579 0.0000 1.0000 
0.3555 0.9857 0.0000 1.0000 
0.2554 0.7529 0.0000 1.0000 
0.9713 0.3133 0.0000 1.0000 
0.3693 0.1454 1.0000 0.0000 
0.4291 0.4782 1.0000 0.0000 
0.2605 0.5240 0.0000 1.0000 
0.8502 0.2479 0.0000 1.0000 
0.2358 0.6455 0.0000 1.0000 
0.8978 0.8135 0.0000 1.0000 
0.5264 0.9018 1.0000 0.0000 
0.7573 0.1117 1.0000 0.0000 
0.9412 0.5979 1.0000 0.0000 
0.6660 0.1104 0.0000 1.0000 
0.2280 0.6706 0.0000 1.0000 
0.6508 0.4840 1.0000 0.0000 
0.2694 0.8643 0.0000 1.0000 
0.3005 0.3781 0.0000 1.0000 
0.1422 0.6529 1.0000 0.0000 
0.4299 0.2372 0.0000 1.0000 
0.0588 0.6105 1.0000 0.0000 
0.9495 0.2338 0.0000 1.0000 
0.4695 0.7373 0.0000 1.0000 
0.3458 0.7685 1.0000 0.0000 
0.8563 0.9448 1.0000 0.0000 
0.3177 0.0586 0.0000 1.0000 
0.3433 0.3612 1.0000 0.0000 
0.8911 0.6248 0.0000 1.0000 
0.7849 0.7964 1.0000 0.0000 
0.1233 0.9708 0.0000 1.0000 
0.7320 0.9082 1.0000 0.0000 
0.3805 0.2062 1.0000 0.0000 
0.3680 0.9974 1.0000 0.0000 
0.7852 0.5214 1.0000 0.0000 
0.1647 0.4244 0.0000 1.0000 
0.1362 0.7515 1.0000 0.0000 
0.8432 0.2842 1.0000 0.0000 
0.7513 0.0783 0.0000 1.0000 
0.6320 0.1384 0.0000 1.0000 
0.6132 0.3946 0.0000 1.0000 
0.9500 0.7005 1.0000 0.0000 
0.3579 0.0177 0.0000 1.0000 
0.4213 0.7967 1.0000 0.0000 
0.6139 0.6572 1.0000 0.0000 
0.5195 0.8470 0.0000 1.0000 
0.1912 0.7050 1.0000 0.0000 
0.1573 0.0177 1.0000 0.0000 
0.4588 0.8306 1.0000 0.0000 
0.3395 0.9091 1.0000 0.0000 
0.5884 0.3960 0.0000 1.0000 
0.2170 0.6896 0.0000 1.0000 
0.2065 0.4330 0.0000 1.0000 
0.6498 0.3640 0.0000 1.0000 
0.8922 0.3563 1.0000 0.0000 
0.2400 0.6889 0.0000 1.0000 
0.5755 0.9987 1.0000 0.0000 
0.1330 0.7643 0.0000 1.0000 
0.2699 0.9291 1.0000 0.0000 
0.4474 0.7750 1.0000 0.0000 
0.5145 0.1574 0.0000 1.0000 
0.7364 0.7772 1.0000 0.0000 
0.9858 0.5289 0.0000 1.0000 
0.6918 0.2555 1.0000 0.0000 
0.4971 0.5638 1.0000 0.0000 
0.1925 0.0182 0.0000 1.0000 
0.0049 0.0276 1.0000 0.0000 
0.0557 0.3507 1.0000 0.0000 
0.3433 0.8822 1.0000 0.0000 
0.6572 0.7399 0.0000 1.0000 
0.0406 0.4959 0.0000 1.0000 
0.1555 0.3938 1.0000 0.0000 
0.1591 0.6864 1.0000 0.0000 
0.2263 0.2578 0.0000 1.0000 
0.5501 0.4696 1.0000 0.0000 
0.3701 0.6974 1.0000 0.0000 
0.8410 0.5418 1.0000 0.0000 
0.9769 0.9961 1.0000 0.0000 
0.1555 0.2162 0.0000 1.0000 
0.1821 0.9391 1.0000 0.0000 
0.1476 0.8977 1.0000 0.0000 
0.3781 0.7215 0.0000 1.0000 
0.2005 0.4482 1.0000 0.0000 
0.3583 0.5898 1.0000 0.0000 
0.2924 0.2965 0.0000 1.0000 
0.4718 0.2793 0.0000 1.0000 
0.3198 0.4644 1.0000 0.0000 
0.0174 0.9026 0.0000 1.0000 
0.3502 0.1003 0.0000 1.0000 
0.3538 0.3672 0.0000 1.0000 
0.4759 0.8676 1.0000 0.0000 
0.1972 0.5470 1.0000 0.0000 
0.8755 0.0680 0.0000 1.0000 
0.7741 0.6020 1.0000 0.0000 
0.8588 0.2245 1.0000 0.0000 
0.8829 0.8934 0.0000 1.0000 
0.2902 0.0337 1.0000 0.0000 
0.8993 0.5369 0.0000 1.0000 
0.5887 0.1875 1.0000 0.0000 
0.5108 0.5227 1.0000 0.0000 
0.3978 0.5545 1.0000 0.0000 
0.9146 0.9170 1.0000 0.0000 
0.6568 0.3221 1.0000 0.0000 
0.2636 0.5499 1.0000 0.0000 
0.9597 0.5086 0.0000 1.0000 
0.3604 0.2447 0.0000 1.0000 
0.7138 0.1321 1.0000 0.0000 
0.3710 0.3002 1.0000 0.0000 
0.9247 0.3372 1.0000 0.0000 
0.5446 0.0391 0.0000 1.0000 
0.8799 0.6388 0.0000 1.0000 
0.5747 0.1320 1.0000 0.0000 
0.5401 0.8936 1.0000 0.0000 
0.8709 0.9753 1.0000 0.0000 
0.1427 0.8237 1.0000 0.0000 
0.2425 0.7380 1.0000 0.0000 
0.0222 0.4509 1.0000 0.0000 
0.7361 0.3409 0.0000 1.0000 
0.6264 0.5620 1.0000 0.0000 
0.2658 0.8899 1.0000 0.0000 
0.5934 0.1912 0.0000 1.0000 
0.7149 0.8096 0.0000 1.0000 
0.8240 0.5951 1.0000 0.0000 
0.7217 0.2468 0.0000 1.0000 
0.7612 0.9326 1.0000 0.0000 
0.2925 0.6177 1.0000 0.0000 
0.6903 0.5247 0.0000 1.0000 
0.2462 0.6536 0.0000 1.0000 
0.8949 0.7142 0.0000 1.0000 
0.6065 0.6185 0.0000 1.0000 
0.5317 0.9955 1.0000 0.0000 
0.4495 0.5635 0.0000 1.0000 
0.6520 0.5264 0.0000 1.0000 
0.2322 0.7156 0.0000 1.0000 
0.7579 0.1173 0.0000 1.0000 
0.0977 0.8624 0.0000 1.0000 
0.3176 0.9767 1.0000 0.0000 
0.4387 0.5901 0.0000 1.0000 
0.9244 0.6698 1.0000 0.0000 
0.5292 0.6440 0.0000 1.0000 
0.1109 0.8745 1.0000 0.0000 
0.0186 0.6942 1.0000 0.0000 
0.7784 0.3668 1.0000 0.0000 
0.1073 0.5633 1.0000 0.0000 
0.1324 0.9131 1.0000 0.0000 
0.7783 0.5342 1.0000 0.0000 
0.4862 0.5702 0.0000 1.0000 
0.2322 0.2822 0.0000 1.0000 
0.4940 0.0657 0.0000 1.0000 
0.8861 0.6111 1.0000 0.0000 
0.1440 0.0087 1.0000 0.0000 
0.3078 0.0487 0.0000 1.0000 
0.8764 0.1240 1.0000 0.0000 
0.4239 0.0935 0.0000 1.0000 
0.8076 0.4687 1.0000 0.0000 
0.1090 0.6208 1.0000 0.0000 
0.4976 0.5712 1.0000 0.0000 
0.4713 0.5005 0.0000 1.0000 
0.3211 0.1318 1.0000 0.0000 
0.4917 0.1692 1.0000 0.0000 
0.7379 0.7065 1.0000 0.0000 
0.0770 0.2251 1.0000 0.0000 
0.1522 0.5275 1.0000 0.0000 
0.8132 0.9093 0.0000 1.0000 
0.5766 0.2077 1.0000 0.0000 
0.4547 0.8951 1.0000 0.0000 
0.2775 0.5433 0.0000 1.0000 
0.7507 0.1684 0.0000 1.0000 
0.1793 0.3403 0.0000 1.0000 
0.0797 0.0994 1.0000 0.0000 
0.5318 0.4442 1.0000 0.0000 
0.0305 0.4028 0.0000 1.0000 
0.7682 0.8220 1.0000 0.0000 
0.8310 0.2076 0.0000 1.0000 
0.1618 0.8152 0.0000 1.0000 
0.3275 0.5384 0.0000 1.0000 
0.7632 0.0617 1.0000 0.0000 
0.3108 0.6784 1.0000 0.0000 
0.6171 0.8691 1.0000 0.0000 
0.1690 0.2659 1.0000 0.0000 
0.3381 0.5322 1.0000 0.0000 
0.1782 0.4416 1.0000 0.0000 
0.7363 0.7557 1.0000 0.0000 
0.9655 0.7247 1.0000 0.0000 
0.7457 0.9889 1.0000 0.0000 
0.9210 0.6818 1.0000 0.0000 
0.9109 0.3262 0.0000 1.0000 
0.7327 0.3648 1.0000 0.0000 
0.8788 0.1368 0.0000 1.0000 
0.1933 0.3301 0.0000 1.0000 
0.3880 0.6835 0.0000 1.0000 
0.2390 0.4382 0.0000 1.0000 
0.0004 0.8018 0.0000 1.0000 
0.1150 0.6805 1.0000 0.0000 
0.6347 0.0447 0.0000 1.0000 
0.3994 0.1868 0.0000 1.0000 
0.6746 0.6069 1.0000 0.0000 
0.4021 0.0402 1.0000 0.0000 
0.2230 0.2866 0.0000 1.0000 
0.8559 0.0679 1.0000 0.0000 
0.3104 0.5300 0.0000 1.0000 
0.1166 0.4259 0.0000 1.0000 
0.9443 0.7633 1.0000 0.0000 
0.6648 0.4508 0.0000 1.0000 
0.0055 0.9570 1.0000 0.0000 
0.1601 0.0728 0.0000 1.0000 
0.8507 0.1942 1.0000 0.0000 
0.7791 0.8721 1.0000 0.0000 
0.6528 0.9675 1.0000 0.0000 
0.6361 0.1159 0.0000 1.0000 
0.7809 0.9045 1.0000 0.0000 
0.7822 0.7503 0.0000 1.0000 
0.3370 0.5450 1.0000 0.0000 
0.8662 0.8408 0.0000 1.0000 
0.4780 0.7910 1.0000 0.0000 
0.2430 0.0802 0.0000 1.0000 
0.6130 0.5166 0.0000 1.0000 
0.5904 0.5892 1.0000 0.0000 
0.8671 0.7352 1.0000 0.0000 
0.8588 0.6371 1.0000 0.0000 
0.3735 0.7245 1.0000 0.0000 
0.4190 0.2311 0.0000 1.0000 
0.9314 0.6380 1.0000 0.0000 
0.4368 0.2251 0.0000 1.0000 
0.9190 0.2524 1.0000 0.0000 
0.8822 0.1149 1.0000 0.0000 
0.5370 0.4934 1.0000 0.0000 
0.0759 0.6572 1.0000 0.0000 
0.5223 0.4451 1.0000 0.0000 
0.8960 0.6374 1.0000 0.0000 
0.0660 0.0163 0.0000 1.0000 
0.8176 0.5192 1.0000 0.0000 
0.2115 0.9628 1.0000 0.0000 
0.5936 0.1853 1.0000 0.0000 
0.2920 0.3373 0.0000 1.0000 
0.5857 0.3955 1.0000 0.0000 
0.2809 0.8754 1.0000 0.0000 
0.1038 0.6264 0.0000 1.0000 
0.0778 0.9098 1.0000 0.0000 
0.9643 0.5907 1.0000 0.0000 
0.0678 0.3152 0.0000 1.0000 
0.8398 0.0475 1.0000 0.0000 
0.8075 0.2615 0.0000 1.0000 
0.3299 0.6067 1.0000 0.0000 
0.3447 0.7754 1.0000 0.0000 
0.8205 0.9852 1.0000 0.0000 
0.7896 0.2590 1.0000 0.0000 
0.6267 0.9400 1.0000 0.0000 
0.5678 0.5388 0.0000 1.0000 
0.2178 0.1347 0.0000 1.0000 
0.2843 0.5514 0.0000 1.0000 
0.9511 0.9403 1.0000 0.0000 
0.6914 0.4560 1.0000 0.0000 
0.7209 0.8625 1.0000 0.0000 
0.9697 0.3589 1.0000 0.0000 
0.0420 0.3400 0.0000 1.0000 
0.8823 0.0517 1.0000 0.0000 
0.9390 0.4796 0.0000 1.0000 
0.7593 0.1315 1.0000 0.0000 
0.9472 0.9213 0.0000 1.0000 
0.9847 0.6555 1.0000 0.0000 
0.4213 0.0161 1.0000 0.0000 
0.0606 0.7559 1.0000 0.0000 
0.5938 0.1415 0.0000 1.0000 
0.4498 0.3107 1.0000 0.0000 
0.0359 0.3010 1.0000 0.0000 
0.0322 0.4959 0.0000 1.0000 
0.5025 0.3504 1.0000 0.0000 
0.1340 0.1507 0.0000 1.0000 
0.7633 0.8798 0.0000 1.0000 
0.2400 0.5612 1.0000 0.0000 
0.7066 0.3268 0.0000 1.0000 
0.0413 0.1619 1.0000 0.0000 
0.5614 0.9254 1.0000 0.0000 
0.7957 0.3091 0.0000 1.0000 
0.5113 0.4363 0.0000 1.0000 
0.5816 0.0510 1.0000 0.0000 
0.2959 0.2891 1.0000 0.0000 
0.3026 0.5851 1.0000 0.0000 
0.4774 0.7833 1.0000 0.0000 
0.6477 0.3879 0.0000 1.0000 
0.7771 0.4355 1.0000 0.0000 
0.5560 0.9680 1.0000 0.0000 
0.5285 0.1697 1.0000 0.0000 
0.4505 0.4981 1.0000 0.0000 
0.9248 0.7138 0.0000 1.0000 
0.3833 0.2453 1.0000 0.0000 
0.2057 0.4902 0.0000 1.0000 
0.2629 0.4618 1.0000 0.0000 
0.6293 0.0051 1.0000 0.0000 
0.7480 0.8180 1.0000 0.0000 
0.2298 0.1800 1.0000 0.0000 
0.5063 0.4990 1.0000 0.0000 
0.2983 0.6339 1.0000 0.0000 
0.7573 0.5052 0.0000 1.0000 
0.8527 0.7125 0.0000 1.0000 
0.5188 0.3728 1.0000 0.0000 
0.3487 0.1297 1.0000 0.0000 
0.1789 0.6874 1.0000 0.0000 
0.6636 0.8331 0.0000 1.0000 
0.0683 0.2120 0.0000 1.0000 
0.6447 0.1390 1.0000 0.0000 
0.4662 0.1594 0.0000 1.0000 
0.1401 0.4391 1.0000 0.0000 
0.7703 0.5842 0.0000 1.0000 
0.6097 0.1904 0.0000 1.0000 
0.9553 0.2811 0.0000 1.0000 
0.7996 0.3770 0.0000 1.0000 
0.3797 0.4994 1.0000 0.0000 
0.5544 0.3760 0.0000 1.0000 
0.2714 0.1920 1.0000 0.0000 
0.1259 0.1930 0.0000 1.0000 
0.9070 0.1082 0.0000 1.0000 
0.6263 0.4994 1.0000 0.0000 
0.6666 0.9676 1.0000 0.0000 
0.3224 0.0077 1.0000 0.0000 
0.1613 0.2899 0.0000 1.0000 
0.9343 0.6334 1.0000 0.0000 
0.2274 0.2716 1.0000 0.0000 
0.6097 0.4840 0.0000 1.0000 
0.9626 0.0719 0.0000 1.0000 
0.1209 0.9513 1.0000 0.0000 
0.9845 0.1556 0.0000 1.0000 
0.0262 0.5480 0.0000 1.0000 
0.5351 0.4612 0.0000 1.0000 
0.9451 0.4049 0.0000 1.0000 
0.9515 0.0499 1.0000 0.0000 
0.3307 0.3577 1.0000 0.0000 
0.8759 0.6922 0.0000 1.0000 
0.7739 0.7324 1.0000 0.0000 
0.9892 0.3720 0.0000 1.0000 
0.2692 0.7737 0.0000 1.0000 
0.7966 0.7011 1.0000 0.0000 
0.0367 0.1006 0.0000 1.0000 
0.2041 0.5441 0.0000 1.0000 
0.0838 0.6599 0.0000 1.0000 
0.9708 0.2006 0.0000 1.0000 
0.4672 0.8578 1.0000 0.0000 
0.4001 0.6313 0.0000 1.0000 
0.6970 0.4762 0.0000 1.0000 
0.4287 0.3772 0.0000 1.0000 
0.3577 0.4348 0.0000 1.0000 
0.0878 0.2623 1.0000 0.0000 
0.9530 0.2074 1.0000 0.0000 
0.4421 0.6728 1.0000 0.0000 
0.0776 0.6679 0.0000 1.0000 
0.1822 0.4144 0.0000 1.0000 
0.0574 0.2152 0.0000 1.0000 
0.8879 0.2537 0.0000 1.0000 
0.6881 0.7395 1.0000 0.0000 
0.2271 0.7487 0.0000 1.0000 
0.5104 0.8364 1.0000 0.0000 
0.1816 0.6652 1.0000 0.0000 
0.9150 0.3093 1.0000 0.0000 
0.9088 0.5897 0.0000 1.0000 
0.5256 0.8916 0.0000 1.0000 
0.1602 0.0549 1.0000 0.0000 
0.0146 0.8810 0.0000 1.0000 
0.4128 0.4226 1.0000 0.0000 
0.1255 0.8767 1.0000 0.0000 
0.8056 0.3158 0.0000 1.0000 
0.3644 0.2467 1.0000 0.0000 
0.3757 0.5170 1.0000 0.0000 
0.2789 0.3034 0.0000 1.0000 
0.5927 0.8749 1.0000 0.0000 
0.5133 0.2964 0.0000 1.0000 
0.8277 0.7288 0.0000 1.0000 
0.9080 0.5700 1.0000 0.0000 
0.6850 0.6060 1.0000 0.0000 
0.0105 0.0714 0.0000 1.0000 
0.8376 0.5571 1.0000 0.0000 
0.6050 0.0941 0.0000 1.0000 
0.2561 0.1418 0.0000 1.0000 
0.5740 0.5777 0.0000 1.0000 
0.3389 0.2605 0.0000 1.0000 
0.9020 0.9461 1.0000 0.0000 
0.7457 0.0905 0.0000 1.0000 
0.9978 0.7452 1.0000 0.0000 
0.9703 0.5002 1.0000 0.0000 
0.8965 0.5454 1.0000 0.0000 
0.8279 0.9236 0.0000 1.0000 
0.4562 0.7996 0.0000 1.0000 
0.7575 0.5835 0.0000 1.0000 
0.3661 0.0896 0.0000 1.0000 
0.6514 0.6594 0.0000 1.0000 
0.3640 0.7781 0.0000 1.0000 
0.5339 0.7666 1.0000 0.0000 
0.6319 0.6767 1.0000 0.0000 
0.0122 0.7249 1.0000 0.0000 
0.4507 0.8231 1.0000 0.0000 
0.6385 0.1022 0.0000 1.0000 
0.5416 0.8410 1.0000 0.0000 
0.2328 0.1194 0.0000 1.0000 
0.1288 0.6984 1.0000 0.0000 
0.5776 0.8480 0.0000 1.0000 
0.7092 0.4488 0.0000 1.0000 
0.6848 0.5496 1.0000 0.0000 
0.9976 0.2947 0.0000 1.0000 
0.3387 0.9844 1.0000 0.0000 
0.9710 0.7117 0.0000 1.0000 
0.5611 0.2559 0.0000 1.0000 
0.4262 0.5103 1.0000 0.0000 
0.2670 0.8779 1.0000 0.0000 
0.8687 0.8320 1.0000 0.0000 
0.8658 0.6962 1.0000 0.0000 
0.4883 0.8594 1.0000 0.0000 
0.0250 0.8909 1.0000 0.0000 
0.8562 0.3588 1.0000 0.0000 
0.6585 0.1845 1.0000 0.0000 
0.5603 0.7034 1.0000 0.0000 
0.6586 0.0804 0.0000 1.0000 
0.6389 0.9669 1.0000 0.0000 
0.1675 0.8566 0.0000 1.0000 
0.6632 0.3471 0.0000 1.0000 
0.5046 0.3990 1.0000 0.0000 
0.3784 0.1595 0.0000 1.0000 
0.1769 0.6816 0.0000 1.0000 
0.6292 0.1197 1.0000 0.0000 
0.6306 0.7623 0.0000 1.0000 
0.9174 0.1405 0.0000 1.0000 
0.6202 0.1434 0.0000 1.0000 
0.9701 0.9477 0.0000 1.0000 
0.8615 0.5815 1.0000 0.0000 
0.8106 0.2810 1.0000 0.0000 
0.9339 0.0165 0.0000 1.0000 
0.4344 0.5755 1.0000 0.0000 
0.5603 0.4554 0.0000 1.0000 
0.9364 0.7435 1.0000 0.0000 
0.8281 0.6525 1.0000 0.0000 
0.2728 0.6974 1.0000 0.0000 
0.3249 0.0742 0.0000 1.0000 
0.1948 0.3445 1.0000 0.0000 
0.9888 0.0689 0.0000 1.0000 
0.3150 0.1897 0.0000 1.0000 
0.0553 0.4485 1.0000 0.0000 
0.7723 0.7015 1.0000 0.0000 
0.1456 0.5451 1.0000 0.0000 
0.1586 0.5796 1.0000 0.0000 
0.6184 0.1995 1.0000 0.0000 
0.5032 0.4244 1.0000 0.0000 
0.7849 0.2410 1.0000 0.0000 
0.3519 0.4419 1.0000 0.0000 
0.4845 0.1018 0.0000 1.0000 
0.5054 0.5528 0.0000 1.0000 
0.5943 0.3104 0.0000 1.0000 
0.2590 0.7275 0.0000 1.0000 
0.1700 0.5275 1.0000 0.0000 
0.5267 0.7645 1.0000 0.0000 
0.0216 0.9105 0.0000 1.0000 
0.0599 0.7577 1.0000 0.0000 
0.3224 0.7430 1.0000 0.0000 
0.2571 0.7500 1.0000 0.0000 
0.2891 0.2743 0.0000 1.0000 
0.3845 0.9064 0.0000 1.0000 
0.8718 0.2875 0.0000 1.0000 
0.7363 0.1768 1.0000 0.0000 
0.6826 0.7839 0.0000 1.0000 
0.9504 0.9058 1.0000 0.0000 
0.6748 0.5002 0.0000 1.0000 
0.8879 0.7349 1.0000 0.0000 
0.6288 0.1470 0.0000 1.0000 
0.1060 0.1770 0.0000 1.0000 
0.9069 0.6295 0.0000 1.0000 
0.7726 0.6670 0.0000 1.0000 
0.6043 0.9481 1.0000 0.0000 
0.4555 0.3160 0.0000 1.0000 
0.4038 0.4338 1.0000 0.0000 
0.6196 0.3061 0.0000 1.0000 
0.4519 0.7894 1.0000 0.0000 
0.9533 0.9676 0.0000 1.0000 
0.5314 0.6238 1.0000 0.0000 
0.4232 0.5064 1.0000 0.0000 
0.7393 0.5248 1.0000 0.0000 
0.5205 0.7198 1.0000 0.0000 
0.2624 0.8873 0.0000 1.0000 
0.2295 0.1618 1.0000 0.0000 
0.2436 0.4965 1.0000 0.0000 
0.6574 0.5080 0.0000 1.0000 
0.1844 0.7031 0.0000 1.0000 
0.5884 0.4049 0.0000 1.0000 
0.1937 0.5188 1.0000 0.0000 
0.1465 0.0839 1.0000 0.0000 
0.5578 0.9352 1.0000 0.0000 
0.2725 0.3747 0.0000 1.0000 
0.9971 0.0973 0.0000 1.0000 
0.5170 0.0991 0.0000 1.0000 
0.5063 0.7180 1.0000 0.0000 
0.0457 0.8021 0.0000 1.0000 
0.9571 0.6227 0.0000 1.0000 
0.9688 0.1921 0.0000 1.0000 
0.1546 0.3639 1.0000 0.0000 
0.7610 0.6197 0.0000 1.0000 
0.9307 0.6715 1.0000 0.0000 
0.1548 0.2740 0.0000 1.0000 
0.2454 0.3155 1.0000 0.0000 
0.3020 0.7184 0.0000 1.0000 
0.8643 0.2612 0.0000 1.0000 
0.1758 0.8187 1.0000 0.0000 
0.2114 0.7304 0.0000 1.0000 
0.6290 0.0530 0.0000 1.0000 
0.3241 0.5332 0.0000 1.0000 
0.9354 0.5126 1.0000 0.0000 
0.6701 0.6117 1.0000 0.0000 
0.1767 0.1515 0.0000 1.0000 
0.0387 0.4076 1.0000 0.0000 
0.6881 0.3781 0.0000 1.0000 
0.2160 0.5132 0.0000 1.0000 
0.3040 0.8209 0.0000 1.0000 
0.1704 0.6455 1.0000 0.0000 
0.8141 0.3922 1.0000 0.0000 
0.7732 0.0770 0.0000 1.0000 
0.5513 0.9776 1.0000 0.0000 
0.2007 0.8707 0.0000 1.0000 
0.7120 0.3617 1.0000 0.0000 
0.7669 0.5955 0.0000 1.0000 
0.1668 0.1836 1.0000 0.0000 
0.5002 0.9481 1.0000 0.0000 
0.3544 0.0345 0.0000 1.0000 
0.4107 0.0119 0.0000 1.0000 
0.4197 0.1647 1.0000 0.0000 
0.9209 0.5469 1.0000 0.0000 
0.0151 0.8651 0.0000 1.0000 
0.7461 0.2860 0.0000 1.0000 
0.8916 0.1767 0.0000 1.0000 
0.5869 0.1370 1.0000 0.0000 
0.1563 0.6140 1.0000 0.0000 
0.7251 0.9229 1.0000 0.0000 
0.1522 0.2230 0.0000 1.0000 
0.5004 0.4474 1.0000 0.0000 
0.9591 0.9022 0.0000 1.0000 
0.0614 0.8902 1.0000 0.0000 
0.0900 0.8552 1.0000 0.0000 
0.7352 0.0601 0.0000 1.0000 
0.8306 0.6398 0.0000 1.0000 
0.5052 0.4599 0.0000 1.0000 
0.9939 0.7660 1.0000 0.0000 
0.0123 0.1136 0.0000 1.0000 
0.0161 0.1449 0.0000 1.0000 
0.1408 0.9429 1.0000 0.0000 
0.2645 0.2267 0.0000 1.0000 
0.9889 0.0284 1.0000 0.0000 
0.6151 0.6418 0.0000 1.0000 
0.7639 0.9195 0.0000 1.0000 
0.1759 0.6254 0.0000 1.0000 
0.9188 0.3524 1.0000 0.0000 
0.4777 0.6578 1.0000 0.0000 
0.1763 0.3626 0.0000 1.0000 
0.8305 0.2248 0.0000 1.0000 
0.2049 0.6747 1.0000 0.0000 
0.8690 0.4162 1.0000 0.0000 
0.5544 0.4710 0.0000 1.0000 
0.7974 0.7138 0.0000 1.0000 
0.3455 0.4152 1.0000 0.0000 
0.5643 0.1758 1.0000 0.0000 
0.3484 0.6855 0.0000 1.0000 
0.7107 0.0171 1.0000 0.0000 
0.1205 0.9400 0.0000 1.0000 
0.6387 0.3663 0.0000 1.0000 
0.0020 0.5417 1.0000 0.0000 
0.9352 0.2430 1.0000 0.0000 
0.6794 0.9920 1.0000 0.0000 
0.4004 0.9476 0.0000 1.0000 
0.6581 0.6021 1.0000 0.0000 
0.2935 0.6603 1.0000 0.0000 
0.1822 0.0554 1.0000 0.0000 
0.0711 0.0273 0.0000 1.0000 
0.5742 0.1627 1.0000 0.0000 
0.3286 0.4426 1.0000 0.0000 
0.5077 0.0466 0.0000 1.0000 
0.0696 0.3262 1.0000 0.0000 
0.6490 0.5386 0.0000 1.0000 
0.6168 0.7863 0.0000 1.0000 
0.8474 0.0564 1.0000 0.0000 
0.1611 0.8996 1.0000 0.0000 
0.0361 0.8336 0.0000 1.0000 
0.5177 0.8005 1.0000 0.0000 
0.8239 0.8920 0.0000 1.0000 
0.4412 0.2136 0.0000 1.0000 
0.8444 0.5006 1.0000 0.0000 
0.0763 0.8074 1.0000 0.0000 
0.5349 0.7119 1.0000 0.0000 
0.8652 0.5377 0.0000 1.0000 
0.1086 0.4871 0.0000 1.0000 
0.3842 0.4266 0.0000 1.0000 
0.1845 0.2869 0.0000 1.0000 
0.1632 0.1644 0.0000 1.0000 
0.3220 0.6104 1.0000 0.0000 
0.3015 0.4747 1.0000 0.0000 
0.9807 0.4418 1.0000 0.0000 
0.6806 0.1396 1.0000 0.0000 
0.7284 0.6519 1.0000 0.0000 
0.2697 0.4582 1.0000 0.0000 
0.9116 0.8653 0.0000 1.0000 
0.9749 0.5582 0.0000 1.0000 
0.2874 0.2467 1.0000 0.0000 
0.3254 0.4179 0.0000 1.0000 
0.0592 0.6272 0.0000 1.0000 
0.7597 0.1672 0.0000 1.0000 
0.3415 0.2168 1.0000 0.0000 
0.0269 0.3778 0.0000 1.0000 
0.2704 0.6668 0.0000 1.0000 
0.6231 0.2553 0.0000 1.0000 
0.9921 0.0778 0.0000 1.0000 
0.5411 0.2874 0.0000 1.0000 
0.1006 0.2805 0.0000 1.0000 
0.0698 0.5687 0.0000 1.0000 
0.0516 0.8467 0.0000 1.0000 
0.0338 0.4188 0.0000 1.0000 
0.8003 0.6564 0.0000 1.0000 
0.2369 0.4705 0.0000 1.0000 
0.4746 0.1109 0.0000 1.0000 
0.6109 0.5064 1.0000 0.0000 
0.4396 0.4931 1.0000 0.0000 
0.1397 0.4822 0.0000 1.0000 
0.2790 0.6676 1.0000 0.0000 
0.3174 0.9839 0.0000 1.0000 
0.2372 0.9137 0.0000 1.0000 
0.9273 0.1945 1.0000 0.0000 
0.4717 0.7369 1.0000 0.0000 
0.5051 0.7225 1.0000 0.0000 
0.9665 0.0983 0.0000 1.0000 
0.5995 0.8703 0.0000 1.0000 
0.1369 0.2821 1.0000 0.0000 
0.2015 0.1213 0.0000 1.0000 
0.7973 0.4683 0.0000 1.0000 
0.3740 0.8452 1.0000 0.0000 
0.0143 0.2966 0.0000 1.0000 
0.7514 0.0555 0.0000 1.0000 
0.6939 0.3620 0.0000 1.0000 
0.5666 0.9648 1.0000 0.0000 
0.7082 0.9762 1.0000 0.0000 
0.3543 0.2916 1.0000 0.0000 
0.1762 0.7568 1.0000 0.0000 
0.3082 0.2294 0.0000 1.0000 
0.8293 0.0531 0.0000 1.0000 
0.6296 0.1009 0.0000 1.0000 
0.3666 0.4982 0.0000 1.0000 
0.2336 0.3884 1.0000 0.0000 
0.3813 0.7946 1.0000 0.0000 
0.9337 0.5859 0.0000 1.0000 
0.9384 0.1444 0.0000 1.0000 
0.8869 0.8511 1.0000 0.0000 
0.3558 0.8587 1.0000 0.0000 
0.9424 0.2685 0.0000 1.0000 
0.2219 0.3161 0.0000 1.0000 
0.0559 0.7800 1.0000 0.0000 
0.5321 0.0987 1.0000 0.0000 
0.7202 0.6536 1.0000 0.0000 
0.1908 0.1472 0.0000 1.0000 
0.8306 0.0138 0.0000 1.0000 
0.9878 0.7703 1.0000 0.0000 
0.2771 0.1361 0.0000 1.0000 
0.1057 0.4701 1.0000 0.0000 
0.3345 0.7995 1.0000 0.0000 
0.8806 0.2772 0.0000 1.0000 
0.8165 0.7600 1.0000 0.0000 
0.8752 0.5967 0.0000 1.0000 
0.1295 0.1427 0.0000 1.0000 
0.1264 0.0820 1.0000 0.0000 
0.1965 0.5957 1.0000 0.0000 
0.1179 0.1789 1.0000 0.0000 
0.4406 0.1340 1.0000 0.0000 
0.1726 0.9118 1.0000 0.0000 
0.6448 0.9977 1.0000 0.0000 
0.9004 0.2122 1.0000 0.0000 
0.4437 0.1585 0.0000 1.0000 
0.4688 0.2665 0.0000 1.0000 
0.7215 0.4408 0.0000 1.0000 
0.5847 0.4903 0.0000 1.0000 
0.9198 0.0602 0.0000 1.0000 
0.0108 0.9767 1.0000 0.0000 
0.3856 0.3325 1.0000 0.0000 
0.6789 0.1216 0.0000 1.0000 
0.1254 0.3106 1.0000 0.0000 
0.8643 0.9134 0.0000 1.0000 
0.5587 0.8564 0.0000 1.0000 
0.6572 0.5522 0.0000 1.0000 
0.9707 0.0987 0.0000 1.0000 
0.6037 0.4832 1.0000 0.0000 
0.7214 0.6395 0.0000 1.0000 
0.3754 0.7557 1.0000 0.0000 
0.8276 0.9566 1.0000 0.0000 
0.1450 0.3977 0.0000 1.0000 
0.9057 0.9258 1.0000 0.0000 
0.8144 0.3996 1.0000 0.0000 
0.4520 0.2617 0.0000 1.0000 
0.7318 0.8432 1.0000 0.0000 
0.4071 0.5550 1.0000 0.0000 
0.5740 0.9196 1.0000 0.0000 
0.2882 0.7402 0.0000 1.0000 
0.3586 0.4686 0.0000 1.0000 
0.2342 0.1850 0.0000 1.0000 
0.2332 0.9664 1.0000 0.0000 
0.1304 0.8300 0.0000 1.0000 
0.9775 0.1207 0.0000 1.0000 
0.8762 0.8834 1.0000 0.0000 
0.5554 0.9658 1.0000 0.0000 
0.3154 0.5824 1.0000 0.0000 
0.3399 0.2669 0.0000 1.0000 
0.9122 0.5201 1.0000 0.0000 
0.4623 0.4372 0.0000 1.0000 
0.1011 0.7779 0.0000 1.0000 
0.0598 0.5807 1.0000 0.0000 
0.1886 0.2823 0.0000 1.0000 
0.9817 0.5537 0.0000 1.0000 
0.8127 0.0886 0.0000 1.0000 
0.9250 0.0460 1.0000 0.0000 
0.7518 0.8865 1.0000 0.0000 
0.8757 0.7142 1.0000 0.0000 
0.4411 0.8164 1.0000 0.0000 
0.7303 0.8504 1.0000 0.0000 
0.0596 0.5031 0.0000 1.0000 
0.0262 0.6948 1.0000 0.0000 
0.8524 0.3625 0.0000 1.0000 
0.0144 0.1479 0.0000 1.0000 
0.9062 0.0952 0.0000 1.0000 
0.7221 0.6552 0.0000 1.0000 
0.3757 0.6759 0.0000 1.0000 
0.7466 0.5488 0.0000 1.0000 
0.4018 0.9326 0.0000 1.0000 
0.3639 0.8002 0.0000 1.0000 
0.9959 0.6306 0.0000 1.0000 
0.0266 0.4268 1.0000 0.0000 
0.5813 0.8385 0.0000 1.0000 
0.9423 0.3920 0.0000 1.0000 
0.1791 0.3922 0.0000 1.0000 
0.5942 0.7359 0.0000 1.0000 
0.8766 0.2117 1.0000 0.0000 
0.7155 0.0052 1.0000 0.0000 
0.8101 0.1353 1.0000 0.0000 
0.9785 0.8100 0.0000 1.0000 
0.6808 0.5602 1.0000 0.0000 
0.2174 0.3692 0.0000 1.0000 
0.3804 0.5529 1.0000 0.0000 
0.2307 0.9458 0.0000 1.0000 
0.5386 0.9627 1.0000 0.0000 
0.9534 0.4004 0.0000 1.0000 
0.1208 0.8108 1.0000 0.0000 
0.2308 0.9364 1.0000 0.0000 
0.6198 0.1780 0.0000 1.0000 
0.6517 0.4223 1.0000 0.0000 
0.8321 0.8892 1.0000 0.0000 
0.2410 0.0661 0.0000 1.0000 
0.3487 0.2263 1.0000 0.0000 
0.9772 0.1499 1.0000 0.0000 
0.1004 0.1185 1.0000 0.0000 
0.0913 0.6424 0.0000 1.0000 
0.5474 0.4410 1.0000 0.0000 
0.9847 0.2583 0.0000 1.0000 
0.0706 0.0180 0.0000 1.0000 
0.2344 0.3049 0.0000 1.0000 
0.4571 0.4015 0.0000 1.0000 
0.3463 0.0219 0.0000 1.0000 
0.1880 0.2118 1.0000 0.0000 
0.2014 0.2439 0.0000 1.0000 
0.0761 0.3030 0.0000 1.0000 
0.2609 0.6529 1.0000 0.0000 
0.2986 0.1145 0.0000 1.0000 
0.8842 0.5711 1.0000 0.0000 
0.1425 0.8544 0.0000 1.0000 
0.9314 0.4550 1.0000 0.0000 
0.4985 0.1726 1.0000 0.0000 
0.8596 0.1697 1.0000 0.0000 
0.4303 0.5758 1.0000 0.0000 
0.3367 0.1351 0.0000 1.0000 
0.4533 0.5470 1.0000 0.0000 
0.2452 0.3452 1.0000 0.0000 
0.0363 0.0174 1.0000 0.0000 
0.5045 0.5437 1.0000 0.0000 
0.5735 0.1220 0.0000 1.0000 
0.5960 0.5385 1.0000 0.0000 
0.7878 0.3566 1.0000 0.0000 
0.1176 0.0508 0.0000 1.0000 
0.7556 0.0246 0.0000 1.0000 
0.8025 0.2587 1.0000 0.0000 
0.2907 0.8312 1.0000 0.0000 
0.1614 0.7207 1.0000 0.0000 
0.2930 0.8559 1.0000 0.0000 
0.8764 0.0025 1.0000 0.0000 
0.0430 0.6740 0.0000 1.0000 
0.5045 0.3554 1.0000 0.0000 
0.3682 0.9176 1.0000 0.0000 
0.7098 0.1005 0.0000 1.0000 
0.0486 0.4200 1.0000 0.0000 
0.1731 0.1281 0.0000 1.0000 
0.6705 0.3742 1.0000 0.0000 
0.1124 0.3503 1.0000 0.0000 
0.5738 0.8934 1.0000 0.0000 
0.6922 0.5458 0.0000 1.0000 
0.4118 0.0796 0.0000 1.0000 
0.3251 0.2223 0.0000 1.0000 
0.7014 0.2348 0.0000 1.0000 
0.2988 0.9062 0.0000 1.0000 
0.2426 0.4716 1.0000 0.0000 
0.6472 0.0239 0.0000 1.0000 
0.0141 0.6537 0.0000 1.0000 
0.5119 0.5481 1.0000 0.0000 
0.2020 0.4672 0.0000 1.0000 
0.2536 0.4744 1.0000 0.0000 
0.9101 0.4417 0.0000 1.0000 
0.1950 0.8926 1.0000 0.0000 
0.8454 0.5051 0.0000 1.0000 
