0.3788 0.6917 1.0000 0.0000 
0.1506 0.1457 0.0000 1.0000 
0.0651 0.5519 0.0000 1.0000 
0.8382 0.0445 0.0000 1.0000 
0.5349 0.2906 1.0000 0.0000 
0.7404 0.6593 1.0000 0.0000 
0.2925 0.7600 0.0000 1.0000 
0.2709 0.5944 0.0000 1.0000 
0.6874 0.7425 0.0000 1.0000 
0.0008 0.5546 1.0000 0.0000 
0.5351 0.4803 1.0000 0.0000 
0.8724 0.7696 1.0000 0.0000 
0.8981 0.0534 0.0000 1.0000 
0.3768 0.0841 0.0000 1.0000 
0.8638 0.7125 1.0000 0.0000 
0.5482 0.2882 1.0000 0.0000 
0.6569 0.6025 1.0000 0.0000 
0.2410 0.7647 0.0000 1.0000 
0.8162 0.1819 0.0000 1.0000 
0.0608 0.0173 0.0000 1.0000 
0.9729 0.1159 1.0000 0.0000 
0.7058 0.6620 0.0000 1.0000 
0.4362 0.4453 0.0000 1.0000 
0.7578 0.6604 0.0000 1.0000 
0.8154 0.0759 1.0000 0.0000 
0.7251 0.0519 0.0000 1.0000 
0.6600 0.6544 1.0000 0.0000 
0.3666 0.0636 0.0000 1.0000 
0.5792 0.6758 0.0000 1.0000 
0.7703 0.9014 1.0000 0.0000 
0.4993 0.7042 0.0000 1.0000 
0.5416 0.5777 1.0000 0.0000 
0.7000 0.5839 1.0000 0.0000 
0.2463 0.3888 0.0000 1.0000 
0.6906 0.5355 1.0000 0.0000 
0.2070 0.3717 0.0000 1.0000 
0.7488 0.2566 1.0000 0.0000 
0.6726 0.5278 1.0000 0.0000 
0.6761 0.3178 0.0000 1.0000 
0.5485 0.8371 0.0000 1.0000 
0.7806 0.1792 0.0000 1.0000 
0.0985 0.2987 1.0000 0.0000 
0.4357 0.9662 1.0000 0.0000 
0.9792 0.9488 1.0000 0.0000 
0.4158 0.0251 1.0000 0.0000 
0.6858 0.0410 0.0000 1.0000 
0.6421 0.8651 1.0000 0.0000 
0.5494 0.2600 0.0000 1.0000 
0.1455 0.1707 1.0000 0.0000 
0.3023 0.1806 0.0000 1.0000 
0.0255 0.4455 1.0000 0.0000 
0.5258 0.0603 0.0000 1.0000 
0.9553 0.2879 0.0000 1.0000 
0.5667 0.1630 0.0000 1.0000 
0.8734 0.8582 0.0000 1.0000 
0.1693 0.8357 1.0000 0.0000 
0.4238 0.5370 0.0000 1.0000 
0.6018 0.6119 1.0000 0.0000 
0.4623 0.6493 1.0000 0.0000 
0.3533 0.5145 1.0000 0.0000 
0.3209 0.2118 0.0000 1.0000 
0.4480 0.9974 0.0000 1.0000 
0.6803 0.5390 1.0000 0.0000 
0.5945 0.7895 1.0000 0.0000 
0.7630 0.1329 0.0000 1.0000 
0.2387 0.0957 1.0000 0.0000 
0.0421 0.9408 1.0000 0.0000 
0.8197 0.5503 0.0000 1.0000 
0.6381 0.6840 1.0000 0.0000 
0.9137 0.0261 0.0000 1.0000 
0.4817 0.9802 1.0000 0.0000 
0.5598 0.4539 0.0000 1.0000 
0.9529 0.6406 0.0000 1.0000 
0.8321 0.7751 1.0000 0.0000 
0.2111 0.9723 1.0000 0.0000 
0.7998 0.9657 1.0000 0.0000 
0.4422 0.8275 1.0000 0.0000 
0.4516 0.7481 1.0000 0.0000 
0.1685 0.9642 1.0000 0.0000 
0.0225 0.2198 0.0000 1.0000 
0.7419 0.2324 1.0000 0.0000 
0.8121 0.7104 0.0000 1.0000 
0.2907 0.5359 1.0000 0.0000 
0.7344 0.5427 0.0000 1.0000 
0.2497 0.7056 1.0000 0.0000 
0.8184 0.9485 1.0000 0.0000 
0.5281 0.8844 0.0000 1.0000 
0.6931 0.5304 1.0000 0.0000 
0.5751 0.6664 1.0000 0.0000 
0.4978 0.3576 0.0000 1.0000 
0.7424 0.2361 1.0000 0.0000 
0.1704 0.1984 1.0000 0.0000 
0.3217 0.3896 0.0000 1.0000 
0.4599 0.5762 0.0000 1.0000 
0.9865 0.3307 0.0000 1.0000 
0.0677 0.7025 1.0000 0.0000 
0.4498 0.4839 0.0000 1.0000 
0.6174 0.5152 1.0000 0.0000 
0.2924 0.9334 0.0000 1.0000 
0.1163 0.9021 1.0000 0.0000 
0.2487 0.6570 1.0000 0.0000 
0.7898 0.0536 0.0000 1.0000 
0.9418 0.9285 1.0000 0.0000 
0.5394 0.6877 0.0000 1.0000 
0.3784 0.5289 0.0000 1.0000 
0.6265 0.3041 1.0000 0.0000 
0.5436 0.6523 0.0000 1.0000 
0.3647 0.0277 1.0000 0.0000 
0.9177 0.9433 0.0000 1.0000 
0.1035 0.6192 0.0000 1.0000 
0.8813 0.5428 0.0000 1.0000 
0.0716 0.9026 1.0000 0.0000 
0.7820 0.4789 0.0000 1.0000 
0.1723 0.6975 0.0000 1.0000 
0.0218 0.3803 0.0000 1.0000 
0.9957 0.1405 0.0000 1.0000 
0.2113 0.6972 1.0000 0.0000 
0.5417 0.5651 0.0000 1.0000 
0.8306 0.9237 1.0000 0.0000 
0.3762 0.3330 1.0000 0.0000 
0.9284 0.2846 1.0000 0.0000 
0.9955 0.5491 0.0000 1.0000 
0.0023 0.4666 0.0000 1.0000 
0.8613 0.4367 1.0000 0.0000 
0.5475 0.4596 0.0000 1.0000 
0.7633 0.7525 1.0000 0.0000 
0.0917 0.3832 0.0000 1.0000 
0.8748 0.0532 1.0000 0.0000 
0.2485 0.5819 1.0000 0.0000 
0.2081 0.5068 1.0000 0.0000 
0.6899 0.7404 0.0000 1.0000 
0.5667 0.9441 1.0000 0.0000 
0.7149 0.1074 0.0000 1.0000 
0.9178 0.0699 1.0000 0.0000 
0.7729 0.0095 0.0000 1.0000 
0.5891 0.6453 1.0000 0.0000 
0.2793 0.4489 1.0000 0.0000 
0.5337 0.5865 0.0000 1.0000 
0.8158 0.7740 0.0000 1.0000 
0.2807 0.7880 1.0000 0.0000 
0.9837 0.5099 0.0000 1.0000 
0.6081 0.4347 0.0000 1.0000 
0.2730 0.9033 0.0000 1.0000 
0.3248 0.1624 0.0000 1.0000 
0.9778 0.0839 0.0000 1.0000 
0.3580 0.2191 0.0000 1.0000 
0.2513 0.7283 0.0000 1.0000 
0.1305 0.4841 1.0000 0.0000 
0.7249 0.6799 1.0000 0.0000 
0.0681 0.8065 0.0000 1.0000 
0.6521 0.8516 1.0000 0.0000 
0.5729 0.6063 1.0000 0.0000 
0.2096 0.8797 0.0000 1.0000 
0.0258 0.1013 0.0000 1.0000 
0.4970 0.0433 0.0000 1.0000 
0.4535 0.3530 1.0000 0.0000 
0.0768 0.3024 1.0000 0.0000 
0.6681 0.3618 1.0000 0.0000 
0.7364 0.2266 0.0000 1.0000 
0.3734 0.7662 1.0000 0.0000 
0.1615 0.9323 0.0000 1.0000 
0.6053 0.2176 1.0000 0.0000 
0.8307 0.9303 1.0000 0.0000 
0.5667 0.6136 0.0000 1.0000 
0.3221 0.0083 0.0000 1.0000 
0.6754 0.1232 1.0000 0.0000 
0.4071 0.8515 0.0000 1.0000 
0.3171 0.0298 0.0000 1.0000 
0.0357 0.5074 0.0000 1.0000 
0.1050 0.9157 1.0000 0.0000 
0.0318 0.1846 1.0000 0.0000 
0.0576 0.4737 1.0000 0.0000 
0.3231 0.0073 0.0000 1.0000 
0.7408 0.5416 0.0000 1.0000 
0.4555 0.5507 1.0000 0.0000 
0.2821 0.2013 1.0000 0.0000 
0.0209 0.0143 0.0000 1.0000 
0.7632 0.2414 0.0000 1.0000 
0.4555 0.7476 1.0000 0.0000 
0.1654 0.4340 1.0000 0.0000 
0.5681 0.6076 0.0000 1.0000 
0.9514 0.4939 1.0000 0.0000 
0.3409 0.8022 0.0000 1.0000 
0.9133 0.3036 1.0000 0.0000 
0.2235 0.4249 1.0000 0.0000 
0.8663 0.3306 0.0000 1.0000 
0.2589 0.7619 0.0000 1.0000 
0.6100 0.9731 0.0000 1.0000 
0.1699 0.2364 1.0000 0.0000 
0.0595 0.5474 1.0000 0.0000 
0.2734 0.1757 1.0000 0.0000 
0.4737 0.3379 1.0000 0.0000 
0.8220 0.1015 0.0000 1.0000 
0.4398 0.5733 1.0000 0.0000 
0.2550 0.5155 1.0000 0.0000 
0.5584 0.2676 0.0000 1.0000 
0.6640 0.8746 0.0000 1.0000 
0.5405 0.1980 1.0000 0.0000 
0.0601 0.6591 1.0000 0.0000 
0.1992 0.9560 1.0000 0.0000 
0.3727 0.4761 1.0000 0.0000 
0.7880 0.8824 1.0000 0.0000 
0.6194 0.5313 1.0000 0.0000 
0.3322 0.6810 1.0000 0.0000 
0.3338 0.4610 1.0000 0.0000 
0.5257 0.6268 0.0000 1.0000 
0.4482 0.4893 0.0000 1.0000 
0.2913 0.7021 0.0000 1.0000 
0.0830 0.1053 0.0000 1.0000 
0.1956 0.8826 1.0000 0.0000 
0.2491 0.1571 0.0000 1.0000 
0.3947 0.6509 1.0000 0.0000 
0.9443 0.9286 1.0000 0.0000 
0.7024 0.9989 1.0000 0.0000 
0.6988 0.8047 1.0000 0.0000 
0.5977 0.4239 1.0000 0.0000 
0.5037 0.3101 0.0000 1.0000 
0.1130 0.4487 0.0000 1.0000 
0.6824 0.6833 0.0000 1.0000 
0.0516 0.0275 0.0000 1.0000 
0.6398 0.3552 1.0000 0.0000 
0.9915 0.0823 0.0000 1.0000 
0.8609 0.1447 0.0000 1.0000 
0.4202 0.7359 1.0000 0.0000 
0.7963 0.9895 1.0000 0.0000 
0.5213 0.3506 1.0000 0.0000 
0.3583 0.7582 0.0000 1.0000 
0.2463 0.4620 0.0000 1.0000 
0.3585 0.3714 0.0000 1.0000 
0.8882 0.6319 0.0000 1.0000 
0.0255 0.9827 1.0000 0.0000 
0.3724 0.2873 1.0000 0.0000 
0.8770 0.4232 0.0000 1.0000 
0.9687 0.3331 1.0000 0.0000 
0.1345 0.0478 1.0000 0.0000 
0.1104 0.4707 1.0000 0.0000 
0.4152 0.8919 1.0000 0.0000 
0.6609 0.1845 0.0000 1.0000 
0.9389 0.3803 1.0000 0.0000 
0.3433 0.4766 1.0000 0.0000 
0.0485 0.9495 0.0000 1.0000 
0.0438 0.7613 1.0000 0.0000 
0.6905 0.1286 0.0000 1.0000 
0.1249 0.2705 0.0000 1.0000 
0.3884 0.9943 0.0000 1.0000 
0.0756 0.5401 0.0000 1.0000 
0.0930 0.1225 1.0000 0.0000 
0.6011 0.2070 0.0000 1.0000 
0.6702 0.2801 1.0000 0.0000 
0.4347 0.8605 1.0000 0.0000 
0.7720 0.4174 0.0000 1.0000 
0.9177 0.3214 1.0000 0.0000 
0.1624 0.3332 0.0000 1.0000 
0.0584 0.3115 0.0000 1.0000 
0.5275 0.5723 1.0000 0.0000 
0.9129 0.1667 0.0000 1.0000 
0.7789 0.5220 0.0000 1.0000 
0.0368 0.1641 0.0000 1.0000 
0.7157 0.3029 0.0000 1.0000 
0.6529 0.2529 1.0000 0.0000 
0.9362 0.4144 0.0000 1.0000 
0.9579 0.1559 1.0000 0.0000 
0.3951 0.6637 1.0000 0.0000 
0.0098 0.1690 0.0000 1.0000 
0.5655 0.5282 1.0000 0.0000 
0.1363 0.2676 1.0000 0.0000 
0.2264 0.4790 0.0000 1.0000 
0.8634 0.1153 0.0000 1.0000 
0.2134 0.6160 1.0000 0.0000 
0.8321 0.1779 0.0000 1.0000 
0.1305 0.0852 1.0000 0.0000 
0.2798 0.8474 0.0000 1.0000 
0.8851 0.2495 0.0000 1.0000 
0.4377 0.0821 1.0000 0.0000 
0.7974 0.7262 1.0000 0.0000 
0.9232 0.9888 0.0000 1.0000 
0.7254 0.2604 1.0000 0.0000 
0.4571 0.6878 0.0000 1.0000 
0.0405 0.4992 0.0000 1.0000 
0.1417 0.1675 0.0000 1.0000 
0.8663 0.9688 1.0000 0.0000 
0.5667 0.8051 1.0000 0.0000 
0.2832 0.1830 1.0000 0.0000 
0.3755 0.3632 1.0000 0.0000 
0.0940 0.5128 0.0000 1.0000 
0.9275 0.0666 0.0000 1.0000 
0.9097 0.4213 0.0000 1.0000 
0.7978 0.6739 1.0000 0.0000 
0.8179 0.1856 0.0000 1.0000 
0.8244 0.8880 0.0000 1.0000 
0.7701 0.6538 0.0000 1.0000 
0.2050 0.9736 1.0000 0.0000 
0.4766 0.9493 1.0000 0.0000 
0.9805 0.4046 0.0000 1.0000 
0.4464 0.0369 0.0000 1.0000 
0.4750 0.9823 1.0000 0.0000 
0.4438 0.4367 0.0000 1.0000 
0.8132 0.5335 0.0000 1.0000 
0.5398 0.6639 1.0000 0.0000 
0.5697 0.0923 1.0000 0.0000 
0.0876 0.8244 1.0000 0.0000 
0.3358 0.5886 1.0000 0.0000 
0.6776 0.6104 0.0000 1.0000 
0.2330 0.1859 1.0000 0.0000 
0.4224 0.7520 0.0000 1.0000 
0.7702 0.9725 1.0000 0.0000 
0.1442 0.7699 0.0000 1.0000 
0.0265 0.1212 0.0000 1.0000 
0.6947 0.6846 0.0000 1.0000 
0.3601 0.8611 0.0000 1.0000 
0.4495 0.0333 0.0000 1.0000 
0.4197 0.3583 1.0000 0.0000 
0.1353 0.3422 0.0000 1.0000 
0.3015 0.3598 0.0000 1.0000 
0.8960 0.6413 0.0000 1.0000 
0.2325 0.6028 1.0000 0.0000 
0.8431 0.8910 1.0000 0.0000 
0.0407 0.5115 1.0000 0.0000 
0.5853 0.2296 1.0000 0.0000 
0.6030 0.3482 0.0000 1.0000 
0.3261 0.0237 0.0000 1.0000 
0.3281 0.9995 1.0000 0.0000 
0.7318 0.2031 0.0000 1.0000 
0.6345 0.4034 1.0000 0.0000 
0.3096 0.9301 1.0000 0.0000 
0.6244 0.3226 0.0000 1.0000 
0.6468 0.0963 0.0000 1.0000 
0.1025 0.6192 1.0000 0.0000 
0.0791 0.0792 0.0000 1.0000 
0.9412 0.4607 0.0000 1.0000 
0.1984 0.9141 0.0000 1.0000 
0.7409 0.1055 1.0000 0.0000 
0.2902 0.9414 0.0000 1.0000 
0.5209 0.5921 0.0000 1.0000 
0.4189 0.1714 1.0000 0.0000 
0.2490 0.4299 1.0000 0.0000 
0.2971 0.2160 1.0000 0.0000 
0.3856 0.3182 0.0000 1.0000 
0.8489 0.9171 0.0000 1.0000 
0.4582 0.1320 0.0000 1.0000 
0.1557 0.2992 0.0000 1.0000 
0.2734 0.3032 0.0000 1.0000 
0.2112 0.7967 0.0000 1.0000 
0.8805 0.4583 1.0000 0.0000 
0.5544 0.7298 0.0000 1.0000 
0.2047 0.6929 1.0000 0.0000 
0.4442 0.5825 0.0000 1.0000 
0.1001 0.1372 1.0000 0.0000 
0.0879 0.9501 1.0000 0.0000 
0.8384 0.8559 0.0000 1.0000 
0.3184 0.4702 1.0000 0.0000 
0.3583 0.8355 0.0000 1.0000 
0.7435 0.4034 0.0000 1.0000 
0.7914 0.1187 0.0000 1.0000 
0.2849 0.9629 0.0000 1.0000 
0.2022 0.7355 1.0000 0.0000 
0.3277 0.4842 1.0000 0.0000 
0.7068 0.4694 1.0000 0.0000 
0.3014 0.7547 0.0000 1.0000 
0.7835 0.0799 1.0000 0.0000 
0.9722 0.3851 0.0000 1.0000 
0.3203 0.2147 1.0000 0.0000 
0.8980 0.9207 1.0000 0.0000 
0.0724 0.3491 1.0000 0.0000 
0.8410 0.5528 1.0000 0.0000 
0.9645 0.3504 0.0000 1.0000 
0.8800 0.8056 1.0000 0.0000 
0.9939 0.0060 0.0000 1.0000 
0.6559 0.0433 1.0000 0.0000 
0.2166 0.0882 1.0000 0.0000 
0.1755 0.8755 0.0000 1.0000 
0.0454 0.2031 1.0000 0.0000 
0.9153 0.6479 1.0000 0.0000 
0.5286 0.0254 0.0000 1.0000 
0.7038 0.6193 0.0000 1.0000 
0.4595 0.1040 0.0000 1.0000 
0.3913 0.4914 1.0000 0.0000 
0.7600 0.6453 1.0000 0.0000 
0.6910 0.9481 1.0000 0.0000 
0.1359 0.1772 1.0000 0.0000 
0.4089 0.4123 0.0000 1.0000 
0.4092 0.5272 0.0000 1.0000 
0.4163 0.1748 1.0000 0.0000 
0.6179 0.8037 0.0000 1.0000 
0.2269 0.8719 1.0000 0.0000 
0.3936 0.4742 0.0000 1.0000 
0.1532 0.3359 0.0000 1.0000 
0.2843 0.8180 0.0000 1.0000 
0.5615 0.1669 1.0000 0.0000 
0.1115 0.9837 0.0000 1.0000 
0.5873 0.9752 1.0000 0.0000 
0.7542 0.7665 1.0000 0.0000 
0.1263 0.0342 0.0000 1.0000 
0.1153 0.4834 1.0000 0.0000 
0.2688 0.7848 0.0000 1.0000 
0.2919 0.8458 0.0000 1.0000 
0.7388 0.2177 0.0000 1.0000 
0.4292 0.4434 1.0000 0.0000 
0.8157 0.9439 0.0000 1.0000 
0.8466 0.4900 0.0000 1.0000 
0.9439 0.8414 1.0000 0.0000 
0.6321 0.6228 1.0000 0.0000 
0.4868 0.0703 1.0000 0.0000 
0.4251 0.4310 0.0000 1.0000 
0.7308 0.1034 0.0000 1.0000 
0.4358 0.2717 1.0000 0.0000 
0.6045 0.4217 1.0000 0.0000 
0.7408 0.8223 1.0000 0.0000 
0.0481 0.7061 1.0000 0.0000 
0.3732 0.1877 1.0000 0.0000 
0.2867 0.5122 1.0000 0.0000 
0.6774 0.6248 1.0000 0.0000 
0.8611 0.6252 0.0000 1.0000 
0.0860 0.0230 1.0000 0.0000 
0.6517 0.6355 1.0000 0.0000 
0.5655 0.7516 0.0000 1.0000 
0.5689 0.4278 1.0000 0.0000 
0.8659 0.2303 1.0000 0.0000 
0.8709 0.4928 0.0000 1.0000 
0.1368 0.7162 0.0000 1.0000 
0.5347 0.5107 0.0000 1.0000 
0.7675 0.8564 1.0000 0.0000 
0.4419 0.6021 0.0000 1.0000 
0.4073 0.6143 1.0000 0.0000 
0.8117 0.7831 1.0000 0.0000 
0.6840 0.8601 0.0000 1.0000 
0.8174 0.0557 0.0000 1.0000 
0.2517 0.3075 1.0000 0.0000 
0.5597 0.6931 1.0000 0.0000 
0.1203 0.3582 1.0000 0.0000 
0.0227 0.6593 1.0000 0.0000 
0.2509 0.6345 1.0000 0.0000 
0.0336 0.4665 1.0000 0.0000 
0.2799 0.0645 1.0000 0.0000 
0.3905 0.4864 0.0000 1.0000 
0.3451 0.1033 1.0000 0.0000 
0.1953 0.2878 1.0000 0.0000 
0.7604 0.8413 1.0000 0.0000 
0.9904 0.7428 1.0000 0.0000 
0.5411 0.5026 1.0000 0.0000 
0.0658 0.8948 1.0000 0.0000 
0.7950 0.6498 1.0000 0.0000 
0.6036 0.9205 1.0000 0.0000 
0.7261 0.4499 0.0000 1.0000 
0.6533 0.8885 1.0000 0.0000 
0.4846 0.2971 0.0000 1.0000 
0.5584 0.1128 0.0000 1.0000 
0.0191 0.6424 0.0000 1.0000 
0.0711 0.2044 0.0000 1.0000 
0.9477 0.9517 1.0000 0.0000 
0.3697 0.4574 1.0000 0.0000 
0.2502 0.9254 0.0000 1.0000 
0.8112 0.5481 1.0000 0.0000 
0.5268 0.1952 0.0000 1.0000 
0.2153 0.0423 1.0000 0.0000 
0.6355 0.7390 0.0000 1.0000 
0.8063 0.9785 0.0000 1.0000 
0.6483 0.7478 0.0000 1.0000 
0.2039 0.3993 1.0000 0.0000 
0.1826 0.5582 1.0000 0.0000 
0.5479 0.8080 0.0000 1.0000 
0.6859 0.2689 1.0000 0.0000 
0.6819 0.1224 0.0000 1.0000 
0.1345 0.7747 1.0000 0.0000 
0.2007 0.6059 1.0000 0.0000 
0.4045 0.8685 1.0000 0.0000 
0.8716 0.8599 0.0000 1.0000 
0.9763 0.8620 1.0000 0.0000 
0.1854 0.2892 0.0000 1.0000 
0.7313 0.3787 0.0000 1.0000 
0.0596 0.6174 0.0000 1.0000 
0.3212 0.4673 1.0000 0.0000 
0.8626 0.0699 1.0000 0.0000 
0.9154 0.3169 0.0000 1.0000 
0.9961 0.0975 0.0000 1.0000 
0.1535 0.7913 1.0000 0.0000 
0.7132 0.9103 1.0000 0.0000 
0.6794 0.4002 0.0000 1.0000 
0.2883 0.0594 1.0000 0.0000 
0.0479 0.2087 0.0000 1.0000 
0.6140 0.2212 0.0000 1.0000 
0.3127 0.5084 1.0000 0.0000 
0.1353 0.2716 1.0000 0.0000 
0.8703 0.7740 1.0000 0.0000 
0.9539 0.8855 0.0000 1.0000 
0.4354 0.2052 1.0000 0.0000 
0.6763 0.1148 1.0000 0.0000 
0.6891 0.7995 1.0000 0.0000 
0.2783 0.6930 1.0000 0.0000 
0.9609 0.3395 1.0000 0.0000 
0.9589 0.3406 0.0000 1.0000 
0.0539 0.8285 1.0000 0.0000 
0.3265 0.9441 1.0000 0.0000 
0.7470 0.1599 0.0000 1.0000 
0.0382 0.3568 0.0000 1.0000 
0.1568 0.7536 1.0000 0.0000 
0.1291 0.3378 1.0000 0.0000 
0.0095 0.9400 1.0000 0.0000 
0.6198 0.0639 0.0000 1.0000 
0.8535 0.1926 1.0000 0.0000 
0.2984 0.2336 1.0000 0.0000 
0.4230 0.2437 1.0000 0.0000 
0.3882 0.6564 0.0000 1.0000 
0.1538 0.2755 1.0000 0.0000 
0.2278 0.2373 1.0000 0.0000 
0.6068 0.6009 1.0000 0.0000 
0.7135 0.0154 0.0000 1.0000 
0.4914 0.8964 1.0000 0.0000 
0.7726 0.6723 0.0000 1.0000 
0.5031 0.5946 1.0000 0.0000 
0.7598 0.5902 1.0000 0.0000 
0.1123 0.7662 1.0000 0.0000 
0.6490 0.5932 0.0000 1.0000 
0.0769 0.7550 1.0000 0.0000 
0.3604 0.4234 0.0000 1.0000 
0.0621 0.6741 1.0000 0.0000 
0.8155 0.4319 0.0000 1.0000 
0.3842 0.0599 0.0000 1.0000 
0.6498 0.9530 0.0000 1.0000 
0.9586 0.3595 0.0000 1.0000 
0.8407 0.5928 1.0000 0.0000 
0.0849 0.5757 1.0000 0.0000 
0.5125 0.5141 0.0000 1.0000 
0.8610 0.2233 0.0000 1.0000 
0.9321 0.6830 1.0000 0.0000 
0.0382 0.5077 1.0000 0.0000 
0.2273 0.5670 1.0000 0.0000 
0.7425 0.0433 0.0000 1.0000 
0.8933 0.5188 0.0000 1.0000 
0.6990 0.0761 0.0000 1.0000 
0.5262 0.5532 1.0000 0.0000 
0.9119 0.2469 1.0000 0.0000 
0.9779 0.4008 0.0000 1.0000 
0.7841 0.0797 1.0000 0.0000 
0.0321 0.4691 0.0000 1.0000 
0.2267 0.8369 1.0000 0.0000 
0.3103 0.9720 0.0000 1.0000 
0.5576 0.6490 0.0000 1.0000 
0.7283 0.6221 1.0000 0.0000 
0.1823 0.6357 1.0000 0.0000 
0.2913 0.3796 0.0000 1.0000 
0.9786 0.6446 0.0000 1.0000 
0.0540 0.6325 0.0000 1.0000 
0.3596 0.2640 1.0000 0.0000 
0.2063 0.0919 0.0000 1.0000 
0.6756 0.9192 0.0000 1.0000 
0.3064 0.4319 1.0000 0.0000 
0.3590 0.2791 1.0000 0.0000 
0.7668 0.8684 1.0000 0.0000 
0.4374 0.5188 1.0000 0.0000 
0.8434 0.4172 0.0000 1.0000 
0.2704 0.3795 1.0000 0.0000 
0.9901 0.2949 0.0000 1.0000 
0.3468 0.0808 1.0000 0.0000 
0.8031 0.1164 1.0000 0.0000 
0.5214 0.6069 1.0000 0.0000 
0.1261 0.7918 1.0000 0.0000 
0.3285 0.4416 0.0000 1.0000 
0.0885 0.1168 1.0000 0.0000 
0.5974 0.9309 1.0000 0.0000 
0.5416 0.6608 1.0000 0.0000 
0.8881 0.4840 0.0000 1.0000 
0.0858 0.8065 1.0000 0.0000 
0.5459 0.8944 0.0000 1.0000 
0.9949 0.9301 0.0000 1.0000 
0.2924 0.8696 0.0000 1.0000 
0.2497 0.4689 1.0000 0.0000 
0.3097 0.0074 1.0000 0.0000 
0.3905 0.4902 0.0000 1.0000 
0.5964 0.2089 1.0000 0.0000 
0.3952 0.7451 1.0000 0.0000 
0.4811 0.7255 1.0000 0.0000 
0.0836 0.0288 1.0000 0.0000 
0.4671 0.3284 1.0000 0.0000 
0.0752 0.5996 1.0000 0.0000 
0.1779 0.3101 1.0000 0.0000 
0.9138 0.2729 0.0000 1.0000 
0.4925 0.1748 1.0000 0.0000 
0.0602 0.7193 0.0000 1.0000 
0.1720 0.7670 1.0000 0.0000 
0.6174 0.1791 1.0000 0.0000 
0.9036 0.4558 0.0000 1.0000 
0.2736 0.2477 0.0000 1.0000 
0.7572 0.3160 0.0000 1.0000 
0.8880 0.7244 0.0000 1.0000 
0.7887 0.4724 1.0000 0.0000 
0.3697 0.1206 0.0000 1.0000 
0.9696 0.7979 1.0000 0.0000 
0.4440 0.6717 1.0000 0.0000 
0.3349 0.1150 0.0000 1.0000 
0.5439 0.9821 1.0000 0.0000 
0.5533 0.0274 0.0000 1.0000 
0.5961 0.4429 0.0000 1.0000 
0.4159 0.5427 1.0000 0.0000 
0.8939 0.3105 1.0000 0.0000 
0.1891 0.2800 0.0000 1.0000 
0.5498 0.0807 0.0000 1.0000 
0.2642 0.1374 0.0000 1.0000 
0.2874 0.0560 0.0000 1.0000 
0.5810 0.6073 0.0000 1.0000 
0.5316 0.9314 1.0000 0.0000 
0.4168 0.9311 1.0000 0.0000 
0.4424 0.6203 1.0000 0.0000 
0.2005 0.8625 1.0000 0.0000 
0.5548 0.9828 0.0000 1.0000 
0.6552 0.7612 1.0000 0.0000 
0.9198 0.2860 1.0000 0.0000 
0.7873 0.0941 1.0000 0.0000 
0.1431 0.6790 0.0000 1.0000 
0.4184 0.0793 1.0000 0.0000 
0.8869 0.7390 0.0000 1.0000 
0.7601 0.8011 1.0000 0.0000 
0.0848 0.8158 0.0000 1.0000 
0.1077 0.9071 1.0000 0.0000 
0.4087 0.5416 0.0000 1.0000 
0.9223 0.7151 1.0000 0.0000 
0.0357 0.1886 1.0000 0.0000 
0.6570 0.0290 0.0000 1.0000 
0.6361 0.1253 1.0000 0.0000 
0.6267 0.8292 0.0000 1.0000 
0.5437 0.5730 1.0000 0.0000 
0.9940 0.3466 1.0000 0.0000 
0.0795 0.0111 0.0000 1.0000 
0.4410 0.9841 1.0000 0.0000 
0.2354 0.0742 0.0000 1.0000 
0.9092 0.6577 0.0000 1.0000 
0.8043 0.0017 0.0000 1.0000 
0.6864 0.6045 1.0000 0.0000 
0.2874 0.1083 1.0000 0.0000 
0.9058 0.6745 0.0000 1.0000 
0.3236 0.0171 0.0000 1.0000 
0.2622 0.2371 0.0000 1.0000 
0.8335 0.6730 1.0000 0.0000 
0.4290 0.7736 0.0000 1.0000 
0.1703 0.7037 0.0000 1.0000 
0.9631 0.6751 0.0000 1.0000 
0.4869 0.1682 1.0000 0.0000 
0.4733 0.8026 0.0000 1.0000 
0.8282 0.4725 0.0000 1.0000 
0.8907 0.1816 0.0000 1.0000 
0.0685 0.5145 1.0000 0.0000 
0.4028 0.4873 1.0000 0.0000 
0.6261 0.8811 0.0000 1.0000 
0.3071 0.0150 0.0000 1.0000 
0.4843 0.4789 0.0000 1.0000 
0.2352 0.4846 0.0000 1.0000 
0.5270 0.7541 0.0000 1.0000 
0.7572 0.0542 0.0000 1.0000 
0.6486 0.0542 1.0000 0.0000 
0.2286 0.8968 0.0000 1.0000 
0.3179 0.9289 1.0000 0.0000 
0.1003 0.9816 1.0000 0.0000 
0.9878 0.0677 0.0000 1.0000 
0.9837 0.4693 0.0000 1.0000 
0.6826 0.9715 0.0000 1.0000 
0.0213 0.4757 0.0000 1.0000 
0.2321 0.6644 0.0000 1.0000 
0.7879 0.8466 0.0000 1.0000 
0.4171 0.3033 0.0000 1.0000 
0.6614 0.5383 1.0000 0.0000 
0.2143 0.1194 0.0000 1.0000 
0.2233 0.6025 1.0000 0.0000 
0.2497 0.6465 1.0000 0.0000 
0.0645 0.2884 1.0000 0.0000 
0.1144 0.9588 0.0000 1.0000 
0.8934 0.1800 0.0000 1.0000 
0.9132 0.9987 1.0000 0.0000 
0.5342 0.3620 0.0000 1.0000 
0.8878 0.1472 0.0000 1.0000 
0.4873 0.4083 0.0000 1.0000 
0.1001 0.1300 0.0000 1.0000 
0.2637 0.1626 0.0000 1.0000 
0.7593 0.1285 1.0000 0.0000 
0.2514 0.6594 1.0000 0.0000 
0.5691 0.6103 0.0000 1.0000 
0.9246 0.6393 0.0000 1.0000 
0.9003 0.5663 1.0000 0.0000 
0.2909 0.8112 1.0000 0.0000 
0.4428 0.2350 0.0000 1.0000 
0.4319 0.7289 1.0000 0.0000 
0.7516 0.4884 0.0000 1.0000 
0.8109 0.1790 0.0000 1.0000 
0.8868 0.2285 0.0000 1.0000 
0.4500 0.6652 1.0000 0.0000 
0.1252 0.1426 1.0000 0.0000 
0.1282 0.5425 1.0000 0.0000 
0.9092 0.3575 0.0000 1.0000 
0.5558 0.5483 1.0000 0.0000 
0.6483 0.2116 0.0000 1.0000 
0.7854 0.9137 0.0000 1.0000 
0.2704 0.9824 0.0000 1.0000 
0.4326 0.2759 0.0000 1.0000 
0.8973 0.7510 0.0000 1.0000 
0.5661 0.2091 0.0000 1.0000 
0.6522 0.7482 1.0000 0.0000 
0.9385 0.5626 1.0000 0.0000 
0.3273 0.4687 1.0000 0.0000 
0.5278 0.8304 1.0000 0.0000 
0.0671 0.7109 1.0000 0.0000 
0.2374 0.9456 1.0000 0.0000 
0.3944 0.3735 0.0000 1.0000 
0.9125 0.8182 0.0000 1.0000 
0.7524 0.8018 1.0000 0.0000 
0.9188 0.8738 1.0000 0.0000 
0.5024 0.1218 0.0000 1.0000 
0.6813 0.5464 0.0000 1.0000 
0.7398 0.6094 0.0000 1.0000 
0.1300 0.4057 1.0000 0.0000 
0.5337 0.6296 1.0000 0.0000 
0.4766 0.9185 0.0000 1.0000 
0.1640 0.4638 1.0000 0.0000 
0.6444 0.3215 0.0000 1.0000 
0.6091 0.6290 1.0000 0.0000 
0.6028 0.9006 0.0000 1.0000 
0.5780 0.3067 1.0000 0.0000 
0.3739 0.8845 0.0000 1.0000 
0.6680 0.8669 1.0000 0.0000 
0.4214 0.7254 1.0000 0.0000 
0.2375 0.9792 0.0000 1.0000 
0.6235 0.5631 1.0000 0.0000 
0.1488 0.8882 1.0000 0.0000 
0.2206 0.4139 0.0000 1.0000 
0.5313 0.6110 0.0000 1.0000 
0.6932 0.2562 1.0000 0.0000 
0.0690 0.1230 0.0000 1.0000 
0.8702 0.2616 0.0000 1.0000 
0.2467 0.8765 0.0000 1.0000 
0.2569 0.1756 0.0000 1.0000 
0.8784 0.4130 0.0000 1.0000 
0.2571 0.2840 0.0000 1.0000 
0.6578 0.4284 1.0000 0.0000 
0.6624 0.9514 0.0000 1.0000 
0.0093 0.0905 0.0000 1.0000 
0.8901 0.7027 1.0000 0.0000 
0.1879 0.2723 0.0000 1.0000 
0.7217 0.2209 0.0000 1.0000 
0.8489 0.0765 1.0000 0.0000 
0.8649 0.9436 1.0000 0.0000 
0.1234 0.9773 0.0000 1.0000 
0.7397 0.8820 0.0000 1.0000 
0.7449 0.4310 1.0000 0.0000 
0.1420 0.1276 1.0000 0.0000 
0.2100 0.4148 0.0000 1.0000 
0.0998 0.4689 1.0000 0.0000 
0.4175 0.9372 0.0000 1.0000 
0.7853 0.0948 0.0000 1.0000 
0.8989 0.9932 1.0000 0.0000 
0.6350 0.2528 1.0000 0.0000 
0.1166 0.7336 1.0000 0.0000 
0.3699 0.4624 1.0000 0.0000 
0.5339 0.5144 1.0000 0.0000 
0.9485 0.8435 0.0000 1.0000 
0.5762 0.8737 1.0000 0.0000 
0.4029 0.6697 1.0000 0.0000 
0.0520 0.2089 1.0000 0.0000 
0.2375 0.4754 0.0000 1.0000 
0.3727 0.8240 0.0000 1.0000 
0.7541 0.7601 0.0000 1.0000 
0.0467 0.8965 1.0000 0.0000 
0.9859 0.8238 1.0000 0.0000 
0.9529 0.2008 0.0000 1.0000 
0.7936 0.9724 1.0000 0.0000 
0.0127 0.5717 0.0000 1.0000 
0.3960 0.7812 1.0000 0.0000 
0.9536 0.0237 0.0000 1.0000 
0.0648 0.6998 1.0000 0.0000 
0.5435 0.5871 1.0000 0.0000 
0.5002 0.3392 0.0000 1.0000 
0.4356 0.3524 0.0000 1.0000 
0.9496 0.3847 0.0000 1.0000 
0.8441 0.6051 0.0000 1.0000 
0.4707 0.5214 0.0000 1.0000 
0.8268 0.2002 0.0000 1.0000 
0.6644 0.3511 0.0000 1.0000 
0.0292 0.2112 1.0000 0.0000 
0.4069 0.8330 1.0000 0.0000 
0.2550 0.2348 0.0000 1.0000 
0.0339 0.9485 0.0000 1.0000 
0.2181 0.9663 1.0000 0.0000 
0.0627 0.9335 1.0000 0.0000 
0.5120 0.7163 1.0000 0.0000 
0.0859 0.7022 0.0000 1.0000 
0.1819 0.0108 0.0000 1.0000 
0.4446 0.2642 0.0000 1.0000 
0.4987 0.8483 0.0000 1.0000 
0.4242 0.1560 0.0000 1.0000 
0.2157 0.0514 0.0000 1.0000 
0.9510 0.8143 1.0000 0.0000 
0.8881 0.0641 0.0000 1.0000 
0.6445 0.4318 0.0000 1.0000 
0.9996 0.8496 0.0000 1.0000 
0.2251 0.4034 0.0000 1.0000 
0.0542 0.5647 1.0000 0.0000 
0.5280 0.9596 1.0000 0.0000 
0.9019 0.5122 0.0000 1.0000 
0.4140 0.8233 1.0000 0.0000 
0.5342 0.6238 0.0000 1.0000 
0.8151 0.2654 0.0000 1.0000 
0.2300 0.3251 0.0000 1.0000 
0.7150 0.9229 1.0000 0.0000 
0.9873 0.9634 0.0000 1.0000 
0.0396 0.6132 1.0000 0.0000 
0.5895 0.7774 1.0000 0.0000 
0.1030 0.0000 0.0000 1.0000 
0.1340 0.4110 1.0000 0.0000 
0.7322 0.4143 1.0000 0.0000 
0.8371 0.8270 1.0000 0.0000 
0.1298 0.2430 0.0000 1.0000 
0.3867 0.2166 0.0000 1.0000 
0.1144 0.6150 1.0000 0.0000 
0.6262 0.8463 1.0000 0.0000 
0.9516 0.5371 0.0000 1.0000 
0.8304 0.4074 0.0000 1.0000 
0.3181 0.7388 1.0000 0.0000 
0.7021 0.9580 0.0000 1.0000 
0.5507 0.6188 1.0000 0.0000 
0.4263 0.3183 0.0000 1.0000 
0.5230 0.7245 1.0000 0.0000 
0.8026 0.3984 0.0000 1.0000 
0.7246 0.9846 1.0000 0.0000 
0.6104 0.1876 0.0000 1.0000 
0.0235 0.6249 0.0000 1.0000 
0.0156 0.5886 1.0000 0.0000 
0.7258 0.5441 1.0000 0.0000 
0.7002 0.2957 0.0000 1.0000 
0.0961 0.9394 0.0000 1.0000 
0.3831 0.0333 0.0000 1.0000 
0.9006 0.8973 0.0000 1.0000 
0.9502 0.3194 0.0000 1.0000 
0.8860 0.9362 1.0000 0.0000 
0.4291 0.3580 0.0000 1.0000 
0.5709 0.1961 0.0000 1.0000 
0.5792 0.1524 0.0000 1.0000 
0.1666 0.8084 0.0000 1.0000 
0.9558 0.5605 0.0000 1.0000 
0.5592 0.8347 1.0000 0.0000 
0.3382 0.6986 0.0000 1.0000 
0.5318 0.7805 1.0000 0.0000 
0.6399 0.9734 0.0000 1.0000 
0.5028 0.9899 1.0000 0.0000 
0.6256 0.8585 0.0000 1.0000 
0.8888 0.5469 0.0000 1.0000 
0.3079 0.7658 1.0000 0.0000 
0.3919 0.9211 0.0000 1.0000 
0.9286 0.3531 0.0000 1.0000 
0.5086 0.0214 0.0000 1.0000 
0.8569 0.2486 0.0000 1.0000 
0.5223 0.8970 1.0000 0.0000 
0.7791 0.4256 0.0000 1.0000 
0.1766 0.6317 1.0000 0.0000 
0.7363 0.7244 0.0000 1.0000 
0.2695 0.9143 1.0000 0.0000 
0.5342 0.5107 0.0000 1.0000 
0.0708 0.8086 0.0000 1.0000 
0.2263 0.0673 0.0000 1.0000 
0.6719 0.9838 1.0000 0.0000 
0.7204 0.9378 1.0000 0.0000 
0.3744 0.2955 0.0000 1.0000 
0.5415 0.0259 0.0000 1.0000 
0.2900 0.7730 0.0000 1.0000 
0.6152 0.9477 1.0000 0.0000 
0.3491 0.8182 0.0000 1.0000 
0.1242 0.0444 1.0000 0.0000 
0.0905 0.5195 0.0000 1.0000 
0.1203 0.8860 1.0000 0.0000 
0.5332 0.0776 0.0000 1.0000 
0.5565 0.0733 0.0000 1.0000 
0.8587 0.5084 0.0000 1.0000 
0.7024 0.4690 0.0000 1.0000 
0.8628 0.9678 1.0000 0.0000 
0.4228 0.4746 1.0000 0.0000 
0.2451 0.2540 0.0000 1.0000 
0.4090 0.0889 0.0000 1.0000 
0.0890 0.3145 0.0000 1.0000 
0.3972 0.3112 0.0000 1.0000 
0.6042 0.9095 0.0000 1.0000 
0.0431 0.6720 1.0000 0.0000 
0.1325 0.3861 1.0000 0.0000 
0.6294 0.8901 1.0000 0.0000 
0.9317 0.0906 1.0000 0.0000 
0.2430 0.9665 1.0000 0.0000 
0.0254 0.8700 1.0000 0.0000 
0.7203 0.2674 0.0000 1.0000 
0.8014 0.2062 0.0000 1.0000 
0.7813 0.1634 1.0000 0.0000 
0.3345 0.6954 0.0000 1.0000 
0.2395 0.0428 0.0000 1.0000 
0.1113 0.6397 1.0000 0.0000 
0.9226 0.5298 1.0000 0.0000 
0.6271 0.4839 0.0000 1.0000 
0.9901 0.8624 0.0000 1.0000 
0.2942 0.4526 0.0000 1.0000 
0.6696 0.5346 0.0000 1.0000 
0.3896 0.0019 1.0000 0.0000 
0.1265 0.6444 1.0000 0.0000 
0.0773 0.6926 1.0000 0.0000 
0.7171 0.5581 1.0000 0.0000 
0.4655 0.8605 1.0000 0.0000 
0.6037 0.4739 0.0000 1.0000 
0.5450 0.3079 0.0000 1.0000 
0.1758 0.6884 0.0000 1.0000 
0.9497 0.8070 1.0000 0.0000 
0.8157 0.5176 0.0000 1.0000 
0.1836 0.1357 1.0000 0.0000 
0.3337 0.4028 0.0000 1.0000 
0.4979 0.0940 0.0000 1.0000 
0.3792 0.3055 0.0000 1.0000 
0.7364 0.4164 1.0000 0.0000 
0.9680 0.7454 0.0000 1.0000 
0.5557 0.6978 1.0000 0.0000 
0.4555 0.6837 1.0000 0.0000 
0.4702 0.9008 1.0000 0.0000 
0.2710 0.6316 1.0000 0.0000 
0.6012 0.9349 0.0000 1.0000 
0.0529 0.8345 0.0000 1.0000 
0.3708 0.4900 1.0000 0.0000 
0.0679 0.7107 1.0000 0.0000 
0.2223 0.4430 0.0000 1.0000 
0.0057 0.2533 0.0000 1.0000 
0.4428 0.0208 0.0000 1.0000 
0.7033 0.3696 1.0000 0.0000 
0.7166 0.7252 1.0000 0.0000 
0.3551 0.8162 1.0000 0.0000 
0.5962 0.4252 1.0000 0.0000 
0.6597 0.1359 1.0000 0.0000 
0.2172 0.1969 1.0000 0.0000 
0.9255 0.2599 1.0000 0.0000 
0.5783 0.5226 0.0000 1.0000 
0.4963 0.8301 1.0000 0.0000 
0.3943 0.9465 1.0000 0.0000 
0.5333 0.5375 1.0000 0.0000 
0.1432 0.4376 0.0000 1.0000 
0.1361 0.8976 1.0000 0.0000 
0.1395 0.0497 1.0000 0.0000 
0.4947 0.0192 1.0000 0.0000 
0.3423 0.8763 0.0000 1.0000 
0.4467 0.9622 1.0000 0.0000 
0.9209 0.6085 1.0000 0.0000 
0.5310 0.7617 1.0000 0.0000 
0.3824 0.1831 1.0000 0.0000 
0.6630 0.8418 1.0000 0.0000 
0.5938 0.2475 1.0000 0.0000 
0.2008 0.6904 0.0000 1.0000 
0.5839 0.7405 1.0000 0.0000 
0.6440 0.6998 1.0000 0.0000 
0.7380 0.8554 0.0000 1.0000 
0.7970 0.6376 1.0000 0.0000 
0.0823 0.4661 0.0000 1.0000 
0.2934 0.0546 0.0000 1.0000 
0.8052 0.7557 1.0000 0.0000 
0.2135 0.6046 1.0000 0.0000 
0.7483 0.7167 1.0000 0.0000 
0.6653 0.8992 1.0000 0.0000 
0.5149 0.8071 1.0000 0.0000 
0.6311 0.8830 0.0000 1.0000 
0.9213 0.2174 0.0000 1.0000 
0.9879 0.6918 1.0000 0.0000 
0.9016 0.6185 1.0000 0.0000 
0.7701 0.2127 0.0000 1.0000 
0.4992 0.6549 0.0000 1.0000 
0.9630 0.3047 0.0000 1.0000 
0.3469 0.4050 1.0000 0.0000 
0.3116 0.5010 1.0000 0.0000 
0.4603 0.9116 0.0000 1.0000 
0.6194 0.1166 0.0000 1.0000 
0.4545 0.0923 1.0000 0.0000 
0.5816 0.8084 1.0000 0.0000 
0.5325 0.8423 1.0000 0.0000 
0.8936 0.1145 0.0000 1.0000 
0.4540 0.5303 1.0000 0.0000 
0.0599 0.6901 0.0000 1.0000 
0.1744 0.8444 0.0000 1.0000 
0.6430 0.7055 0.0000 1.0000 
0.6865 0.7613 1.0000 0.0000 
0.5605 0.1309 0.0000 1.0000 
0.3002 0.4991 0.0000 1.0000 
0.1806 0.1384 0.0000 1.0000 
0.9646 0.2014 0.0000 1.0000 
0.7945 0.8975 1.0000 0.0000 
0.4980 0.6608 0.0000 1.0000 
0.1057 0.6147 0.0000 1.0000 
0.5687 0.8398 0.0000 1.0000 
0.7722 0.2129 1.0000 0.0000 
0.4455 0.6313 0.0000 1.0000 
0.6461 0.7882 1.0000 0.0000 
0.6128 0.3169 1.0000 0.0000 
0.9450 0.1808 0.0000 1.0000 
0.5019 0.3482 0.0000 1.0000 
0.9038 0.0767 0.0000 1.0000 
0.9117 0.0476 0.0000 1.0000 
0.6427 0.0631 1.0000 0.0000 
0.7238 0.1724 1.0000 0.0000 
0.5426 0.6397 1.0000 0.0000 
0.1535 0.7823 0.0000 1.0000 
0.8396 0.8568 0.0000 1.0000 
0.6938 0.8227 0.0000 1.0000 
0.7314 0.7927 1.0000 0.0000 
0.6115 0.0569 0.0000 1.0000 
0.6956 0.3909 0.0000 1.0000 
0.7279 0.5970 1.0000 0.0000 
0.7290 0.9711 1.0000 0.0000 
0.5425 0.6265 0.0000 1.0000 
0.9306 0.3434 1.0000 0.0000 
0.0525 0.3544 0.0000 1.0000 
0.2068 0.6730 0.0000 1.0000 
0.8303 0.5295 1.0000 0.0000 
0.0978 0.4026 0.0000 1.0000 
0.9288 0.1992 0.0000 1.0000 
0.6046 0.6615 1.0000 0.0000 
0.2451 0.1169 1.0000 0.0000 
0.9241 0.3478 1.0000 0.0000 
0.2975 0.5289 0.0000 1.0000 
0.8628 0.4492 0.0000 1.0000 
0.9513 0.3108 0.0000 1.0000 
0.8419 0.0950 0.0000 1.0000 
0.2653 0.1044 1.0000 0.0000 
0.0361 0.8024 1.0000 0.0000 
0.9457 0.0924 0.0000 1.0000 
0.6476 0.6328 1.0000 0.0000 
0.7372 0.9763 1.0000 0.0000 
0.0079 0.6956 1.0000 0.0000 
0.1701 0.8196 1.0000 0.0000 
0.4290 0.7819 0.0000 1.0000 
0.4448 0.2471 0.0000 1.0000 
0.6770 0.9064 1.0000 0.0000 
0.8349 0.7443 1.0000 0.0000 
0.0494 0.0188 0.0000 1.0000 
0.8801 0.7947 1.0000 0.0000 
0.0914 0.6730 1.0000 0.0000 
0.8698 0.7481 1.0000 0.0000 
0.0792 0.3501 0.0000 1.0000 
0.5182 0.3647 0.0000 1.0000 
0.5203 0.6976 0.0000 1.0000 
0.6310 0.5436 1.0000 0.0000 
0.2442 0.5668 1.0000 0.0000 
0.4002 0.3989 0.0000 1.0000 
0.6504 0.2382 0.0000 1.0000 
0.6961 0.7924 0.0000 1.0000 
0.7011 0.2271 0.0000 1.0000 
0.0713 0.0360 0.0000 1.0000 
0.1929 0.2502 0.0000 1.0000 
0.5690 0.2637 0.0000 1.0000 
0.3169 0.1679 0.0000 1.0000 
0.6461 0.0714 0.0000 1.0000 
0.1823 0.4767 0.0000 1.0000 
0.0109 0.5900 0.0000 1.0000 
0.1152 0.0031 1.0000 0.0000 
0.2314 0.1410 0.0000 1.0000 
0.3982 0.9628 0.0000 1.0000 
0.9038 0.5760 0.0000 1.0000 
0.6550 0.0996 1.0000 0.0000 
0.9477 0.5448 1.0000 0.0000 
0.0628 0.4953 1.0000 0.0000 
0.9503 0.2066 1.0000 0.0000 
0.9834 0.0512 0.0000 1.0000 
0.6768 0.4660 0.0000 1.0000 
0.3408 0.9462 1.0000 0.0000 
0.8486 0.4601 1.0000 0.0000 
0.6018 0.7586 1.0000 0.0000 
0.3828 0.7513 0.0000 1.0000 
0.9726 0.7423 1.0000 0.0000 
0.2483 0.0289 0.0000 1.0000 
0.8103 0.6180 0.0000 1.0000 
0.5464 0.1392 0.0000 1.0000 
0.1244 0.5495 1.0000 0.0000 
0.4521 0.3073 0.0000 1.0000 
0.2774 0.1926 0.0000 1.0000 
0.4152 0.7049 0.0000 1.0000 
0.8358 0.3204 1.0000 0.0000 
0.0981 0.0259 0.0000 1.0000 
0.5787 0.4793 1.0000 0.0000 
0.1886 0.7886 1.0000 0.0000 
0.2222 0.6260 1.0000 0.0000 
0.2835 0.2193 1.0000 0.0000 
0.2050 0.1319 0.0000 1.0000 
0.7682 0.4576 0.0000 1.0000 
0.3353 0.5891 0.0000 1.0000 
0.9758 0.6403 1.0000 0.0000 
0.8580 0.7870 1.0000 0.0000 
0.8109 0.0198 0.0000 1.0000 
0.8612 0.7341 1.0000 0.0000 
0.3488 0.0920 0.0000 1.0000 
0.3634 0.6386 0.0000 1.0000 
0.7191 0.5315 0.0000 1.0000 
0.7023 0.7356 1.0000 0.0000 
0.6629 0.0956 1.0000 0.0000 
0.9752 0.2799 0.0000 1.0000 
0.9325 0.8328 1.0000 0.0000 
0.4722 0.7849 1.0000 0.0000 
0.1835 0.9389 1.0000 0.0000 
0.9991 0.3778 1.0000 0.0000 
0.5158 0.9582 1.0000 0.0000 
0.6098 0.1626 0.0000 1.0000 
0.9582 0.8409 1.0000 0.0000 
0.2466 0.6008 0.0000 1.0000 
0.7352 0.9783 1.0000 0.0000 
0.8354 0.8105 1.0000 0.0000 
0.2481 0.8168 1.0000 0.0000 
0.2339 0.9719 1.0000 0.0000 
0.1448 0.7147 1.0000 0.0000 
0.2163 0.6868 0.0000 1.0000 
0.2054 0.2122 1.0000 0.0000 
0.0573 0.7011 1.0000 0.0000 
0.3282 0.8973 1.0000 0.0000 
0.1080 0.0913 1.0000 0.0000 
0.6621 0.0601 0.0000 1.0000 
0.4459 0.2496 0.0000 1.0000 
0.5323 0.5964 1.0000 0.0000 
0.1681 0.9788 1.0000 0.0000 
0.5061 0.2847 0.0000 1.0000 
0.1775 0.5072 1.0000 0.0000 
0.6130 0.3735 1.0000 0.0000 
0.8753 0.6159 1.0000 0.0000 
0.2690 0.7150 0.0000 1.0000 
0.7849 0.8787 1.0000 0.0000 
0.9621 0.2230 0.0000 1.0000 
0.3405 0.0963 0.0000 1.0000 
0.5028 0.6709 1.0000 0.0000 
0.2662 0.7286 1.0000 0.0000 
0.6531 0.7366 0.0000 1.0000 
0.9684 0.5694 0.0000 1.0000 
0.2141 0.5392 0.0000 1.0000 
0.1486 0.1441 0.0000 1.0000 
0.8337 0.6384 1.0000 0.0000 
0.3415 0.5327 0.0000 1.0000 
0.8372 0.5893 1.0000 0.0000 
0.9031 0.5882 1.0000 0.0000 
0.9863 0.1284 0.0000 1.0000 
0.6868 0.8113 0.0000 1.0000 
0.2519 0.5429 1.0000 0.0000 
0.7910 0.4373 1.0000 0.0000 
0.1819 0.5882 0.0000 1.0000 
0.6463 0.7380 1.0000 0.0000 
0.3394 0.8980 1.0000 0.0000 
0.4027 0.3752 0.0000 1.0000 
0.5632 0.3097 0.0000 1.0000 
0.9597 0.1371 1.0000 0.0000 
0.4212 0.6471 1.0000 0.0000 
0.3822 0.8909 1.0000 0.0000 
0.0907 0.5094 1.0000 0.0000 
0.7900 0.1393 0.0000 1.0000 
0.9832 0.3868 0.0000 1.0000 
0.5068 0.1828 1.0000 0.0000 
0.9634 0.6790 0.0000 1.0000 
0.1875 0.3054 1.0000 0.0000 
0.8427 0.2484 0.0000 1.0000 
0.1987 0.3573 0.0000 1.0000 
0.6468 0.6881 1.0000 0.0000 
0.7289 0.0401 0.0000 1.0000 
0.7279 0.6155 0.0000 1.0000 
0.6050 0.0276 1.0000 0.0000 
0.2997 0.2568 1.0000 0.0000 
0.9762 0.0863 1.0000 0.0000 
0.5115 0.9664 0.0000 1.0000 
0.4437 0.0555 1.0000 0.0000 
0.3553 0.5694 0.0000 1.0000 
0.8345 0.2744 0.0000 1.0000 
0.2097 0.5943 1.0000 0.0000 
0.0344 0.8606 0.0000 1.0000 
0.3646 0.7794 1.0000 0.0000 
0.2226 0.1398 0.0000 1.0000 
0.2805 0.1301 0.0000 1.0000 
0.3090 0.7462 1.0000 0.0000 
0.3482 0.0457 0.0000 1.0000 
0.3983 0.8966 1.0000 0.0000 
0.5557 0.1560 1.0000 0.0000 
0.4926 0.5542 1.0000 0.0000 
0.0579 0.9282 1.0000 0.0000 
0.6514 0.1532 1.0000 0.0000 
0.3927 0.5807 0.0000 1.0000 
0.5365 0.4653 0.0000 1.0000 
0.7432 0.2130 0.0000 1.0000 
0.6919 0.8394 1.0000 0.0000 
0.1300 0.7621 0.0000 1.0000 
0.5063 0.0488 0.0000 1.0000 
0.4660 0.5265 0.0000 1.0000 
0.3068 0.0511 0.0000 1.0000 
0.0825 0.7691 0.0000 1.0000 
0.8818 0.4071 0.0000 1.0000 
0.6933 0.8160 0.0000 1.0000 
0.8686 0.3081 1.0000 0.0000 
0.1237 0.7439 1.0000 0.0000 
0.1467 0.7644 1.0000 0.0000 
0.9468 0.2451 0.0000 1.0000 
0.9393 0.0315 1.0000 0.0000 
0.9413 0.7069 1.0000 0.0000 
0.4668 0.8731 0.0000 1.0000 
0.9045 0.0356 1.0000 0.0000 
0.6207 0.5221 0.0000 1.0000 
0.6896 0.9402 1.0000 0.0000 
0.2983 0.1356 1.0000 0.0000 
0.4338 0.3727 1.0000 0.0000 
0.8948 0.1488 1.0000 0.0000 
0.6825 0.3297 0.0000 1.0000 
0.6443 0.7007 1.0000 0.0000 
0.9566 0.3324 1.0000 0.0000 
0.8934 0.8550 0.0000 1.0000 
0.6008 0.6289 0.0000 1.0000 
0.7452 0.5496 1.0000 0.0000 
0.4362 0.4905 1.0000 0.0000 
0.6184 0.9257 0.0000 1.0000 
0.7843 0.6838 1.0000 0.0000 
0.0768 0.2791 1.0000 0.0000 
0.7238 0.3768 1.0000 0.0000 
0.3395 0.9291 1.0000 0.0000 
0.3769 0.8833 1.0000 0.0000 
0.4248 0.5038 1.0000 0.0000 
0.6074 0.0404 1.0000 0.0000 
0.7286 0.5041 0.0000 1.0000 
0.5359 0.0219 0.0000 1.0000 
0.1886 0.8869 0.0000 1.0000 
0.9321 0.9577 0.0000 1.0000 
0.8075 0.1724 1.0000 0.0000 
0.1536 0.8378 0.0000 1.0000 
0.0853 0.4214 0.0000 1.0000 
0.4206 0.2651 0.0000 1.0000 
0.3092 0.0324 0.0000 1.0000 
0.1619 0.2254 1.0000 0.0000 
0.4477 0.8457 1.0000 0.0000 
0.2465 0.9444 1.0000 0.0000 
0.4530 0.8934 1.0000 0.0000 
0.1389 0.3219 1.0000 0.0000 
0.4157 0.9343 0.0000 1.0000 
0.4530 0.5156 1.0000 0.0000 
0.2626 0.3682 1.0000 0.0000 
0.8310 0.5533 1.0000 0.0000 
0.5385 0.6446 1.0000 0.0000 
0.7723 0.1960 0.0000 1.0000 
0.8663 0.2268 1.0000 0.0000 
0.6545 0.7357 1.0000 0.0000 
0.0215 0.6108 0.0000 1.0000 
0.3769 0.1415 0.0000 1.0000 
0.6383 0.9563 1.0000 0.0000 
0.7611 0.3833 0.0000 1.0000 
0.7051 0.3126 0.0000 1.0000 
0.7111 0.5600 0.0000 1.0000 
0.0543 0.8932 1.0000 0.0000 
0.8618 0.5477 0.0000 1.0000 
0.4548 0.1536 0.0000 1.0000 
0.8255 0.8831 1.0000 0.0000 
0.3201 0.1419 0.0000 1.0000 
0.8668 0.1587 1.0000 0.0000 
0.0127 0.4438 1.0000 0.0000 
0.7961 0.5032 1.0000 0.0000 
0.5054 0.7658 0.0000 1.0000 
0.9159 0.1491 0.0000 1.0000 
0.9948 0.4494 0.0000 1.0000 
0.1574 0.3086 0.0000 1.0000 
0.6992 0.9534 1.0000 0.0000 
0.3373 0.2987 0.0000 1.0000 
0.1159 0.8653 0.0000 1.0000 
0.4923 0.2600 1.0000 0.0000 
0.7224 0.1113 0.0000 1.0000 
0.8369 0.0096 0.0000 1.0000 
0.9380 0.9730 1.0000 0.0000 
0.3553 0.7837 0.0000 1.0000 
0.3320 0.6948 1.0000 0.0000 
0.8101 0.0447 0.0000 1.0000 
0.8588 0.1453 1.0000 0.0000 
0.6741 0.3143 0.0000 1.0000 
0.3199 0.9581 1.0000 0.0000 
0.1218 0.3240 0.0000 1.0000 
0.9574 0.9952 1.0000 0.0000 
0.5080 0.3188 1.0000 0.0000 
0.0058 0.8383 1.0000 0.0000 
0.0277 0.5607 1.0000 0.0000 
0.6334 0.2175 0.0000 1.0000 
0.1140 0.3619 0.0000 1.0000 
0.4280 0.8657 0.0000 1.0000 
0.6390 0.0979 0.0000 1.0000 
0.8540 0.0075 1.0000 0.0000 
0.1941 0.1765 0.0000 1.0000 
0.6886 0.5059 1.0000 0.0000 
0.3055 0.5458 0.0000 1.0000 
0.6988 0.8132 1.0000 0.0000 
0.4383 0.3533 1.0000 0.0000 
0.9736 0.4384 1.0000 0.0000 
0.2953 0.1946 0.0000 1.0000 
0.2955 0.3920 0.0000 1.0000 
0.9728 0.3610 1.0000 0.0000 
0.7834 0.1405 0.0000 1.0000 
0.8314 0.4003 0.0000 1.0000 
0.6559 0.7206 0.0000 1.0000 
0.3765 0.3550 0.0000 1.0000 
0.5765 0.3206 1.0000 0.0000 
0.0729 0.7483 1.0000 0.0000 
0.2724 0.5139 1.0000 0.0000 
0.1752 0.5534 0.0000 1.0000 
0.2458 0.8379 1.0000 0.0000 
0.1363 0.9907 1.0000 0.0000 
0.5397 0.7553 1.0000 0.0000 
0.3222 0.3048 0.0000 1.0000 
0.2015 0.5329 1.0000 0.0000 
0.7169 0.5252 0.0000 1.0000 
0.9554 0.3794 0.0000 1.0000 
0.4718 0.4374 1.0000 0.0000 
0.6265 0.8092 1.0000 0.0000 
0.4938 0.5263 1.0000 0.0000 
0.4268 0.0559 0.0000 1.0000 
0.4616 0.3921 1.0000 0.0000 
0.7565 0.2661 0.0000 1.0000 
0.3536 0.8066 1.0000 0.0000 
0.9150 0.5435 0.0000 1.0000 
0.2623 0.4303 0.0000 1.0000 
0.9648 0.1526 1.0000 0.0000 
0.4745 0.9414 1.0000 0.0000 
0.5145 0.6220 0.0000 1.0000 
0.3372 0.4397 0.0000 1.0000 
0.7202 0.6384 1.0000 0.0000 
0.8067 0.2030 1.0000 0.0000 
0.7660 0.7788 1.0000 0.0000 
0.7865 0.9600 1.0000 0.0000 
0.9424 0.5311 1.0000 0.0000 
0.5314 0.3559 0.0000 1.0000 
0.3889 0.6379 1.0000 0.0000 
0.2272 0.9125 1.0000 0.0000 
0.7702 0.8875 1.0000 0.0000 
0.4639 0.2386 1.0000 0.0000 
0.0625 0.8578 0.0000 1.0000 
0.4357 0.4021 0.0000 1.0000 
0.0504 0.4869 1.0000 0.0000 
0.2081 0.8978 1.0000 0.0000 
0.0666 0.7575 1.0000 0.0000 
0.0837 0.5860 0.0000 1.0000 
0.7884 0.2243 1.0000 0.0000 
0.9601 0.0435 0.0000 1.0000 
0.6543 0.0014 0.0000 1.0000 
0.9961 0.2517 0.0000 1.0000 
0.1322 0.2052 1.0000 0.0000 
0.3790 0.8203 1.0000 0.0000 
0.3072 0.0349 0.0000 1.0000 
0.5733 0.1657 0.0000 1.0000 
0.9250 0.5706 1.0000 0.0000 
0.3821 0.7067 1.0000 0.0000 
0.3736 0.1417 1.0000 0.0000 
0.1182 0.4738 0.0000 1.0000 
0.3583 0.9450 0.0000 1.0000 
0.6166 0.4638 0.0000 1.0000 
0.7691 0.9178 0.0000 1.0000 
0.1924 0.8955 0.0000 1.0000 
0.6128 0.2847 0.0000 1.0000 
0.7724 0.3058 1.0000 0.0000 
0.7538 0.5126 1.0000 0.0000 
0.4611 0.2242 0.0000 1.0000 
0.3456 0.5896 0.0000 1.0000 
0.1826 0.0645 0.0000 1.0000 
0.0433 0.8305 1.0000 0.0000 
0.6535 0.9787 0.0000 1.0000 
0.4212 0.4300 0.0000 1.0000 
0.1589 0.0658 0.0000 1.0000 
0.2774 0.6310 1.0000 0.0000 
0.6315 0.7712 1.0000 0.0000 
0.7043 0.7157 0.0000 1.0000 
0.9363 0.2233 0.0000 1.0000 
0.0972 0.3313 1.0000 0.0000 
0.3053 0.5998 0.0000 1.0000 
0.8553 0.8411 0.0000 1.0000 
0.3174 0.7504 0.0000 1.0000 
0.9604 0.4869 1.0000 0.0000 
0.1239 0.0939 0.0000 1.0000 
0.5356 0.9806 1.0000 0.0000 
0.4725 0.0204 0.0000 1.0000 
0.7723 0.0225 1.0000 0.0000 
0.6861 0.6217 0.0000 1.0000 
0.8776 0.7631 1.0000 0.0000 
0.7195 0.4833 0.0000 1.0000 
0.4762 0.9799 1.0000 0.0000 
0.5277 0.8875 1.0000 0.0000 
0.1833 0.2058 0.0000 1.0000 
0.3762 0.7765 0.0000 1.0000 
0.9130 0.1308 0.0000 1.0000 
0.5878 0.6198 1.0000 0.0000 
0.8030 0.8169 1.0000 0.0000 
0.1913 0.9913 1.0000 0.0000 
0.7522 0.0411 0.0000 1.0000 
0.5943 0.8710 1.0000 0.0000 
0.2376 0.4741 1.0000 0.0000 
0.1005 0.0272 1.0000 0.0000 
0.3505 0.9106 0.0000 1.0000 
0.7169 0.8676 0.0000 1.0000 
0.9252 0.5334 0.0000 1.0000 
0.3743 0.4864 1.0000 0.0000 
0.4879 0.1052 1.0000 0.0000 
0.5277 0.5642 0.0000 1.0000 
0.4564 0.6350 0.0000 1.0000 
0.6653 0.6284 0.0000 1.0000 
0.4958 0.9654 0.0000 1.0000 
0.6571 0.7154 0.0000 1.0000 
0.9551 0.5655 0.0000 1.0000 
0.0961 0.8496 1.0000 0.0000 
0.3332 0.2679 0.0000 1.0000 
0.8500 0.5629 0.0000 1.0000 
0.4739 0.0128 1.0000 0.0000 
0.0956 0.6199 1.0000 0.0000 
0.2130 0.9969 0.0000 1.0000 
0.8571 0.4783 0.0000 1.0000 
0.7838 0.3626 1.0000 0.0000 
0.2633 0.4838 0.0000 1.0000 
0.7919 0.5251 0.0000 1.0000 
0.3019 0.5013 0.0000 1.0000 
0.2544 0.2915 1.0000 0.0000 
0.4321 0.5982 0.0000 1.0000 
0.9259 0.0152 0.0000 1.0000 
0.7363 0.4243 0.0000 1.0000 
0.0068 0.6199 0.0000 1.0000 
0.7616 0.6977 1.0000 0.0000 
0.0616 0.3561 0.0000 1.0000 
0.9101 0.6825 1.0000 0.0000 
0.7085 0.5259 1.0000 0.0000 
0.4635 0.2807 0.0000 1.0000 
0.3105 0.5258 0.0000 1.0000 
0.1275 0.7876 1.0000 0.0000 
0.6166 0.2598 1.0000 0.0000 
0.3276 0.7706 1.0000 0.0000 
0.6429 0.9952 1.0000 0.0000 
0.8845 0.2537 0.0000 1.0000 
0.0813 0.6113 0.0000 1.0000 
0.1948 0.3768 1.0000 0.0000 
0.1218 0.9500 1.0000 0.0000 
0.7611 0.2559 1.0000 0.0000 
0.5406 0.3754 1.0000 0.0000 
0.5312 0.7229 0.0000 1.0000 
0.3922 0.1662 0.0000 1.0000 
0.5574 0.2579 0.0000 1.0000 
0.0116 0.3403 1.0000 0.0000 
0.6428 0.8747 1.0000 0.0000 
0.9171 0.0763 0.0000 1.0000 
0.4134 0.1752 0.0000 1.0000 
0.6728 0.6544 0.0000 1.0000 
0.4889 0.1138 1.0000 0.0000 
0.2500 0.5373 0.0000 1.0000 
0.6282 0.7999 1.0000 0.0000 
0.1938 0.9332 1.0000 0.0000 
0.1723 0.9184 1.0000 0.0000 
0.1376 0.9853 0.0000 1.0000 
0.2781 0.4015 0.0000 1.0000 
0.3361 0.2549 1.0000 0.0000 
0.7169 0.7979 1.0000 0.0000 
0.9313 0.9434 0.0000 1.0000 
0.0943 0.4258 0.0000 1.0000 
0.1165 0.5260 0.0000 1.0000 
0.9274 0.0512 0.0000 1.0000 
0.2061 0.0917 0.0000 1.0000 
0.2353 0.2017 1.0000 0.0000 
0.6394 0.4238 1.0000 0.0000 
0.5542 0.9296 1.0000 0.0000 
0.9117 0.3152 0.0000 1.0000 
0.4289 0.3088 1.0000 0.0000 
0.4542 0.9921 1.0000 0.0000 
0.5000 0.0422 0.0000 1.0000 
0.7539 0.3977 0.0000 1.0000 
0.8390 0.0379 0.0000 1.0000 
0.0421 0.6739 1.0000 0.0000 
0.6493 0.7918 1.0000 0.0000 
0.9335 0.8323 0.0000 1.0000 
0.3537 0.8784 1.0000 0.0000 
0.2829 0.1738 1.0000 0.0000 
0.5742 0.8429 1.0000 0.0000 
0.9287 0.4032 0.0000 1.0000 
0.4957 0.9565 0.0000 1.0000 
0.6844 0.4613 0.0000 1.0000 
0.9931 0.8256 1.0000 0.0000 
0.2826 0.2531 1.0000 0.0000 
0.5129 0.9434 0.0000 1.0000 
0.1961 0.8308 0.0000 1.0000 
0.5529 0.5065 0.0000 1.0000 
0.8823 0.8890 0.0000 1.0000 
0.1609 0.8320 0.0000 1.0000 
0.1962 0.7888 1.0000 0.0000 
0.2596 0.8442 0.0000 1.0000 
0.8361 0.8606 1.0000 0.0000 
0.5100 0.4209 0.0000 1.0000 
0.4012 0.0789 1.0000 0.0000 
0.2102 0.8162 1.0000 0.0000 
0.4084 0.3703 0.0000 1.0000 
0.6118 0.9210 1.0000 0.0000 
0.7104 0.1256 1.0000 0.0000 
0.0840 0.2617 0.0000 1.0000 
0.1615 0.5076 1.0000 0.0000 
0.3041 0.8098 1.0000 0.0000 
0.0570 0.0762 0.0000 1.0000 
0.8928 0.2183 1.0000 0.0000 
0.5755 0.4616 0.0000 1.0000 
0.5542 0.7904 1.0000 0.0000 
0.0303 0.7048 0.0000 1.0000 
0.8610 0.6922 1.0000 0.0000 
0.0859 0.6267 1.0000 0.0000 
0.1587 0.0814 0.0000 1.0000 
0.1539 0.1470 0.0000 1.0000 
0.5842 0.0856 1.0000 0.0000 
0.4736 0.1050 1.0000 0.0000 
0.6661 0.6556 1.0000 0.0000 
0.3730 0.9346 0.0000 1.0000 
0.9626 0.1572 0.0000 1.0000 
0.7553 0.3691 0.0000 1.0000 
0.0840 0.2721 1.0000 0.0000 
0.6271 0.2240 0.0000 1.0000 
0.4070 0.3960 0.0000 1.0000 
0.9506 0.6858 1.0000 0.0000 
0.4528 0.0437 1.0000 0.0000 
0.6131 0.0004 0.0000 1.0000 
0.4196 0.9996 1.0000 0.0000 
0.9738 0.9190 1.0000 0.0000 
0.0294 0.7961 1.0000 0.0000 
0.2500 0.6282 1.0000 0.0000 
0.9675 0.3235 0.0000 1.0000 
0.1871 0.3296 0.0000 1.0000 
0.5883 0.2093 0.0000 1.0000 
0.9909 0.1418 0.0000 1.0000 
0.5168 0.0383 0.0000 1.0000 
0.8849 0.8429 1.0000 0.0000 
0.7480 0.3816 0.0000 1.0000 
0.8557 0.7534 1.0000 0.0000 
0.7045 0.7779 1.0000 0.0000 
0.2518 0.4811 0.0000 1.0000 
0.0915 0.3495 0.0000 1.0000 
0.2517 0.6391 0.0000 1.0000 
0.2088 0.2685 0.0000 1.0000 
0.5644 0.0722 1.0000 0.0000 
0.0686 0.7388 1.0000 0.0000 
0.5790 0.3344 1.0000 0.0000 
0.4032 0.6800 1.0000 0.0000 
0.0131 0.2897 0.0000 1.0000 
0.4596 0.9828 0.0000 1.0000 
0.4879 0.3279 1.0000 0.0000 
0.3739 0.7677 1.0000 0.0000 
0.3003 0.9314 1.0000 0.0000 
0.2830 0.9675 0.0000 1.0000 
0.9290 0.0114 1.0000 0.0000 
0.8969 0.9603 0.0000 1.0000 
0.4365 0.7941 1.0000 0.0000 
0.7147 0.2576 1.0000 0.0000 
0.1613 0.3813 0.0000 1.0000 
0.8513 0.0448 0.0000 1.0000 
0.7053 0.1193 0.0000 1.0000 
0.1240 0.4599 0.0000 1.0000 
0.8429 0.7188 1.0000 0.0000 
0.8780 0.3676 1.0000 0.0000 
0.3171 0.1828 0.0000 1.0000 
0.0771 0.1636 1.0000 0.0000 
0.6729 0.2909 0.0000 1.0000 
0.4092 0.1806 0.0000 1.0000 
0.6918 0.0176 0.0000 1.0000 
0.2710 0.1296 0.0000 1.0000 
0.3772 0.5370 1.0000 0.0000 
0.4880 0.1048 0.0000 1.0000 
0.4589 0.1152 1.0000 0.0000 
0.4595 0.0004 1.0000 0.0000 
0.0898 0.1499 1.0000 0.0000 
0.3656 0.4217 0.0000 1.0000 
0.8686 0.0319 0.0000 1.0000 
0.4855 0.8011 0.0000 1.0000 
0.6724 0.9204 1.0000 0.0000 
0.5285 0.4336 1.0000 0.0000 
0.5375 0.5974 1.0000 0.0000 
0.9865 0.3818 0.0000 1.0000 
0.4446 0.6470 0.0000 1.0000 
0.2489 0.4759 1.0000 0.0000 
0.6415 0.0683 0.0000 1.0000 
0.1374 0.7643 1.0000 0.0000 
0.9365 0.8288 1.0000 0.0000 
0.7939 0.3947 0.0000 1.0000 
0.7277 0.4837 0.0000 1.0000 
0.3966 0.9915 1.0000 0.0000 
0.4607 0.4083 1.0000 0.0000 
0.1791 0.9352 0.0000 1.0000 
0.7669 0.5818 1.0000 0.0000 
0.8084 0.8293 1.0000 0.0000 
0.0911 0.0417 0.0000 1.0000 
0.7308 0.3967 1.0000 0.0000 
0.2451 0.5103 1.0000 0.0000 
0.8536 0.7586 0.0000 1.0000 
0.0391 0.1837 0.0000 1.0000 
0.3428 0.7900 1.0000 0.0000 
0.8480 0.7522 1.0000 0.0000 
0.6254 0.5231 0.0000 1.0000 
0.9237 0.4568 0.0000 1.0000 
0.1709 0.4915 1.0000 0.0000 
0.2504 0.7606 1.0000 0.0000 
0.2443 0.5869 1.0000 0.0000 
0.3036 0.9176 1.0000 0.0000 
0.0304 0.2371 0.0000 1.0000 
0.2785 0.8505 1.0000 0.0000 
0.1805 0.0852 0.0000 1.0000 
0.9073 0.2180 1.0000 0.0000 
0.9393 0.6631 1.0000 0.0000 
0.0182 0.0144 1.0000 0.0000 
0.7895 0.9527 1.0000 0.0000 
0.8837 0.2085 0.0000 1.0000 
0.2139 0.5004 0.0000 1.0000 
0.8567 0.7325 0.0000 1.0000 
0.2601 0.2733 1.0000 0.0000 
0.6483 0.9381 1.0000 0.0000 
0.1451 0.5428 1.0000 0.0000 
0.3769 0.1981 0.0000 1.0000 
0.8643 0.7304 0.0000 1.0000 
0.7377 0.5102 0.0000 1.0000 
0.7005 0.4564 1.0000 0.0000 
0.5923 0.7753 1.0000 0.0000 
0.2439 0.5521 1.0000 0.0000 
0.3817 0.6155 1.0000 0.0000 
0.5596 0.0375 0.0000 1.0000 
0.4690 0.2805 1.0000 0.0000 
0.9381 0.5447 1.0000 0.0000 
0.3286 0.7505 0.0000 1.0000 
0.7568 0.9516 1.0000 0.0000 
0.6724 0.6571 1.0000 0.0000 
0.5214 0.4150 1.0000 0.0000 
0.0383 0.4273 0.0000 1.0000 
0.7232 0.4467 1.0000 0.0000 
0.9022 0.1955 1.0000 0.0000 
0.1207 0.4603 0.0000 1.0000 
0.2407 0.0410 1.0000 0.0000 
0.7361 0.5613 1.0000 0.0000 
0.2360 0.5478 1.0000 0.0000 
0.1617 0.7532 0.0000 1.0000 
0.7949 0.2790 0.0000 1.0000 
0.0800 0.3628 0.0000 1.0000 
0.2209 0.9058 0.0000 1.0000 
0.0124 0.8255 0.0000 1.0000 
0.0438 0.5636 0.0000 1.0000 
0.8289 0.3598 1.0000 0.0000 
0.9460 0.2094 0.0000 1.0000 
0.2392 0.9613 1.0000 0.0000 
0.1819 0.2365 0.0000 1.0000 
0.1711 0.3808 1.0000 0.0000 
0.6006 0.6396 1.0000 0.0000 
0.4187 0.9160 1.0000 0.0000 
0.6376 0.3924 1.0000 0.0000 
0.7512 0.7854 1.0000 0.0000 
0.2873 0.8950 1.0000 0.0000 
0.5661 0.2134 0.0000 1.0000 
0.5290 0.7500 0.0000 1.0000 
0.4122 0.2319 0.0000 1.0000 
0.5403 0.8804 1.0000 0.0000 
0.5703 0.2018 0.0000 1.0000 
0.4447 0.0324 1.0000 0.0000 
0.8448 0.0992 0.0000 1.0000 
0.6178 0.3474 1.0000 0.0000 
0.1112 0.2808 1.0000 0.0000 
0.8290 0.9173 0.0000 1.0000 
0.7261 0.7077 0.0000 1.0000 
0.3938 0.3134 1.0000 0.0000 
0.1274 0.8143 1.0000 0.0000 
0.2074 0.3270 0.0000 1.0000 
0.1695 0.2104 1.0000 0.0000 
0.8702 0.3889 1.0000 0.0000 
0.4116 0.0774 1.0000 0.0000 
0.1861 0.7924 1.0000 0.0000 
0.7741 0.8284 0.0000 1.0000 
0.1483 0.5822 1.0000 0.0000 
0.3098 0.6883 1.0000 0.0000 
0.0579 0.9979 1.0000 0.0000 
0.6168 0.3341 1.0000 0.0000 
0.7129 0.3875 0.0000 1.0000 
0.2501 0.3825 1.0000 0.0000 
0.4329 0.1578 0.0000 1.0000 
0.5763 0.7305 1.0000 0.0000 
0.3243 0.7314 0.0000 1.0000 
0.3087 0.1425 0.0000 1.0000 
0.8659 0.0371 1.0000 0.0000 
0.0019 0.2884 1.0000 0.0000 
0.0771 0.0641 1.0000 0.0000 
0.1086 0.7564 0.0000 1.0000 
0.7497 0.3926 1.0000 0.0000 
0.8845 0.8604 1.0000 0.0000 
0.0989 0.3366 0.0000 1.0000 
0.1859 0.3367 0.0000 1.0000 
0.1313 0.1124 1.0000 0.0000 
0.8796 0.0855 0.0000 1.0000 
0.6671 0.3733 0.0000 1.0000 
0.4959 0.1229 1.0000 0.0000 
0.0602 0.1595 1.0000 0.0000 
0.0786 0.8818 1.0000 0.0000 
0.9027 0.1428 0.0000 1.0000 
0.5117 0.7590 1.0000 0.0000 
0.8656 0.0788 0.0000 1.0000 
0.1173 0.7903 1.0000 0.0000 
0.3257 0.4199 0.0000 1.0000 
0.4501 0.1156 0.0000 1.0000 
0.9904 0.6842 0.0000 1.0000 
0.2409 0.3335 0.0000 1.0000 
0.6154 0.9370 0.0000 1.0000 
0.8010 0.6628 1.0000 0.0000 
0.1938 0.2456 0.0000 1.0000 
0.3374 0.5927 1.0000 0.0000 
0.1117 0.8187 1.0000 0.0000 
0.3050 0.6235 1.0000 0.0000 
0.6494 0.4445 0.0000 1.0000 
0.7561 0.9732 0.0000 1.0000 
0.1770 0.9159 1.0000 0.0000 
0.1319 0.4491 1.0000 0.0000 
0.8253 0.6754 1.0000 0.0000 
0.8672 0.1259 0.0000 1.0000 
0.0815 0.8056 0.0000 1.0000 
0.1754 0.0164 0.0000 1.0000 
0.3183 0.3078 0.0000 1.0000 
0.3371 0.7666 0.0000 1.0000 
0.0782 0.5604 0.0000 1.0000 
0.8347 0.3634 1.0000 0.0000 
0.6199 0.1830 0.0000 1.0000 
0.4979 0.2395 0.0000 1.0000 
0.0854 0.3357 1.0000 0.0000 
0.4645 0.6763 0.0000 1.0000 
0.9887 0.9557 0.0000 1.0000 
0.2505 0.6171 0.0000 1.0000 
0.4097 0.5295 1.0000 0.0000 
0.6331 0.4588 0.0000 1.0000 
0.5173 0.3230 1.0000 0.0000 
0.6837 0.1682 0.0000 1.0000 
0.5907 0.5483 0.0000 1.0000 
0.0254 0.0734 0.0000 1.0000 
0.8714 0.5349 0.0000 1.0000 
0.2287 0.1273 0.0000 1.0000 
0.5409 0.8388 0.0000 1.0000 
0.3830 0.1382 0.0000 1.0000 
0.3526 0.9948 1.0000 0.0000 
0.8540 0.8418 1.0000 0.0000 
0.6762 0.4012 1.0000 0.0000 
0.4970 0.1990 0.0000 1.0000 
0.4995 0.1847 0.0000 1.0000 
0.8574 0.0419 1.0000 0.0000 
0.7038 0.1070 1.0000 0.0000 
0.6311 0.9522 1.0000 0.0000 
0.8739 0.0825 0.0000 1.0000 
0.6594 0.7372 1.0000 0.0000 
0.1424 0.5175 1.0000 0.0000 
0.9419 0.6334 1.0000 0.0000 
0.4670 0.7362 1.0000 0.0000 
0.9322 0.0570 0.0000 1.0000 
0.5863 0.9665 1.0000 0.0000 
0.4062 0.6260 1.0000 0.0000 
0.3286 0.0168 1.0000 0.0000 
0.4981 0.4359 0.0000 1.0000 
0.6875 0.6746 1.0000 0.0000 
0.8446 0.0032 0.0000 1.0000 
0.4647 0.3402 0.0000 1.0000 
0.4246 0.2252 1.0000 0.0000 
0.1698 0.8425 0.0000 1.0000 
0.1784 0.9944 0.0000 1.0000 
0.6085 0.7951 1.0000 0.0000 
0.5944 0.1027 0.0000 1.0000 
0.2153 0.5470 1.0000 0.0000 
0.4650 0.7623 0.0000 1.0000 
0.0864 0.6200 0.0000 1.0000 
0.9114 0.9636 1.0000 0.0000 
0.0918 0.2585 1.0000 0.0000 
0.2684 0.3282 1.0000 0.0000 
0.5446 0.9302 1.0000 0.0000 
0.2392 0.8363 1.0000 0.0000 
0.5937 0.5410 0.0000 1.0000 
0.0824 0.7059 0.0000 1.0000 
0.1584 0.5544 1.0000 0.0000 
0.9726 0.6307 1.0000 0.0000 
0.1740 0.7016 1.0000 0.0000 
0.4971 0.7955 1.0000 0.0000 
0.7779 0.3700 1.0000 0.0000 
0.2082 0.7534 0.0000 1.0000 
0.7847 0.2710 1.0000 0.0000 
0.6418 0.3288 0.0000 1.0000 
0.0990 0.6696 0.0000 1.0000 
0.9297 0.9908 1.0000 0.0000 
0.0332 0.9366 1.0000 0.0000 
0.5904 0.9705 1.0000 0.0000 
0.9034 0.9287 1.0000 0.0000 
0.0155 0.9826 0.0000 1.0000 
0.0821 0.5417 1.0000 0.0000 
0.4283 0.5347 1.0000 0.0000 
0.0415 0.9699 1.0000 0.0000 
0.1312 0.6502 1.0000 0.0000 
0.1519 0.5899 1.0000 0.0000 
0.4196 0.5000 1.0000 0.0000 
0.8147 0.2980 1.0000 0.0000 
0.5956 0.0096 1.0000 0.0000 
0.3585 0.5286 0.0000 1.0000 
0.1991 0.5613 1.0000 0.0000 
0.6287 0.8848 1.0000 0.0000 
0.6011 0.8627 0.0000 1.0000 
0.6219 0.8470 1.0000 0.0000 
0.2343 0.2458 1.0000 0.0000 
0.3992 0.8806 1.0000 0.0000 
0.6334 0.7615 1.0000 0.0000 
0.9969 0.3060 0.0000 1.0000 
0.6892 0.6878 0.0000 1.0000 
0.4650 0.6499 0.0000 1.0000 
0.9151 0.9311 0.0000 1.0000 
0.1662 0.4960 1.0000 0.0000 
0.2897 0.8188 0.0000 1.0000 
0.0101 0.9590 0.0000 1.0000 
0.5385 0.3510 1.0000 0.0000 
0.4004 0.6389 1.0000 0.0000 
0.6314 0.6944 0.0000 1.0000 
0.2162 0.3064 1.0000 0.0000 
0.2830 0.7486 1.0000 0.0000 
0.5405 0.8705 0.0000 1.0000 
0.1204 0.7437 0.0000 1.0000 
0.2242 0.0999 0.0000 1.0000 
0.0684 0.9086 1.0000 0.0000 
0.3379 0.3235 1.0000 0.0000 
0.3605 0.1333 0.0000 1.0000 
0.3853 0.2038 0.0000 1.0000 
0.8200 0.7893 1.0000 0.0000 
0.5310 0.3358 0.0000 1.0000 
0.3836 0.8622 1.0000 0.0000 
0.5054 0.9229 1.0000 0.0000 
0.0177 0.9935 1.0000 0.0000 
0.3046 0.4700 1.0000 0.0000 
0.4890 0.1603 0.0000 1.0000 
0.3085 0.3932 0.0000 1.0000 
0.4018 0.4905 1.0000 0.0000 
0.2526 0.4073 1.0000 0.0000 
0.2972 0.4739 1.0000 0.0000 
0.8962 0.5090 0.0000 1.0000 
0.8397 0.6196 1.0000 0.0000 
0.1504 0.2712 0.0000 1.0000 
0.1629 0.6949 1.0000 0.0000 
0.6929 0.5444 0.0000 1.0000 
0.0636 0.4649 1.0000 0.0000 
0.5884 0.5774 1.0000 0.0000 
0.7276 0.6185 0.0000 1.0000 
0.7348 0.9713 1.0000 0.0000 
0.1735 0.4274 1.0000 0.0000 
0.6363 0.9789 1.0000 0.0000 
0.2784 0.8464 1.0000 0.0000 
0.1656 0.6351 1.0000 0.0000 
0.8214 0.4243 0.0000 1.0000 
0.1943 0.9462 0.0000 1.0000 
0.2180 0.5813 1.0000 0.0000 
0.0100 0.7465 1.0000 0.0000 
0.6879 0.1218 0.0000 1.0000 
0.8109 0.8945 1.0000 0.0000 
0.2067 0.8508 1.0000 0.0000 
0.7839 0.0917 0.0000 1.0000 
0.3024 0.7159 1.0000 0.0000 
0.2376 0.4065 0.0000 1.0000 
0.8018 0.7637 0.0000 1.0000 
0.4549 0.4233 0.0000 1.0000 
0.3104 0.0749 1.0000 0.0000 
0.7695 0.6053 1.0000 0.0000 
0.1650 0.5020 1.0000 0.0000 
0.0058 0.7966 0.0000 1.0000 
0.5416 0.5433 0.0000 1.0000 
0.6053 0.0497 0.0000 1.0000 
0.6785 0.6198 1.0000 0.0000 
0.1498 0.5216 1.0000 0.0000 
0.1828 0.5406 1.0000 0.0000 
0.8604 0.1844 0.0000 1.0000 
0.6313 0.3999 1.0000 0.0000 
0.5353 0.8992 1.0000 0.0000 
0.4081 0.4811 0.0000 1.0000 
0.3012 0.6772 1.0000 0.0000 
0.3108 0.0645 0.0000 1.0000 
0.6689 0.7565 0.0000 1.0000 
0.4401 0.4822 0.0000 1.0000 
0.6647 0.0303 1.0000 0.0000 
0.0519 0.0704 1.0000 0.0000 
0.3885 0.2499 0.0000 1.0000 
0.4834 0.9335 0.0000 1.0000 
0.2394 0.7179 1.0000 0.0000 
0.7060 0.2382 1.0000 0.0000 
0.4596 0.1261 1.0000 0.0000 
0.7999 0.0728 0.0000 1.0000 
0.1613 0.1810 1.0000 0.0000 
0.1035 0.7690 0.0000 1.0000 
0.6306 0.4006 1.0000 0.0000 
0.5789 0.5534 1.0000 0.0000 
0.8279 0.0808 0.0000 1.0000 
0.7859 0.7436 1.0000 0.0000 
0.9831 0.6021 0.0000 1.0000 
0.0361 0.9968 1.0000 0.0000 
0.6009 0.4886 0.0000 1.0000 
0.3742 0.2869 1.0000 0.0000 
0.7980 0.2927 1.0000 0.0000 
0.8993 0.0005 0.0000 1.0000 
0.5158 0.9188 0.0000 1.0000 
0.6988 0.7305 0.0000 1.0000 
0.0965 0.5673 1.0000 0.0000 
0.4089 0.0003 0.0000 1.0000 
0.7095 0.8734 1.0000 0.0000 
0.9736 0.1490 0.0000 1.0000 
0.4073 0.7195 1.0000 0.0000 
0.1054 0.4079 1.0000 0.0000 
0.5135 0.8285 0.0000 1.0000 
0.7679 0.6910 0.0000 1.0000 
0.6299 0.2800 1.0000 0.0000 
0.1749 0.6048 1.0000 0.0000 
0.7288 0.5038 1.0000 0.0000 
0.7161 0.7232 1.0000 0.0000 
0.6957 0.1485 0.0000 1.0000 
0.9963 0.6412 1.0000 0.0000 
0.9830 0.6082 1.0000 0.0000 
0.8649 0.9672 0.0000 1.0000 
0.0516 0.1797 0.0000 1.0000 
0.5907 0.6793 1.0000 0.0000 
0.4868 0.8599 1.0000 0.0000 
0.4016 0.1739 0.0000 1.0000 
0.3628 0.0641 0.0000 1.0000 
0.9118 0.8681 0.0000 1.0000 
0.5065 0.0136 0.0000 1.0000 
0.8934 0.9870 1.0000 0.0000 
0.7164 0.6420 0.0000 1.0000 
0.1247 0.2147 1.0000 0.0000 
0.7754 0.7204 0.0000 1.0000 
0.6672 0.0672 1.0000 0.0000 
0.2185 0.1489 0.0000 1.0000 
0.8643 0.0951 0.0000 1.0000 
0.9717 0.8220 1.0000 0.0000 
0.4393 0.1017 1.0000 0.0000 
0.0660 0.9653 0.0000 1.0000 
0.7663 0.4245 0.0000 1.0000 
0.6247 0.8253 0.0000 1.0000 
0.4256 0.2380 1.0000 0.0000 
0.7482 0.1185 0.0000 1.0000 
0.2467 0.7429 1.0000 0.0000 
0.0454 0.9997 0.0000 1.0000 
0.7247 0.3022 1.0000 0.0000 
0.7319 0.8622 0.0000 1.0000 
0.2141 0.9071 1.0000 0.0000 
0.8605 0.6192 0.0000 1.0000 
0.3727 0.7847 0.0000 1.0000 
0.2599 0.8259 0.0000 1.0000 
0.0333 0.8636 1.0000 0.0000 
0.0352 0.2727 0.0000 1.0000 
0.5527 0.7733 0.0000 1.0000 
0.4885 0.7512 1.0000 0.0000 
0.1319 0.8395 1.0000 0.0000 
0.0915 0.8932 0.0000 1.0000 
0.0019 0.1730 0.0000 1.0000 
0.1702 0.2764 1.0000 0.0000 
0.3830 0.5595 0.0000 1.0000 
0.5508 0.6640 0.0000 1.0000 
0.4011 0.5460 0.0000 1.0000 
0.5083 0.1263 0.0000 1.0000 
0.3591 0.7802 0.0000 1.0000 
0.0685 0.1112 0.0000 1.0000 
0.7249 0.3038 0.0000 1.0000 
0.4405 0.0938 0.0000 1.0000 
0.4564 0.5715 1.0000 0.0000 
0.5755 0.0079 1.0000 0.0000 
0.3853 0.6169 1.0000 0.0000 
0.5598 0.9408 0.0000 1.0000 
0.2447 0.9686 0.0000 1.0000 
0.9241 0.2765 0.0000 1.0000 
0.6209 0.0024 1.0000 0.0000 
0.8291 0.7716 0.0000 1.0000 
0.2500 0.3334 1.0000 0.0000 
0.7104 0.1053 0.0000 1.0000 
0.8090 0.2325 0.0000 1.0000 
0.3562 0.4001 0.0000 1.0000 
0.2061 0.6490 1.0000 0.0000 
0.0603 0.5246 0.0000 1.0000 
0.6110 0.0241 1.0000 0.0000 
0.7035 0.3564 0.0000 1.0000 
0.6159 0.1563 0.0000 1.0000 
0.1058 0.8338 1.0000 0.0000 
0.8398 0.6927 1.0000 0.0000 
0.6563 0.7590 1.0000 0.0000 
0.3083 0.2155 1.0000 0.0000 
0.8275 0.5230 1.0000 0.0000 
0.2066 0.4497 1.0000 0.0000 
0.5611 0.2282 1.0000 0.0000 
0.4307 0.7818 1.0000 0.0000 
0.2336 0.4683 0.0000 1.0000 
0.8545 0.2619 0.0000 1.0000 
0.5724 0.9882 0.0000 1.0000 
0.6359 0.3900 0.0000 1.0000 
0.3037 0.7760 1.0000 0.0000 
0.1087 0.5556 1.0000 0.0000 
0.3600 0.9496 1.0000 0.0000 
0.4911 0.9086 0.0000 1.0000 
0.6240 0.5223 0.0000 1.0000 
0.2515 0.2032 1.0000 0.0000 
0.1436 0.7611 0.0000 1.0000 
0.6408 0.2756 1.0000 0.0000 
0.0318 0.8389 1.0000 0.0000 
0.8000 0.9702 0.0000 1.0000 
0.7464 0.7828 1.0000 0.0000 
0.4837 0.6167 0.0000 1.0000 
0.3647 0.5020 1.0000 0.0000 
0.7549 0.2322 0.0000 1.0000 
0.7864 0.1881 0.0000 1.0000 
0.5281 0.8059 0.0000 1.0000 
0.9780 0.8808 1.0000 0.0000 
0.4004 0.9777 1.0000 0.0000 
0.4078 0.0957 0.0000 1.0000 
0.4772 0.4516 1.0000 0.0000 
0.3118 0.6596 1.0000 0.0000 
0.2436 0.0894 1.0000 0.0000 
0.4748 0.4990 1.0000 0.0000 
0.9085 0.5716 0.0000 1.0000 
0.3010 0.2962 1.0000 0.0000 
0.7949 0.8351 1.0000 0.0000 
0.6645 0.8542 1.0000 0.0000 
0.0723 0.5329 1.0000 0.0000 
0.3516 0.6268 0.0000 1.0000 
0.0002 0.6471 0.0000 1.0000 
0.6528 0.0965 0.0000 1.0000 
0.2347 0.6163 0.0000 1.0000 
0.8048 0.2538 0.0000 1.0000 
0.0816 0.2034 0.0000 1.0000 
0.8191 0.2210 1.0000 0.0000 
0.8541 0.3881 1.0000 0.0000 
0.1400 0.6992 0.0000 1.0000 
0.0661 0.0649 1.0000 0.0000 
0.3382 0.8678 0.0000 1.0000 
0.2113 0.8983 0.0000 1.0000 
0.1007 0.1487 0.0000 1.0000 
0.6716 0.6975 0.0000 1.0000 
0.9480 0.5234 0.0000 1.0000 
0.0851 0.0875 1.0000 0.0000 
0.3216 0.5626 1.0000 0.0000 
0.0301 0.5104 0.0000 1.0000 
0.4908 0.6834 1.0000 0.0000 
0.0441 0.5710 1.0000 0.0000 
0.7143 0.2089 1.0000 0.0000 
0.2396 0.5379 1.0000 0.0000 
0.0079 0.6396 1.0000 0.0000 
0.1818 0.0392 0.0000 1.0000 
0.1243 0.5937 0.0000 1.0000 
0.4903 0.2701 0.0000 1.0000 
0.8756 0.6966 0.0000 1.0000 
0.8168 0.7288 1.0000 0.0000 
0.6979 0.2081 0.0000 1.0000 
0.0017 0.2077 0.0000 1.0000 
0.1988 0.3107 0.0000 1.0000 
0.5314 0.1784 0.0000 1.0000 
0.3460 0.1504 0.0000 1.0000 
0.4871 0.6392 0.0000 1.0000 
0.0921 0.7370 0.0000 1.0000 
0.4171 0.0636 1.0000 0.0000 
0.2154 0.4516 0.0000 1.0000 
0.4585 0.1948 0.0000 1.0000 
0.9596 0.5509 0.0000 1.0000 
0.3084 0.0259 0.0000 1.0000 
0.7894 0.1794 1.0000 0.0000 
0.4577 0.0660 1.0000 0.0000 
0.6890 0.7765 0.0000 1.0000 
0.6388 0.3119 0.0000 1.0000 
0.8013 0.0479 0.0000 1.0000 
0.3999 0.4554 0.0000 1.0000 
0.8276 0.2185 0.0000 1.0000 
0.6487 0.0625 0.0000 1.0000 
0.5783 0.2342 0.0000 1.0000 
0.2272 0.7586 0.0000 1.0000 
0.7856 0.1374 1.0000 0.0000 
0.9656 0.0790 0.0000 1.0000 
0.7666 0.2421 0.0000 1.0000 
0.9644 0.4350 0.0000 1.0000 
0.3189 0.4260 0.0000 1.0000 
0.2603 0.2500 1.0000 0.0000 
0.4873 0.2178 1.0000 0.0000 
0.4554 0.5426 1.0000 0.0000 
0.2067 0.6406 0.0000 1.0000 
0.0773 0.0199 1.0000 0.0000 
0.2001 0.1824 1.0000 0.0000 
0.8746 0.0504 0.0000 1.0000 
0.9219 0.7254 1.0000 0.0000 
0.6742 0.9105 0.0000 1.0000 
0.8841 0.1928 0.0000 1.0000 
0.4107 0.2532 1.0000 0.0000 
0.6858 0.6749 0.0000 1.0000 
0.7765 0.7883 1.0000 0.0000 
0.5653 0.9104 0.0000 1.0000 
0.2149 0.0220 0.0000 1.0000 
0.1659 0.6326 1.0000 0.0000 
0.5638 0.7920 1.0000 0.0000 
0.4833 0.4612 1.0000 0.0000 
0.6051 0.6081 1.0000 0.0000 
0.9332 0.0527 0.0000 1.0000 
0.9592 0.3063 0.0000 1.0000 
0.3357 0.1981 0.0000 1.0000 
0.9353 0.3551 0.0000 1.0000 
0.2539 0.8486 1.0000 0.0000 
0.0026 0.5738 1.0000 0.0000 
0.1724 0.5396 1.0000 0.0000 
0.6648 0.4716 1.0000 0.0000 
0.0715 0.8507 1.0000 0.0000 
0.3129 0.6283 0.0000 1.0000 
0.3888 0.5571 1.0000 0.0000 
0.7709 0.4244 0.0000 1.0000 
0.2686 0.5828 1.0000 0.0000 
0.9104 0.5775 0.0000 1.0000 
0.5053 0.2245 1.0000 0.0000 
0.4909 0.5937 1.0000 0.0000 
0.1841 0.8269 0.0000 1.0000 
0.6388 0.9556 1.0000 0.0000 
0.9538 0.3377 1.0000 0.0000 
0.3977 0.2047 0.0000 1.0000 
0.6510 0.2624 1.0000 0.0000 
0.4520 0.0986 1.0000 0.0000 
0.8225 0.9064 0.0000 1.0000 
0.0707 0.5472 0.0000 1.0000 
0.7561 0.4797 0.0000 1.0000 
0.2706 0.9373 0.0000 1.0000 
0.4857 0.0903 0.0000 1.0000 
0.8090 0.4930 0.0000 1.0000 
0.1652 0.7304 1.0000 0.0000 
0.0386 0.6760 1.0000 0.0000 
0.9835 0.1920 0.0000 1.0000 
0.8280 0.2384 1.0000 0.0000 
0.9755 0.3540 0.0000 1.0000 
0.9188 0.5652 0.0000 1.0000 
0.0281 0.3047 0.0000 1.0000 
0.7588 0.0427 0.0000 1.0000 
0.8288 0.9519 1.0000 0.0000 
0.7046 0.9699 0.0000 1.0000 
0.3730 0.6940 1.0000 0.0000 
0.7812 0.7692 1.0000 0.0000 
0.4986 0.1606 1.0000 0.0000 
0.4061 0.8521 1.0000 0.0000 
0.4057 0.8307 1.0000 0.0000 
0.8942 0.4518 0.0000 1.0000 
0.4884 0.9394 0.0000 1.0000 
0.5908 0.9410 1.0000 0.0000 
0.5545 0.0158 0.0000 1.0000 
0.2053 0.7808 0.0000 1.0000 
0.0847 0.9460 1.0000 0.0000 
0.5334 0.2574 1.0000 0.0000 
0.5281 0.7200 1.0000 0.0000 
0.6847 0.6747 1.0000 0.0000 
0.1043 0.9776 0.0000 1.0000 
0.8362 0.7894 1.0000 0.0000 
0.6016 0.8537 1.0000 0.0000 
0.9313 0.2095 1.0000 0.0000 
0.2084 0.2637 1.0000 0.0000 
0.2548 0.9722 1.0000 0.0000 
0.9192 0.0363 0.0000 1.0000 
0.2104 0.2115 1.0000 0.0000 
0.4061 0.2044 1.0000 0.0000 
0.9480 0.1284 1.0000 0.0000 
0.4764 0.1249 0.0000 1.0000 
0.6376 0.4244 1.0000 0.0000 
0.2545 0.3919 0.0000 1.0000 
0.1077 0.9957 1.0000 0.0000 
0.3369 0.7177 1.0000 0.0000 
0.3815 0.4273 0.0000 1.0000 
0.0834 0.3140 0.0000 1.0000 
0.4949 0.4247 1.0000 0.0000 
0.8743 0.7067 0.0000 1.0000 
0.0609 0.1312 0.0000 1.0000 
0.0289 0.6308 0.0000 1.0000 
0.2507 0.3092 0.0000 1.0000 
0.3339 0.8966 1.0000 0.0000 
0.8641 0.2725 0.0000 1.0000 
0.8172 0.8960 0.0000 1.0000 
0.0512 0.0621 1.0000 0.0000 
0.7067 0.8243 1.0000 0.0000 
0.2076 0.6812 0.0000 1.0000 
0.7981 0.9668 1.0000 0.0000 
0.3452 0.7730 1.0000 0.0000 
0.1847 0.0318 0.0000 1.0000 
0.2749 0.7472 0.0000 1.0000 
0.3114 0.8591 1.0000 0.0000 
0.0391 0.0363 0.0000 1.0000 
0.0835 0.0736 1.0000 0.0000 
0.9254 0.9151 1.0000 0.0000 
0.7881 0.0682 0.0000 1.0000 
0.6805 0.3334 0.0000 1.0000 
0.9463 0.2967 1.0000 0.0000 
0.1517 0.0775 1.0000 0.0000 
0.4033 0.2110 0.0000 1.0000 
0.7001 0.1221 1.0000 0.0000 
0.8398 0.0628 1.0000 0.0000 
0.6742 0.8390 0.0000 1.0000 
0.8113 0.9822 0.0000 1.0000 
0.0820 0.3480 0.0000 1.0000 
0.8969 0.4056 0.0000 1.0000 
0.6470 0.3273 0.0000 1.0000 
0.2359 0.4913 0.0000 1.0000 
0.9854 0.1477 0.0000 1.0000 
0.7034 0.9328 0.0000 1.0000 
0.8345 0.8593 1.0000 0.0000 
0.8079 0.4876 0.0000 1.0000 
0.6111 0.5141 0.0000 1.0000 
0.8225 0.5958 1.0000 0.0000 
0.3413 0.7770 0.0000 1.0000 
0.8266 0.5434 1.0000 0.0000 
0.5582 0.4001 1.0000 0.0000 
0.4572 0.6549 1.0000 0.0000 
0.1076 0.9887 0.0000 1.0000 
0.3983 0.3600 1.0000 0.0000 
0.8019 0.9187 0.0000 1.0000 
0.9771 0.7369 1.0000 0.0000 
0.9518 0.3775 0.0000 1.0000 
0.4990 0.0780 1.0000 0.0000 
0.9416 0.3879 0.0000 1.0000 
0.1285 0.0645 1.0000 0.0000 
0.9922 0.8867 1.0000 0.0000 
