1 0 0 0.647312164379168 0.352687835620832 0
0 1 1 0.413124555486936 0.586875444513064 1
0 1 1 0.638941147725418 0.361058852274582 0
0 1 1 0.309872846445974 0.690127153554026 1
1 0 0 0.420531784346211 0.579468215653789 1
1 0 0 0.594233186272336 0.405766813727664 0
0 1 1 0.665560819168011 0.334439180831989 0
0 1 1 0.630766615672106 0.369233384327894 0
0 1 1 0.632591885044536 0.367408114955464 0
1 0 0 0.645376702411568 0.354623297588432 0
1 0 0 0.536473159103238 0.463526840896762 0
1 0 0 0.620651394933125 0.379348605066875 0
0 1 1 0.308480099615811 0.691519900384189 1
0 1 1 0.352509171021769 0.647490828978231 1
1 0 0 0.599141094363658 0.400858905636342 0
1 0 0 0.4166439113331 0.5833560886669 1
1 0 0 0.580752679942653 0.419247320057347 0
0 1 1 0.668570258110471 0.331429741889529 0
0 1 1 0.336981105470613 0.663018894529387 1
0 1 1 0.367476066142866 0.632523933857134 1
1 0 0 0.313299763905392 0.686700236094608 1
0 1 1 0.600684639822718 0.399315360177282 0
0 1 1 0.53575075712135 0.46424924287865 0
0 1 1 0.592015208057978 0.407984791942022 0
1 0 0 0.315331488522968 0.684668511477032 1
0 1 1 0.316404911950707 0.683595088049293 1
1 0 0 0.604117896788223 0.395882103211777 0
0 1 1 0.347057283699282 0.652942716300718 1
0 1 1 0.622895401607519 0.377104598392481 0
1 0 0 0.662297033775248 0.337702966224752 0
0 1 1 0.640064839700854 0.359935160299146 0
1 0 0 0.587880794101107 0.412119205898893 0
1 0 0 0.563429569580348 0.436570430419653 0
0 1 1 0.54073991443877 0.45926008556123 0
1 0 0 0.537647207589011 0.46235279241099 0
0 1 1 0.53859447295693 0.461405527043071 0
1 0 0 0.369084610881609 0.630915389118391 1
1 0 0 0.536763797117197 0.463236202882803 0
0 1 1 0.40907686482242 0.59092313517758 1
0 1 1 0.664071992593932 0.335928007406068 0
0 1 1 0.339528651027001 0.660471348972999 1
1 0 0 0.516801553809637 0.483198446190363 0
1 0 0 0.680742580400881 0.319257419599119 0
1 0 0 0.658205763691079 0.341794236308921 0
1 0 0 0.331951966053988 0.668048033946012 1
0 1 1 0.316800889280374 0.683199110719626 1
1 0 0 0.66347176691398 0.33652823308602 0
0 1 1 0.401565878747572 0.598434121252428 1
1 0 0 0.427955732979765 0.572044267020235 1
0 1 1 0.404187454241836 0.595812545758164 1
1 0 0 0.607421003888705 0.392578996111295 0
0 1 1 0.331392225118957 0.668607774881043 1
0 1 1 0.35455658865518 0.64544341134482 1
0 1 1 0.357296179894804 0.642703820105196 1
0 1 1 0.646759424038327 0.353240575961673 0
1 0 0 0.678028210160968 0.321971789839032 0
0 1 1 0.587679458328981 0.412320541671019 0
1 0 0 0.594201615291733 0.405798384708267 0
1 0 0 0.627442629621627 0.372557370378374 0
1 0 0 0.588459245650871 0.411540754349129 0
0 1 1 0.417381274361718 0.582618725638282 1
0 1 1 0.682254158329488 0.317745841670512 0
1 0 0 0.541834600929272 0.458165399070728 0
1 0 0 0.652701960821611 0.347298039178389 0
0 1 1 0.329446243152661 0.670553756847339 1
1 0 0 0.374633133831993 0.625366866168007 1
1 0 0 0.685550662173493 0.314449337826507 0
0 1 1 0.519836881139235 0.480163118860765 0
1 0 0 0.618641281038411 0.381358718961589 0
0 1 1 0.304971702350422 0.695028297649578 1
1 0 0 0.680649088894354 0.319350911105646 0
0 1 1 0.515197143711302 0.484802856288698 0
0 1 1 0.546672187887857 0.453327812112143 0
1 0 0 0.627233253946014 0.372766746053986 0
1 0 0 0.684674506728299 0.315325493271701 0
1 0 0 0.669907672131137 0.330092327868864 0
1 0 0 0.667840169623713 0.332159830376287 0
1 0 0 0.654221718088533 0.345778281911467 0
1 0 0 0.684902485403251 0.315097514596749 0
0 1 1 0.483504017152185 0.516495982847815 1
1 0 0 0.360743619615449 0.639256380384551 1
0 1 1 0.60576245828049 0.39423754171951 0
1 0 0 0.60730797550562 0.39269202449438 0
0 1 1 0.533032281959912 0.466967718040088 0
1 0 0 0.659210222394451 0.340789777605549 0
1 0 0 0.666875872215592 0.333124127784408 0
0 1 1 0.671212576433225 0.328787423566775 0
1 0 0 0.534106862101281 0.465893137898719 0
1 0 0 0.620053507931696 0.379946492068304 0
0 1 1 0.467922911146644 0.532077088853356 1
1 0 0 0.362028199582395 0.637971800417605 1
1 0 0 0.439120546738671 0.560879453261329 1
0 1 1 0.525795443490686 0.474204556509314 0
0 1 1 0.599925223941298 0.400074776058702 0
0 1 1 0.366304369135142 0.633695630864858 1
1 0 0 0.668159224677993 0.331840775322007 0
0 1 1 0.555438055341683 0.444561944658317 0
1 0 0 0.540464866872199 0.459535133127801 0
0 1 1 0.681644195428427 0.318355804571573 0
1 0 0 0.683067894621868 0.316932105378132 0
1 0 0 0.649561986263543 0.350438013736457 0
0 1 1 0.313310363408816 0.686689636591185 1
1 0 0 0.656798748831173 0.343201251168827 0
0 1 1 0.631281162538998 0.368718837461002 0
0 1 1 0.591146570004736 0.408853429995264 0
1 0 0 0.410829487892473 0.589170512107527 1
0 1 1 0.618857649811682 0.381142350188318 0
1 0 0 0.336990225008085 0.663009774991915 1
0 1 1 0.660925686525643 0.339074313474357 0
0 1 1 0.652122437368303 0.347877562631697 0
0 1 1 0.502006150834796 0.497993849165204 0
1 0 0 0.683761113783935 0.316238886216065 0
0 1 1 0.483130788258734 0.516869211741266 1
0 1 1 0.662304095978095 0.337695904021905 0
0 1 1 0.578229912141854 0.421770087858146 0
0 1 1 0.315826136469121 0.684173863530879 1
1 0 0 0.660021760410604 0.339978239589396 0
0 1 1 0.58177518541769 0.41822481458231 0
1 0 0 0.662590939688224 0.337409060311776 0
1 0 0 0.478628202656616 0.521371797343384 1
1 0 0 0.356597495319824 0.643402504680175 1
0 1 1 0.481353800515264 0.518646199484736 1
0 1 1 0.618596217154139 0.381403782845861 0
1 0 0 0.440336481879677 0.559663518120323 1
0 1 1 0.521354064151198 0.478645935848802 0
1 0 0 0.627536604388114 0.372463395611885 0
0 1 1 0.567372438078969 0.432627561921031 0
1 0 0 0.309412678034072 0.690587321965928 1
1 0 0 0.629247258389683 0.370752741610317 0
1 0 0 0.606945264902006 0.393054735097994 0
0 1 1 0.631674384220103 0.368325615779897 0
1 0 0 0.675873383001324 0.324126616998675 0
0 1 1 0.327437644578353 0.672562355421647 1
1 0 0 0.309668171719933 0.690331828280067 1
0 1 1 0.308335977809775 0.691664022190225 1
1 0 0 0.61030409855644 0.38969590144356 0
1 0 0 0.568166774069154 0.431833225930846 0
0 1 1 0.593265491894311 0.406734508105689 0
0 1 1 0.628688729714898 0.371311270285102 0
1 0 0 0.669785290993303 0.330214709006697 0
0 1 1 0.45934055682696 0.54065944317304 1
0 1 1 0.492754641610751 0.507245358389249 1
0 1 1 0.68026069165451 0.31973930834549 0
0 1 1 0.391353581919509 0.608646418080491 1
0 1 1 0.308877753522359 0.691122246477641 1
0 1 1 0.414495726660709 0.585504273339291 1
0 1 1 0.662915851799865 0.337084148200135 0
1 0 0 0.608505918236208 0.391494081763792 0
1 0 0 0.605512702967866 0.394487297032134 0
0 1 1 0.678408392312354 0.321591607687646 0
1 0 0 0.660725028205578 0.339274971794422 0
1 0 0 0.596147071371225 0.403852928628775 0
0 1 1 0.680129232429219 0.319870767570782 0
0 1 1 0.412203597391067 0.587796402608934 1
0 1 1 0.329730891874352 0.670269108125648 1
1 0 0 0.474546603966136 0.525453396033864 1
1 0 0 0.523664577596533 0.476335422403467 0
1 0 0 0.435119895441306 0.564880104558694 1
0 1 1 0.359307078486639 0.640692921513362 1
1 0 0 0.662311684864579 0.337688315135421 0
0 1 1 0.683735993413282 0.316264006586718 0
1 0 0 0.373209895125225 0.626790104874775 1
1 0 0 0.663611293503751 0.336388706496249 0
0 1 1 0.60030491331546 0.39969508668454 0
0 1 1 0.335722954857918 0.664277045142082 1
1 0 0 0.334252102114722 0.665747897885278 1
0 1 1 0.672131083446693 0.327868916553307 0
0 1 1 0.34202144406441 0.65797855593559 1
0 1 1 0.628673847986335 0.371326152013665 0
1 0 0 0.683839648868189 0.316160351131811 0
1 0 0 0.459504589994064 0.540495410005936 1
1 0 0 0.614197319640764 0.385802680359236 0
0 1 1 0.335380647235914 0.664619352764086 1
0 1 1 0.531015335940464 0.468984664059536 0
1 0 0 0.589015895908628 0.410984104091372 0
1 0 0 0.418915286861553 0.581084713138447 1
0 1 1 0.371732041988163 0.628267958011837 1
0 1 1 0.361365146260548 0.638634853739452 1
1 0 0 0.653852775438583 0.346147224561417 0
1 0 0 0.580541642580178 0.419458357419822 0
0 1 1 0.597445532271782 0.402554467728218 0
1 0 0 0.456286497619625 0.543713502380375 1
0 1 1 0.669012398211672 0.330987601788328 0
1 0 0 0.365477098598501 0.634522901401499 1
1 0 0 0.565549081379642 0.434450918620358 0
0 1 1 0.383509055839667 0.616490944160333 1
0 1 1 0.667406715591656 0.332593284408344 0
0 1 1 0.677081918063812 0.322918081936188 0
1 0 0 0.462290203499924 0.537709796500076 1
1 0 0 0.638230129537569 0.361769870462431 0
1 0 0 0.406774734611339 0.593225265388662 1
1 0 0 0.460836690737176 0.539163309262824 1
0 1 1 0.319164291381642 0.680835708618358 1
1 0 0 0.601634905112487 0.398365094887513 0
1 0 0 0.603907374866679 0.396092625133321 0
0 1 1 0.403894929235897 0.596105070764103 1
0 1 1 0.663776747585755 0.336223252414245 0
1 0 0 0.374262150632569 0.625737849367431 1
1 0 0 0.66226241168342 0.33773758831658 0
1 0 0 0.684193978580986 0.315806021419014 0
1 0 0 0.565640795774166 0.434359204225834 0
1 0 0 0.657985497151965 0.342014502848035 0
1 0 0 0.549422699539408 0.450577300460592 0
1 0 0 0.648521320572119 0.351478679427881 0
1 0 0 0.564653443270335 0.435346556729665 0
0 1 1 0.611540208188047 0.388459791811953 0
0 1 1 0.558758634011173 0.441241365988827 0
0 1 1 0.655940355078832 0.344059644921168 0
0 1 1 0.404057726054143 0.595942273945857 1
1 0 0 0.680601863468837 0.319398136531163 0
0 1 1 0.401462418100596 0.598537581899404 1
1 0 0 0.63509599141577 0.36490400858423 0
1 0 0 0.656661045399545 0.343338954600455 0
1 0 0 0.676620967541088 0.323379032458912 0
1 0 0 0.648196001317656 0.351803998682344 0
1 0 0 0.488209431233054 0.511790568766946 1
0 1 1 0.4377645135855 0.562235486414501 1
0 1 1 0.595956192683785 0.404043807316215 0
0 1 1 0.612694097572148 0.387305902427852 0
0 1 1 0.372824509206898 0.627175490793102 1
1 0 0 0.436920190642575 0.563079809357425 1
0 1 1 0.308144294641687 0.691855705358313 1
0 1 1 0.324809785014398 0.675190214985602 1
1 0 0 0.653926142064887 0.346073857935113 0
1 0 0 0.672727664306432 0.327272335693568 0
1 0 0 0.458623649233205 0.541376350766795 1
0 1 1 0.661860678786557 0.338139321213443 0
0 1 1 0.580735202905963 0.419264797094037 0
0 1 1 0.506697060262082 0.493302939737918 0
0 1 1 0.554359258996449 0.445640741003551 0
1 0 0 0.686885289030482 0.313114710969518 0
1 0 0 0.451013623468879 0.548986376531122 1
0 1 1 0.429308765301339 0.57069123469866 1
1 0 0 0.369625662533275 0.630374337466726 1
1 0 0 0.369555261370941 0.630444738629059 1
1 0 0 0.605849773702297 0.394150226297703 0
1 0 0 0.675805955800965 0.324194044199035 0
0 1 1 0.353601961652652 0.646398038347348 1
1 0 0 0.395171507928522 0.604828492071478 1
1 0 0 0.571268474824136 0.428731525175864 0
0 1 1 0.685757002637406 0.314242997362594 0
1 0 0 0.675410170759699 0.324589829240301 0
0 1 1 0.334326343927374 0.665673656072626 1
0 1 1 0.493433923280016 0.506566076719984 1
0 1 1 0.683090084320763 0.316909915679237 0
0 1 1 0.634571559776513 0.365428440223487 0
1 0 0 0.411254942250514 0.588745057749486 1
0 1 1 0.369446765396466 0.630553234603534 1
1 0 0 0.391151377880309 0.608848622119691 1
1 0 0 0.672088158737953 0.327911841262047 0
0 1 1 0.447039530361397 0.552960469638603 1
1 0 0 0.371960516262038 0.628039483737962 1
0 1 1 0.524587573066919 0.475412426933081 0
0 1 1 0.53299578331372 0.46700421668628 0
1 0 0 0.587615989903536 0.412384010096464 0
0 1 1 0.325686740472599 0.674313259527401 1
0 1 1 0.510918819027814 0.489081180972186 0
0 1 1 0.445928656020413 0.554071343979587 1
0 1 1 0.394639780872599 0.605360219127401 1
1 0 0 0.381347366092241 0.618652633907759 1
0 1 1 0.413153876017406 0.586846123982594 1
1 0 0 0.320606196638919 0.679393803361081 1
1 0 0 0.638711024420857 0.361288975579142 0
0 1 1 0.454546960251104 0.545453039748896 1
1 0 0 0.558084528480318 0.441915471519682 0
1 0 0 0.489154348512535 0.510845651487465 1
0 1 1 0.592107910899005 0.407892089100995 0
0 1 1 0.319126251603302 0.680873748396698 1
1 0 0 0.642546728593137 0.357453271406863 0
0 1 1 0.334566492171724 0.665433507828276 1
1 0 0 0.386308811330866 0.613691188669134 1
0 1 1 0.675935448102094 0.324064551897906 0
0 1 1 0.349811358092109 0.650188641907891 1
1 0 0 0.345271443081883 0.654728556918117 1
1 0 0 0.614079593614683 0.385920406385317 0
0 1 1 0.667495956405163 0.332504043594837 0
1 0 0 0.373927131182286 0.626072868817714 1
0 1 1 0.639506687118025 0.360493312881975 0
0 1 1 0.625431843300828 0.374568156699172 0
0 1 1 0.426912808485367 0.573087191514633 1
1 0 0 0.667415643413245 0.332584356586755 0
1 0 0 0.657657061908366 0.342342938091634 0
1 0 0 0.408874582141338 0.591125417858662 1
1 0 0 0.497833606845159 0.502166393154841 1
0 1 1 0.623864124190977 0.376135875809023 0
0 1 1 0.308862748605989 0.691137251394011 1
0 1 1 0.421917060450957 0.578082939549043 1
1 0 0 0.59193132651321 0.40806867348679 0
0 1 1 0.3378180748068 0.6621819251932 1
0 1 1 0.656719768618255 0.343280231381745 0
0 1 1 0.586922232565077 0.413077767434923 0
1 0 0 0.684795662585503 0.315204337414497 0
1 0 0 0.678717050313049 0.321282949686951 0
0 1 1 0.400182444168935 0.599817555831065 1
0 1 1 0.332281422018114 0.667718577981886 1
1 0 0 0.680907249716549 0.319092750283451 0
0 1 1 0.528993964204854 0.471006035795146 0
0 1 1 0.510812113904841 0.489187886095158 0
1 0 0 0.623443620535679 0.376556379464321 0
1 0 0 0.335571491230991 0.664428508769009 1
1 0 0 0.67920675215133 0.32079324784867 0
1 0 0 0.621482368873606 0.378517631126394 0
0 1 1 0.58116656455816 0.41883343544184 0
1 0 0 0.419695817438336 0.580304182561664 1
0 1 1 0.65694047442926 0.34305952557074 0
1 0 0 0.67184805898018 0.32815194101982 0
0 1 1 0.672956832906213 0.327043167093787 0
0 1 1 0.422998864725191 0.577001135274809 1
0 1 1 0.611582033349714 0.388417966650286 0
0 1 1 0.674710939346871 0.325289060653129 0
0 1 1 0.331161166118295 0.668838833881705 1
1 0 0 0.485176892462287 0.514823107537713 1
0 1 1 0.535625698014978 0.464374301985022 0
0 1 1 0.511593302335489 0.488406697664512 0
0 1 1 0.558149000435147 0.441850999564852 0
1 0 0 0.637206426587502 0.362793573412498 0
1 0 0 0.65605620562892 0.34394379437108 0
1 0 0 0.62944714154842 0.37055285845158 0
1 0 0 0.381268355794841 0.618731644205159 1
0 1 1 0.440233928251347 0.559766071748653 1
0 1 1 0.339441190986526 0.660558809013474 1
1 0 0 0.684199175354399 0.315800824645601 0
0 1 1 0.351730964056301 0.648269035943699 1
1 0 0 0.467359124380595 0.532640875619405 1
1 0 0 0.681126743294639 0.318873256705361 0
0 1 1 0.421266527422994 0.578733472577006 1
0 1 1 0.330157483918971 0.669842516081029 1
1 0 0 0.652199403821497 0.347800596178503 0
0 1 1 0.391744891995943 0.608255108004057 1
0 1 1 0.438361283400831 0.561638716599169 1
0 1 1 0.682302979685431 0.317697020314569 0
1 0 0 0.325168663048441 0.674831336951559 1
0 1 1 0.682111478160714 0.317888521839286 0
0 1 1 0.597736145024122 0.402263854975878 0
1 0 0 0.380690694696158 0.619309305303842 1
1 0 0 0.563546082750506 0.436453917249494 0
1 0 0 0.424271362680136 0.575728637319864 1
0 1 1 0.467308032789386 0.532691967210615 1
0 1 1 0.660455257565534 0.339544742434466 0
0 1 1 0.359463923812461 0.640536076187539 1
0 1 1 0.504915287667862 0.495084712332138 0
0 1 1 0.481990037540689 0.518009962459311 1
0 1 1 0.673365414102271 0.326634585897729 0
1 0 0 0.449323151166415 0.550676848833585 1
0 1 1 0.641857717124819 0.358142282875182 0
1 0 0 0.659686057199693 0.340313942800307 0
0 1 1 0.604890121716452 0.395109878283548 0
1 0 0 0.417925931344391 0.582074068655609 1
1 0 0 0.685351784320212 0.314648215679788 0
0 1 1 0.649002797197738 0.350997202802262 0
1 0 0 0.572353212697247 0.427646787302753 0
0 1 1 0.672192644682096 0.327807355317904 0
0 1 1 0.444514690183701 0.555485309816299 1
0 1 1 0.324356553070241 0.675643446929759 1
0 1 1 0.683252578402045 0.316747421597955 0
1 0 0 0.666451878403923 0.333548121596077 0
1 0 0 0.577896997793034 0.422103002206966 0
1 0 0 0.493395335309393 0.506604664690607 1
0 1 1 0.664340726866817 0.335659273133183 0
1 0 0 0.317724926270793 0.682275073729207 1
0 1 1 0.39197388437716 0.60802611562284 1
1 0 0 0.41913384739808 0.58086615260192 1
1 0 0 0.658130878681797 0.341869121318203 0
1 0 0 0.552191939755174 0.447808060244826 0
1 0 0 0.516876759944822 0.483123240055178 0
0 1 1 0.377436664683431 0.622563335316569 1
1 0 0 0.631772914509711 0.368227085490289 0
0 1 1 0.300874054180267 0.699125945819733 1
1 0 0 0.318897174579008 0.681102825420992 1
1 0 0 0.374649056462816 0.625350943537184 1
0 1 1 0.680579492748512 0.319420507251488 0
1 0 0 0.468118973651095 0.531881026348905 1
1 0 0 0.558124018124438 0.441875981875562 0
0 1 1 0.323640351648266 0.676359648351734 1
0 1 1 0.581174100943887 0.418825899056113 0
0 1 1 0.349758873615011 0.650241126384989 1
1 0 0 0.570400262134946 0.429599737865054 0
1 0 0 0.584475391642947 0.415524608357053 0
1 0 0 0.672131213694082 0.327868786305918 0
1 0 0 0.433598673872716 0.566401326127284 1
0 1 1 0.521413289412622 0.478586710587378 0
0 1 1 0.585360042509958 0.414639957490042 0
1 0 0 0.382626948534839 0.617373051465161 1
0 1 1 0.653980554401583 0.346019445598417 0
1 0 0 0.679221974125551 0.320778025874449 0
0 1 1 0.560727037843175 0.439272962156825 0
0 1 1 0.528153423024502 0.471846576975498 0
0 1 1 0.672998074180788 0.327001925819212 0
1 0 0 0.359324213424996 0.640675786575004 1
0 1 1 0.686150576913172 0.313849423086828 0
1 0 0 0.677849783489838 0.322150216510162 0
1 0 0 0.63294712588457 0.367052874115429 0
0 1 1 0.365300194937658 0.634699805062343 1
1 0 0 0.610306271329144 0.389693728670856 0
0 1 1 0.669886428028095 0.330113571971905 0
0 1 1 0.675429781202527 0.324570218797473 0
0 1 1 0.355875910978982 0.644124089021018 1
1 0 0 0.536035175534601 0.463964824465399 0
0 1 1 0.666359461782034 0.333640538217966 0
0 1 1 0.476193491162166 0.523806508837834 1
1 0 0 0.635925575545014 0.364074424454986 0
1 0 0 0.594477170748588 0.405522829251412 0
1 0 0 0.337224831916437 0.662775168083563 1
0 1 1 0.529405488488353 0.470594511511647 0
0 1 1 0.325454490384598 0.674545509615402 1
1 0 0 0.428973460261872 0.571026539738129 1
1 0 0 0.485309616062486 0.514690383937514 1
1 0 0 0.648934091669655 0.351065908330345 0
1 0 0 0.669448735765016 0.330551264234984 0
1 0 0 0.395587693080182 0.604412306919817 1
1 0 0 0.597799720299474 0.402200279700526 0
1 0 0 0.588187337287134 0.411812662712866 0
0 1 1 0.555813624803609 0.444186375196391 0
1 0 0 0.3663205685945 0.6336794314055 1
1 0 0 0.597157843231686 0.402842156768314 0
0 1 1 0.646404678049974 0.353595321950026 0
1 0 0 0.496853210955435 0.503146789044565 1
1 0 0 0.345864384650592 0.654135615349408 1
0 1 1 0.472713819651776 0.527286180348224 1
0 1 1 0.666858099131895 0.333141900868105 0
0 1 1 0.554207727828882 0.445792272171119 0
1 0 0 0.654329167983393 0.345670832016607 0
0 1 1 0.613077561528244 0.386922438471756 0
1 0 0 0.621944342814711 0.378055657185289 0
1 0 0 0.632004916607136 0.367995083392864 0
0 1 1 0.660323969328015 0.339676030671985 0
0 1 1 0.312282118520969 0.687717881479031 1
1 0 0 0.489394848243406 0.510605151756594 1
1 0 0 0.630791914976453 0.369208085023547 0
1 0 0 0.548059271217678 0.451940728782322 0
1 0 0 0.664274184488852 0.335725815511148 0
1 0 0 0.644001122154856 0.355998877845144 0
1 0 0 0.614580449172536 0.385419550827464 0
1 0 0 0.357125283265484 0.642874716734516 1
0 1 1 0.56789198860673 0.43210801139327 0
1 0 0 0.36316628509287 0.63683371490713 1
1 0 0 0.489175803140277 0.510824196859722 1
1 0 0 0.651686712437598 0.348313287562402 0
1 0 0 0.593311061632887 0.406688938367113 0
1 0 0 0.548323935999579 0.451676064000421 0
1 0 0 0.683510128294934 0.316489871705066 0
1 0 0 0.580819837678695 0.419180162321305 0
1 0 0 0.672360116206633 0.327639883793367 0
0 1 1 0.476883460025219 0.523116539974781 1
1 0 0 0.666351299430381 0.333648700569619 0
0 1 1 0.433987942819392 0.566012057180608 1
0 1 1 0.342190733133629 0.657809266866371 1
0 1 1 0.661832894156508 0.338167105843492 0
0 1 1 0.463442260992859 0.536557739007141 1
1 0 0 0.660612604388728 0.339387395611272 0
1 0 0 0.555959165530434 0.444040834469566 0
0 1 1 0.681979310002833 0.318020689997167 0
1 0 0 0.520264615428239 0.479735384571762 0
0 1 1 0.375040199231815 0.624959800768185 1
1 0 0 0.357078249313976 0.642921750686024 1
0 1 1 0.636790679260914 0.363209320739086 0
0 1 1 0.671149190939344 0.328850809060656 0
0 1 1 0.638051362474037 0.361948637525963 0
1 0 0 0.555155920989683 0.444844079010317 0
1 0 0 0.628874887395607 0.371125112604393 0
0 1 1 0.659336344735813 0.340663655264186 0
1 0 0 0.383482003421699 0.616517996578302 1
0 1 1 0.333525617632205 0.666474382367795 1
1 0 0 0.673769339636049 0.326230660363951 0
1 0 0 0.64103361860985 0.35896638139015 0
1 0 0 0.673972110589456 0.326027889410544 0
0 1 1 0.647291775693131 0.352708224306869 0
1 0 0 0.638658916936288 0.361341083063712 0
0 1 1 0.492150026601275 0.507849973398725 1
0 1 1 0.432398757394511 0.567601242605489 1
0 1 1 0.654821860031288 0.345178139968712 0
1 0 0 0.570307416422665 0.429692583577335 0
1 0 0 0.3121148447189 0.6878851552811 1
0 1 1 0.370423889390464 0.629576110609536 1
0 1 1 0.309784127027058 0.690215872972942 1
1 0 0 0.674750418532774 0.325249581467226 0
1 0 0 0.666543668303959 0.333456331696041 0
0 1 1 0.4558718006454 0.5441281993546 1
1 0 0 0.354374362396552 0.645625637603448 1
0 1 1 0.471074628788728 0.528925371211272 1
0 1 1 0.373478347581773 0.626521652418227 1
1 0 0 0.592079607028778 0.407920392971222 0
1 0 0 0.491890451430298 0.508109548569702 1
1 0 0 0.622434660290574 0.377565339709426 0
0 1 1 0.646705352637505 0.353294647362495 0
1 0 0 0.393749185035963 0.606250814964037 1
1 0 0 0.33211753087473 0.66788246912527 1
1 0 0 0.647736983642153 0.352263016357847 0
1 0 0 0.655020597898118 0.344979402101882 0
1 0 0 0.373343762653181 0.626656237346819 1
0 1 1 0.374081983005341 0.625918016994659 1
1 0 0 0.680224021381122 0.319775978618878 0
1 0 0 0.681599454656967 0.318400545343033 0
0 1 1 0.337414102270855 0.662585897729145 1
0 1 1 0.562968799233612 0.437031200766388 0
1 0 0 0.670705996153798 0.329294003846202 0
1 0 0 0.534267442974871 0.465732557025129 0
1 0 0 0.685867239748603 0.314132760251397 0
0 1 1 0.32511983559879 0.67488016440121 1
1 0 0 0.336453448913359 0.663546551086641 1
1 0 0 0.434087903531302 0.565912096468698 1
1 0 0 0.415748636091528 0.584251363908472 1
0 1 1 0.637316848255203 0.362683151744797 0
1 0 0 0.490338444096878 0.509661555903122 1
1 0 0 0.450711809877449 0.549288190122551 1
1 0 0 0.588309104192357 0.411690895807643 0
0 1 1 0.311609413420398 0.688390586579602 1
1 0 0 0.673812578738743 0.326187421261257 0
0 1 1 0.595126933145568 0.404873066854432 0
1 0 0 0.60149004465606 0.39850995534394 0
1 0 0 0.555594828803477 0.444405171196523 0
1 0 0 0.67367739945928 0.32632260054072 0
0 1 1 0.577463934001464 0.422536065998536 0
1 0 0 0.67376397436429 0.32623602563571 0
0 1 1 0.538133024146457 0.461866975853543 0
1 0 0 0.664482356195711 0.335517643804289 0
0 1 1 0.446827379147447 0.553172620852553 1
0 1 1 0.344124731295554 0.655875268704446 1
0 1 1 0.674079969295129 0.325920030704871 0
0 1 1 0.382284586373773 0.617715413626227 1
1 0 0 0.54119730636027 0.45880269363973 0
1 0 0 0.643462097955658 0.356537902044342 0
0 1 1 0.560314256284264 0.439685743715736 0
0 1 1 0.344258737871508 0.655741262128492 1
1 0 0 0.573898004498913 0.426101995501087 0
1 0 0 0.628495129297176 0.371504870702824 0
1 0 0 0.626755007721966 0.373244992278034 0
0 1 1 0.314158618560447 0.685841381439553 1
0 1 1 0.484274061435561 0.515725938564438 1
0 1 1 0.322182100600194 0.677817899399806 1
1 0 0 0.578439631578054 0.421560368421946 0
1 0 0 0.346133302433443 0.653866697566557 1
0 1 1 0.398706160654204 0.601293839345796 1
1 0 0 0.317656198902557 0.682343801097443 1
0 1 1 0.615791967441965 0.384208032558035 0
1 0 0 0.676578813789255 0.323421186210745 0
0 1 1 0.683277694514207 0.316722305485793 0
0 1 1 0.615865092300637 0.384134907699363 0
1 0 0 0.578347352717474 0.421652647282526 0
1 0 0 0.649858205723888 0.350141794276112 0
0 1 1 0.525991938575603 0.474008061424397 0
0 1 1 0.543908007152545 0.456091992847456 0
0 1 1 0.658070758319299 0.341929241680701 0
1 0 0 0.439682856328609 0.560317143671391 1
0 1 1 0.377741074468742 0.622258925531259 1
0 1 1 0.669386864140573 0.330613135859427 0
1 0 0 0.55377423865156 0.44622576134844 0
1 0 0 0.448832054502362 0.551167945497638 1
1 0 0 0.656722342329911 0.343277657670089 0
1 0 0 0.576426086666099 0.423573913333901 0
0 1 1 0.432463576229208 0.567536423770792 1
1 0 0 0.530259229632532 0.469740770367468 0
0 1 1 0.352903005057745 0.647096994942255 1
1 0 0 0.354840766309042 0.645159233690958 1
1 0 0 0.323115749716748 0.676884250283252 1
1 0 0 0.604055586879162 0.395944413120838 0
1 0 0 0.675638984965429 0.324361015034571 0
0 1 1 0.554956847407861 0.445043152592139 0
1 0 0 0.409031437745357 0.590968562254643 1
1 0 0 0.673655374045746 0.326344625954254 0
1 0 0 0.622144210739241 0.377855789260759 0
0 1 1 0.463505826629313 0.536494173370687 1
1 0 0 0.677963072269717 0.322036927730283 0
0 1 1 0.671658041876446 0.328341958123554 0
0 1 1 0.653532517273219 0.346467482726781 0
0 1 1 0.67741822921962 0.32258177078038 0
1 0 0 0.583565025799132 0.416434974200868 0
1 0 0 0.336580138462808 0.663419861537192 1
0 1 1 0.56992623221705 0.43007376778295 0
1 0 0 0.370876919775349 0.629123080224651 1
1 0 0 0.657384325009956 0.342615674990044 0
1 0 0 0.647050460485894 0.352949539514106 0
1 0 0 0.368918356390463 0.631081643609537 1
1 0 0 0.456375215592148 0.543624784407852 1
1 0 0 0.649965311374232 0.350034688625768 0
1 0 0 0.5069956998336 0.4930043001664 0
0 1 1 0.354292340859441 0.645707659140559 1
1 0 0 0.371453258467218 0.628546741532782 1
0 1 1 0.670532863162727 0.329467136837273 0
1 0 0 0.67163010875414 0.32836989124586 0
1 0 0 0.356889916362277 0.643110083637723 1
0 1 1 0.44309354509241 0.55690645490759 1
0 1 1 0.447523530742984 0.552476469257016 1
0 1 1 0.394126311032669 0.605873688967331 1
0 1 1 0.600703947607269 0.399296052392731 0
1 0 0 0.47758210987723 0.52241789012277 1
0 1 1 0.366576308322025 0.633423691677975 1
1 0 0 0.618889055001965 0.381110944998035 0
1 0 0 0.636254918430803 0.363745081569197 0
0 1 1 0.369031691702264 0.630968308297735 1
1 0 0 0.679415518913221 0.320584481086778 0
0 1 1 0.322369883371597 0.677630116628403 1
0 1 1 0.500559289046542 0.499440710953458 0
1 0 0 0.591636034013836 0.408363965986164 0
1 0 0 0.370833590156763 0.629166409843237 1
0 1 1 0.485541647543885 0.514458352456115 1
0 1 1 0.334354674100454 0.665645325899546 1
0 1 1 0.389327397885946 0.610672602114054 1
0 1 1 0.353311775455329 0.646688224544671 1
0 1 1 0.595365485232308 0.404634514767692 0
1 0 0 0.675806106627357 0.324193893372643 0
1 0 0 0.678862906085398 0.321137093914602 0
1 0 0 0.619798049298681 0.380201950701319 0
1 0 0 0.679192016781637 0.320807983218363 0
0 1 1 0.679207362625876 0.320792637374124 0
1 0 0 0.641053733669618 0.358946266330382 0
1 0 0 0.358127653404635 0.641872346595365 1
1 0 0 0.319956704338092 0.680043295661908 1
0 1 1 0.66089518734584 0.33910481265416 0
1 0 0 0.346427463351592 0.653572536648408 1
0 1 1 0.607034821780079 0.392965178219921 0
1 0 0 0.642141085117295 0.357858914882705 0
0 1 1 0.67866651788404 0.32133348211596 0
1 0 0 0.683427509003884 0.316572490996116 0
0 1 1 0.592249037427479 0.407750962572521 0
1 0 0 0.591310078243067 0.408689921756933 0
1 0 0 0.461117845738315 0.538882154261685 1
0 1 1 0.316459675749433 0.683540324250568 1
1 0 0 0.338291899756073 0.661708100243927 1
0 1 1 0.658320528341808 0.341679471658192 0
1 0 0 0.585270918306235 0.414729081693765 0
1 0 0 0.371582338037803 0.628417661962197 1
0 1 1 0.362636023486074 0.637363976513926 1
1 0 0 0.681667205562279 0.318332794437721 0
0 1 1 0.366348946003336 0.633651053996664 1
0 1 1 0.56466293399228 0.43533706600772 0
0 1 1 0.306271708063 0.693728291937 1
1 0 0 0.576727005247652 0.423272994752348 0
1 0 0 0.372919486902757 0.627080513097243 1
0 1 1 0.574128898239404 0.425871101760596 0
0 1 1 0.337898105912965 0.662101894087035 1
0 1 1 0.443479608189504 0.556520391810495 1
1 0 0 0.58570690897612 0.41429309102388 0
0 1 1 0.660413057677232 0.339586942322769 0
0 1 1 0.663384408303091 0.336615591696909 0
0 1 1 0.564074051177786 0.435925948822214 0
1 0 0 0.369529120686819 0.630470879313181 1
0 1 1 0.662694144460024 0.337305855539976 0
0 1 1 0.469125024823304 0.530874975176696 1
0 1 1 0.330637385436892 0.669362614563108 1
1 0 0 0.6273588182538 0.3726411817462 0
1 0 0 0.566147810057631 0.433852189942369 0
0 1 1 0.666614663658852 0.333385336341148 0
0 1 1 0.338840209094034 0.661159790905966 1
0 1 1 0.545859325956083 0.454140674043917 0
0 1 1 0.593320995413859 0.406679004586141 0
0 1 1 0.650015035977268 0.349984964022732 0
0 1 1 0.315050802988838 0.684949197011162 1
1 0 0 0.321306400458486 0.678693599541514 1
0 1 1 0.680784702426656 0.319215297573344 0
1 0 0 0.680895702445209 0.319104297554791 0
1 0 0 0.686198494872793 0.313801505127207 0
0 1 1 0.306656094308846 0.693343905691154 1
0 1 1 0.434886052207216 0.565113947792784 1
0 1 1 0.674790384850746 0.325209615149254 0
0 1 1 0.61955879267831 0.38044120732169 0
0 1 1 0.652392638731802 0.347607361268198 0
0 1 1 0.650794701688059 0.349205298311941 0
0 1 1 0.451451730425986 0.548548269574013 1
1 0 0 0.545159361428108 0.454840638571892 0
0 1 1 0.388880131245213 0.611119868754787 1
1 0 0 0.637997066709018 0.362002933290982 0
1 0 0 0.647042193924416 0.352957806075584 0
1 0 0 0.517600529082186 0.482399470917814 0
0 1 1 0.685343651086588 0.314656348913412 0
0 1 1 0.330038782506348 0.669961217493652 1
1 0 0 0.669215068073677 0.330784931926323 0
0 1 1 0.46290992877004 0.53709007122996 1
0 1 1 0.323480649136173 0.676519350863827 1
0 1 1 0.502179067231699 0.497820932768301 0
0 1 1 0.414002692775798 0.585997307224202 1
0 1 1 0.401732709080798 0.598267290919202 1
1 0 0 0.328750818023755 0.671249181976245 1
1 0 0 0.649885289401836 0.350114710598165 0
0 1 1 0.598510382633971 0.401489617366029 0
0 1 1 0.551467562570395 0.448532437429605 0
1 0 0 0.512664504730901 0.487335495269099 0
1 0 0 0.672047887045886 0.327952112954114 0
0 1 1 0.407502900672008 0.592497099327992 1
1 0 0 0.651623791506307 0.348376208493694 0
0 1 1 0.495709272468916 0.504290727531084 1
0 1 1 0.336691921559895 0.663308078440105 1
0 1 1 0.343208623895977 0.656791376104023 1
1 0 0 0.633726283009515 0.366273716990485 0
1 0 0 0.41618808860432 0.58381191139568 1
1 0 0 0.629798005673034 0.370201994326966 0
0 1 1 0.389126678394519 0.610873321605481 1
1 0 0 0.570732509049929 0.429267490950071 0
0 1 1 0.364936481822372 0.635063518177628 1
0 1 1 0.66343867957369 0.33656132042631 0
0 1 1 0.684293912465549 0.315706087534451 0
0 1 1 0.431996188195405 0.568003811804595 1
0 1 1 0.610426426398635 0.389573573601365 0
0 1 1 0.375240966346827 0.624759033653173 1
1 0 0 0.637793734040301 0.362206265959698 0
1 0 0 0.502148539642929 0.497851460357071 0
1 0 0 0.569953833509067 0.430046166490933 0
1 0 0 0.664119036615499 0.335880963384501 0
1 0 0 0.669252562656187 0.330747437343812 0
1 0 0 0.68319530599669 0.31680469400331 0
0 1 1 0.500304540678983 0.499695459321017 0
0 1 1 0.632203086694856 0.367796913305144 0
1 0 0 0.642989180779857 0.357010819220143 0
1 0 0 0.646775720516489 0.353224279483511 0
0 1 1 0.350804503837278 0.649195496162722 1
0 1 1 0.545952865809241 0.454047134190759 0
0 1 1 0.569762632469017 0.430237367530983 0
1 0 0 0.572296282067123 0.427703717932876 0
1 0 0 0.611564448775997 0.388435551224003 0
0 1 1 0.676306294014315 0.323693705985685 0
1 0 0 0.59491867334581 0.40508132665419 0
0 1 1 0.416866692045998 0.583133307954002 1
1 0 0 0.600671122305383 0.399328877694617 0
0 1 1 0.670142254588272 0.329857745411728 0
1 0 0 0.421283321423751 0.578716678576249 1
0 1 1 0.676381958940922 0.323618041059078 0
1 0 0 0.662353319596245 0.337646680403755 0
1 0 0 0.65162944167538 0.34837055832462 0
0 1 1 0.68459748141724 0.31540251858276 0
1 0 0 0.56633487314549 0.43366512685451 0
1 0 0 0.681825970716418 0.318174029283582 0
0 1 1 0.560079803839872 0.439920196160128 0
0 1 1 0.604368508586784 0.395631491413216 0
1 0 0 0.376794637425548 0.623205362574452 1
0 1 1 0.415957805565988 0.584042194434012 1
0 1 1 0.355532723087844 0.644467276912156 1
0 1 1 0.679080563527497 0.320919436472503 0
0 1 1 0.409689461654907 0.590310538345093 1
0 1 1 0.423239074484937 0.576760925515063 1
0 1 1 0.473426006444809 0.526573993555191 1
1 0 0 0.47807953087775 0.52192046912225 1
0 1 1 0.673491933259484 0.326508066740516 0
0 1 1 0.409471180359887 0.590528819640113 1
1 0 0 0.590641424089401 0.409358575910599 0
0 1 1 0.480977943613764 0.519022056386236 1
0 1 1 0.359070298780875 0.640929701219125 1
1 0 0 0.313709633792576 0.686290366207424 1
1 0 0 0.663864357248865 0.336135642751135 0
0 1 1 0.685842031529444 0.314157968470556 0
0 1 1 0.660819020912172 0.339180979087828 0
1 0 0 0.461012600116237 0.538987399883763 1
1 0 0 0.405119428976237 0.594880571023763 1
0 1 1 0.562602640551032 0.437397359448968 0
1 0 0 0.606594379148067 0.393405620851933 0
0 1 1 0.679274871475886 0.320725128524114 0
0 1 1 0.32020421640328 0.67979578359672 1
1 0 0 0.669142974059426 0.330857025940574 0
1 0 0 0.384062305622271 0.615937694377729 1
1 0 0 0.669962090605208 0.330037909394792 0
1 0 0 0.558682006855956 0.441317993144044 0
1 0 0 0.556446231778068 0.443553768221932 0
0 1 1 0.636104364697548 0.363895635302452 0
1 0 0 0.66790663628151 0.332093363718489 0
1 0 0 0.63963121761411 0.36036878238589 0
1 0 0 0.470331473798631 0.529668526201369 1
0 1 1 0.588674402595265 0.411325597404735 0
0 1 1 0.670344050316552 0.329655949683448 0
0 1 1 0.630977164214789 0.369022835785211 0
1 0 0 0.683856761945648 0.316143238054352 0
1 0 0 0.625984305334939 0.374015694665061 0
0 1 1 0.330150355570761 0.669849644429239 1
1 0 0 0.670938357612888 0.329061642387112 0
0 1 1 0.64846951036435 0.351530489635651 0
1 0 0 0.663471069916686 0.336528930083314 0
0 1 1 0.303462573889152 0.696537426110848 1
1 0 0 0.667943397094194 0.332056602905806 0
1 0 0 0.591974697480731 0.408025302519269 0
0 1 1 0.456075141096597 0.543924858903403 1
0 1 1 0.478067436539363 0.521932563460637 1
0 1 1 0.395524222488554 0.604475777511446 1
0 1 1 0.547678144400683 0.452321855599317 0
0 1 1 0.571875481114315 0.428124518885685 0
0 1 1 0.34096426105584 0.65903573894416 1
0 1 1 0.429691904795509 0.570308095204491 1
1 0 0 0.476636371134025 0.523363628865975 1
1 0 0 0.670027262643497 0.329972737356502 0
0 1 1 0.443604432428136 0.556395567571864 1
0 1 1 0.685874668560376 0.314125331439624 0
1 0 0 0.684353220238385 0.315646779761615 0
1 0 0 0.685072766941157 0.314927233058843 0
1 0 0 0.642110084141933 0.357889915858067 0
0 1 1 0.667315095117355 0.332684904882645 0
0 1 1 0.350315139612492 0.649684860387508 1
0 1 1 0.422983015681117 0.577016984318883 1
0 1 1 0.668042989381232 0.331957010618768 0
0 1 1 0.373312509274573 0.626687490725427 1
0 1 1 0.360289241695936 0.639710758304064 1
1 0 0 0.626788834465429 0.373211165534571 0
0 1 1 0.310203734519352 0.689796265480648 1
0 1 1 0.483086035653427 0.516913964346573 1
0 1 1 0.632727677590433 0.367272322409567 0
0 1 1 0.553377996524863 0.446622003475137 0
1 0 0 0.643335140499323 0.356664859500677 0
1 0 0 0.678193711103391 0.321806288896609 0
0 1 1 0.478218362596439 0.521781637403561 1
1 0 0 0.668538646092076 0.331461353907924 0
0 1 1 0.609180743537717 0.390819256462282 0
0 1 1 0.363715716869334 0.636284283130666 1
0 1 1 0.505179381088487 0.494820618911513 0
1 0 0 0.668162286977008 0.331837713022992 0
0 1 1 0.660304563484089 0.339695436515911 0
1 0 0 0.655355582710008 0.344644417289992 0
1 0 0 0.650465970589301 0.349534029410699 0
0 1 1 0.35572008968285 0.64427991031715 1
1 0 0 0.574363682483826 0.425636317516174 0
1 0 0 0.453429345503832 0.546570654496168 1
1 0 0 0.642040311006239 0.357959688993761 0
0 1 1 0.474995501408593 0.525004498591407 1
0 1 1 0.40791851614328 0.59208148385672 1
1 0 0 0.650415477420454 0.349584522579546 0
1 0 0 0.661314122583357 0.338685877416643 0
0 1 1 0.483203930470916 0.516796069529084 1
0 1 1 0.429395983875909 0.570604016124091 1
1 0 0 0.660914547671958 0.339085452328042 0
0 1 1 0.672781677967054 0.327218322032946 0
1 0 0 0.604859785694855 0.395140214305145 0
0 1 1 0.458751158253328 0.541248841746672 1
1 0 0 0.643266712086072 0.356733287913928 0
0 1 1 0.429708020332629 0.570291979667371 1
1 0 0 0.674673943025123 0.325326056974877 0
0 1 1 0.360797187029315 0.639202812970685 1
0 1 1 0.65857260772608 0.34142739227392 0
1 0 0 0.651983758939558 0.348016241060442 0
1 0 0 0.535633877329655 0.464366122670345 0
0 1 1 0.393719127877203 0.606280872122797 1
0 1 1 0.684882254514195 0.315117745485805 0
0 1 1 0.336807884683015 0.663192115316985 1
0 1 1 0.653389197042798 0.346610802957202 0
0 1 1 0.366735909271969 0.633264090728031 1
1 0 0 0.661550116036144 0.338449883963856 0
0 1 1 0.482972435354074 0.517027564645926 1
0 1 1 0.369222683310226 0.630777316689774 1
0 1 1 0.352213679206222 0.647786320793778 1
0 1 1 0.675887336410212 0.324112663589788 0
0 1 1 0.497103095125827 0.502896904874173 1
1 0 0 0.663131579303693 0.336868420696307 0
0 1 1 0.651976719646084 0.348023280353916 0
1 0 0 0.655215041795993 0.344784958204007 0
0 1 1 0.676258300289065 0.323741699710935 0
1 0 0 0.680803931548315 0.319196068451685 0
0 1 1 0.663321593159982 0.336678406840018 0
0 1 1 0.503023129656336 0.496976870343664 0
1 0 0 0.665650382209776 0.334349617790224 0
0 1 1 0.678756460083354 0.321243539916646 0
0 1 1 0.384014215678762 0.615985784321238 1
0 1 1 0.32419315170246 0.67580684829754 1
0 1 1 0.352664121352946 0.647335878647054 1
1 0 0 0.672800401977539 0.327199598022461 0
0 1 1 0.450534905150738 0.549465094849262 1
1 0 0 0.649401719599439 0.350598280400561 0
0 1 1 0.621105056800087 0.378894943199913 0
1 0 0 0.68099849159766 0.31900150840234 0
0 1 1 0.554262203699629 0.445737796300371 0
0 1 1 0.678488811403289 0.321511188596711 0
0 1 1 0.364895440573416 0.635104559426584 1
1 0 0 0.676220848025777 0.323779151974223 0
1 0 0 0.669805003089798 0.330194996910203 0
0 1 1 0.455607936616729 0.544392063383271 1
0 1 1 0.322860843832385 0.677139156167615 1
0 1 1 0.667483370963293 0.332516629036707 0
1 0 0 0.674705778925401 0.325294221074599 0
0 1 1 0.670606141153485 0.329393858846515 0
1 0 0 0.369626806285809 0.630373193714191 1
0 1 1 0.626522914024016 0.373477085975984 0
1 0 0 0.682213873989323 0.317786126010677 0
0 1 1 0.335008126533515 0.664991873466485 1
0 1 1 0.331978676128276 0.668021323871724 1
0 1 1 0.485165513096017 0.514834486903983 1
0 1 1 0.494083089559662 0.505916910440338 1
1 0 0 0.667440418384296 0.332559581615704 0
1 0 0 0.555402465818173 0.444597534181827 0
0 1 1 0.457274860321517 0.542725139678483 1
0 1 1 0.350475177504595 0.649524822495405 1
0 1 1 0.528482261567918 0.471517738432082 0
0 1 1 0.460484142513798 0.539515857486202 1
0 1 1 0.67112379766178 0.32887620233822 0
1 0 0 0.665133328802542 0.334866671197458 0
1 0 0 0.561398238825446 0.438601761174554 0
1 0 0 0.667673197665812 0.332326802334188 0
1 0 0 0.311729922484917 0.688270077515083 1
1 0 0 0.684022041598855 0.315977958401145 0
1 0 0 0.682999499087017 0.317000500912983 0
0 1 1 0.377617042380845 0.622382957619155 1
0 1 1 0.345234721817455 0.654765278182545 1
1 0 0 0.335272871724697 0.664727128275303 1
0 1 1 0.651552572890528 0.348447427109472 0
0 1 1 0.354387311924241 0.645612688075759 1
1 0 0 0.655752646419855 0.344247353580145 0
1 0 0 0.484883953791281 0.515116046208719 1
0 1 1 0.519504137045493 0.480495862954507 0
0 1 1 0.637450853529499 0.362549146470501 0
0 1 1 0.567414850874344 0.432585149125657 0
0 1 1 0.541353880886312 0.458646119113688 0
1 0 0 0.328655764162977 0.671344235837023 1
1 0 0 0.655650620232458 0.344349379767542 0
1 0 0 0.666390409294982 0.333609590705018 0
1 0 0 0.54561564532429 0.45438435467571 0
1 0 0 0.670918145933052 0.329081854066948 0
0 1 1 0.518296363287825 0.481703636712175 0
0 1 1 0.428311629496344 0.571688370503656 1
0 1 1 0.660597142820936 0.339402857179064 0
1 0 0 0.624477806777706 0.375522193222294 0
0 1 1 0.500262755527326 0.499737244472674 0
1 0 0 0.402006008708462 0.597993991291538 1
0 1 1 0.531253909790339 0.468746090209661 0
0 1 1 0.342726386298511 0.657273613701489 1
0 1 1 0.46078451484653 0.53921548515347 1
1 0 0 0.45384938120634 0.54615061879366 1
0 1 1 0.597960253177552 0.402039746822448 0
1 0 0 0.632667221308016 0.367332778691984 0
1 0 0 0.638526791808817 0.361473208191183 0
1 0 0 0.674925339429986 0.325074660570014 0
1 0 0 0.641475844689186 0.358524155310814 0
0 1 1 0.673924779707266 0.326075220292734 0
0 1 1 0.680611478209731 0.319388521790269 0
1 0 0 0.573302617480888 0.426697382519112 0
1 0 0 0.669186769851445 0.330813230148555 0
0 1 1 0.575268141850975 0.424731858149025 0
0 1 1 0.508292299788392 0.491707700211608 0
0 1 1 0.328810656512124 0.671189343487876 1
1 0 0 0.432643425226214 0.567356574773786 1
1 0 0 0.623749326338126 0.376250673661874 0
1 0 0 0.670130276853305 0.329869723146695 0
1 0 0 0.489346051144496 0.510653948855505 1
1 0 0 0.338974759469802 0.661025240530198 1
1 0 0 0.428932947468731 0.571067052531269 1
1 0 0 0.348727340892751 0.651272659107249 1
0 1 1 0.552482764643204 0.447517235356796 0
1 0 0 0.665654044345578 0.334345955654423 0
1 0 0 0.680393552613655 0.319606447386345 0
1 0 0 0.569087581927349 0.430912418072651 0
0 1 1 0.586032189357306 0.413967810642694 0
1 0 0 0.682532023462079 0.317467976537921 0
1 0 0 0.36964647004971 0.63035352995029 1
1 0 0 0.324707163118961 0.675292836881039 1
0 1 1 0.676588315764299 0.323411684235701 0
1 0 0 0.680268115819438 0.319731884180562 0
1 0 0 0.534198935450426 0.465801064549574 0
1 0 0 0.651386149028211 0.348613850971789 0
1 0 0 0.391848556471633 0.608151443528367 1
1 0 0 0.658353772569269 0.341646227430731 0
1 0 0 0.388092988195938 0.611907011804062 1
0 1 1 0.659471997997689 0.340528002002311 0
1 0 0 0.64201311760065 0.35798688239935 0
1 0 0 0.623539019730076 0.376460980269924 0
0 1 1 0.656118087343203 0.343881912656797 0
1 0 0 0.574283638041542 0.425716361958458 0
0 1 1 0.607903471034015 0.392096528965985 0
0 1 1 0.352162418143242 0.647837581856758 1
1 0 0 0.623810236998594 0.376189763001406 0
1 0 0 0.639519188949028 0.360480811050972 0
1 0 0 0.616838233616809 0.383161766383191 0
1 0 0 0.667263963946133 0.332736036053867 0
1 0 0 0.661118202305549 0.338881797694451 0
0 1 1 0.666640108373781 0.333359891626219 0
0 1 1 0.336874567289227 0.663125432710773 1
1 0 0 0.568515287415891 0.431484712584109 0
1 0 0 0.544042273027465 0.455957726972535 0
0 1 1 0.350616755379249 0.649383244620751 1
0 1 1 0.625111369678928 0.374888630321072 0
0 1 1 0.359531996659122 0.640468003340878 1
1 0 0 0.529868694158925 0.470131305841075 0
1 0 0 0.588796999611708 0.411203000388292 0
0 1 1 0.676190659314252 0.323809340685748 0
0 1 1 0.337491267113919 0.662508732886081 1
1 0 0 0.346641120178633 0.653358879821367 1
1 0 0 0.657319905223351 0.342680094776649 0
1 0 0 0.665636751972428 0.334363248027572 0
0 1 1 0.317241613067514 0.682758386932486 1
1 0 0 0.579338065821119 0.420661934178881 0
0 1 1 0.666871816638445 0.333128183361555 0
0 1 1 0.678540961744616 0.321459038255384 0
0 1 1 0.625604780015416 0.374395219984584 0
1 0 0 0.638160153378044 0.361839846621956 0
0 1 1 0.347367570761478 0.652632429238522 1
0 1 1 0.589750311313814 0.410249688686186 0
0 1 1 0.403869489555943 0.596130510444058 1
0 1 1 0.329386214976894 0.670613785023106 1
1 0 0 0.660278303533732 0.339721696466268 0
0 1 1 0.62719202147895 0.37280797852105 0
0 1 1 0.650993078788636 0.349006921211364 0
0 1 1 0.663431055161561 0.336568944838439 0
1 0 0 0.350452513198917 0.649547486801083 1
0 1 1 0.623303732332774 0.376696267667226 0
1 0 0 0.648536807182148 0.351463192817852 0
1 0 0 0.420337922767443 0.579662077232557 1
0 1 1 0.326357301603917 0.673642698396083 1
0 1 1 0.461192592885391 0.538807407114609 1
0 1 1 0.311144695825555 0.688855304174445 1
0 1 1 0.307286469877618 0.692713530122382 1
1 0 0 0.323383570864217 0.676616429135783 1
1 0 0 0.343072260489072 0.656927739510928 1
1 0 0 0.614308895608439 0.385691104391561 0
0 1 1 0.673883686334474 0.326116313665526 0
0 1 1 0.649125570993135 0.350874429006865 0
0 1 1 0.652552822387887 0.347447177612113 0
1 0 0 0.642513133921871 0.357486866078129 0
0 1 1 0.324272550853526 0.675727449146474 1
0 1 1 0.446827669390766 0.553172330609234 1
1 0 0 0.565319682489135 0.434680317510865 0
1 0 0 0.673195298529988 0.326804701470012 0
0 1 1 0.609156857283954 0.390843142716046 0
1 0 0 0.379385014528198 0.620614985471802 1
0 1 1 0.558978117215371 0.441021882784629 0
0 1 1 0.655889037124712 0.344110962875288 0
1 0 0 0.504592865777966 0.495407134222034 0
0 1 1 0.576402828125113 0.423597171874887 0
0 1 1 0.331693611573142 0.668306388426858 1
1 0 0 0.614542742523234 0.385457257476766 0
1 0 0 0.382901110965988 0.617098889034013 1
1 0 0 0.382325883134961 0.617674116865039 1
0 1 1 0.60341300804541 0.39658699195459 0
0 1 1 0.447498589381382 0.552501410618618 1
0 1 1 0.36327691761757 0.63672308238243 1
0 1 1 0.316938465573729 0.683061534426271 1
1 0 0 0.374436218248884 0.625563781751116 1
1 0 0 0.678888909717772 0.321111090282228 0
0 1 1 0.311340610790472 0.688659389209528 1
1 0 0 0.596591153960539 0.403408846039461 0
1 0 0 0.673441484452369 0.326558515547631 0
1 0 0 0.669846623631136 0.330153376368864 0
1 0 0 0.676739689976192 0.323260310023808 0
0 1 1 0.661782409489378 0.338217590510622 0
0 1 1 0.413552634443965 0.586447365556035 1
1 0 0 0.667697612592332 0.332302387407668 0
1 0 0 0.616075017541694 0.383924982458306 0
0 1 1 0.369617520800823 0.630382479199177 1
1 0 0 0.628293046344498 0.371706953655502 0
1 0 0 0.662778503917511 0.337221496082489 0
1 0 0 0.61296453556032 0.38703546443968 0
0 1 1 0.551423322249964 0.448576677750036 0
0 1 1 0.468001610956945 0.531998389043055 1
0 1 1 0.636197645641492 0.363802354358508 0
1 0 0 0.554163001514691 0.445836998485309 0
1 0 0 0.62476425694245 0.37523574305755 0
0 1 1 0.514936626546528 0.485063373453472 0
0 1 1 0.375369251031922 0.624630748968078 1
0 1 1 0.64548088824861 0.354519111751391 0
0 1 1 0.363939629237095 0.636060370762906 1
0 1 1 0.373595340692976 0.626404659307024 1
0 1 1 0.46597093412622 0.53402906587378 1
0 1 1 0.400057039022182 0.599942960977818 1
0 1 1 0.395331814157457 0.604668185842543 1
0 1 1 0.32480872137737 0.67519127862263 1
0 1 1 0.597888642115457 0.402111357884543 0
0 1 1 0.652624153257927 0.347375846742073 0
1 0 0 0.355357166926382 0.644642833073618 1
0 1 1 0.396474948172735 0.603525051827265 1
0 1 1 0.681287667897344 0.318712332102656 0
0 1 1 0.517956033312924 0.482043966687076 0
1 0 0 0.330273319989929 0.669726680010071 1
1 0 0 0.488949650847993 0.511050349152007 1
1 0 0 0.62148082968214 0.37851917031786 0
1 0 0 0.331715403620772 0.668284596379228 1
0 1 1 0.305110263216345 0.694889736783655 1
0 1 1 0.497685517902669 0.502314482097331 1
1 0 0 0.681446654780167 0.318553345219833 0
1 0 0 0.457109546185275 0.542890453814725 1
1 0 0 0.645074653247811 0.354925346752189 0
0 1 1 0.659275102025553 0.340724897974447 0
1 0 0 0.595870169994652 0.404129830005348 0
0 1 1 0.34881835635917 0.65118164364083 1
0 1 1 0.561434534341476 0.438565465658524 0
0 1 1 0.351561020053862 0.648438979946138 1
1 0 0 0.632376383327634 0.367623616672366 0
0 1 1 0.446649095160813 0.553350904839187 1
0 1 1 0.415025182957472 0.584974817042528 1
0 1 1 0.647501879599709 0.352498120400291 0
1 0 0 0.383586581830989 0.616413418169011 1
0 1 1 0.365836896095028 0.634163103904972 1
1 0 0 0.526892360181661 0.473107639818339 0
1 0 0 0.673318203920673 0.326681796079327 0
1 0 0 0.64432907926273 0.35567092073727 0
1 0 0 0.428820263058546 0.571179736941454 1
0 1 1 0.396431449143093 0.603568550856907 1
0 1 1 0.472653997852263 0.527346002147737 1
0 1 1 0.621713240227271 0.378286759772729 0
1 0 0 0.541954376382386 0.458045623617614 0
1 0 0 0.628225191307981 0.371774808692019 0
0 1 1 0.308027424250378 0.691972575749622 1
1 0 0 0.608601129406649 0.391398870593351 0
0 1 1 0.358522654501701 0.641477345498299 1
0 1 1 0.63461317538136 0.36538682461864 0
0 1 1 0.529422260886232 0.470577739113768 0
1 0 0 0.628819745364013 0.371180254635987 0
1 0 0 0.32876044802415 0.67123955197585 1
0 1 1 0.349675103782159 0.650324896217842 1
1 0 0 0.634548705152632 0.365451294847368 0
1 0 0 0.659806971855069 0.340193028144931 0
1 0 0 0.683703656940747 0.316296343059253 0
1 0 0 0.384283989441418 0.615716010558582 1
1 0 0 0.678397274052306 0.321602725947694 0
0 1 1 0.352118492368919 0.647881507631081 1
1 0 0 0.634367620131707 0.365632379868293 0
0 1 1 0.635222549235144 0.364777450764856 0
1 0 0 0.673707718079674 0.326292281920326 0
1 0 0 0.637698937864212 0.362301062135788 0
1 0 0 0.67411317655165 0.32588682344835 0
1 0 0 0.684361505676144 0.315638494323856 0
1 0 0 0.666274254832319 0.333725745167681 0
0 1 1 0.657878042060138 0.342121957939862 0
1 0 0 0.44024463903361 0.55975536096639 1
1 0 0 0.668439745711231 0.33156025428877 0
1 0 0 0.678600145122452 0.321399854877548 0
1 0 0 0.392816839953012 0.607183160046988 1
0 1 1 0.321543108029654 0.678456891970346 1
0 1 1 0.414723329825161 0.585276670174839 1
1 0 0 0.597916277730675 0.402083722269325 0
1 0 0 0.685412042815927 0.314587957184073 0
0 1 1 0.422719340078167 0.577280659921833 1
1 0 0 0.611325842150787 0.388674157849213 0
1 0 0 0.453415683554695 0.546584316445305 1
1 0 0 0.547760191140025 0.452239808859975 0
0 1 1 0.659708888393906 0.340291111606094 0
1 0 0 0.657503149084751 0.342496850915249 0
0 1 1 0.334734347326503 0.665265652673497 1
0 1 1 0.361142046129944 0.638857953870056 1
1 0 0 0.629940635004012 0.370059364995988 0
1 0 0 0.662154451619783 0.337845548380217 0
0 1 1 0.634345680154578 0.365654319845422 0
0 1 1 0.500029671361718 0.499970328638282 0
0 1 1 0.618682021198152 0.381317978801848 0
0 1 1 0.412652269976476 0.587347730023524 1
1 0 0 0.568123128414322 0.431876871585678 0
0 1 1 0.598609815222824 0.401390184777176 0
1 0 0 0.539860639416998 0.460139360583002 0
1 0 0 0.525584747757737 0.474415252242263 0
0 1 1 0.314462884951574 0.685537115048426 1
0 1 1 0.650608204395546 0.349391795604454 0
1 0 0 0.615279730496553 0.384720269503447 0
1 0 0 0.455207301044639 0.544792698955361 1
0 1 1 0.637968357849536 0.362031642150464 0
1 0 0 0.635445989011999 0.364554010988001 0
1 0 0 0.67836806653327 0.32163193346673 0
0 1 1 0.499529923274607 0.500470076725393 1
0 1 1 0.425779824027341 0.574220175972659 1
1 0 0 0.317256227313385 0.682743772686615 1
1 0 0 0.631207382717549 0.368792617282452 0
1 0 0 0.676682361095084 0.323317638904916 0
1 0 0 0.623075822212806 0.376924177787194 0
0 1 1 0.328830113740836 0.671169886259164 1
0 1 1 0.390984195118018 0.609015804881982 1
1 0 0 0.372742006962386 0.627257993037614 1
0 1 1 0.566133419122856 0.433866580877144 0
1 0 0 0.501975763199685 0.498024236800315 0
0 1 1 0.354226101225408 0.645773898774592 1
0 1 1 0.531710403794715 0.468289596205285 0
1 0 0 0.619062203001866 0.380937796998134 0
0 1 1 0.314377845853966 0.685622154146034 1
0 1 1 0.57508126553212 0.42491873446788 0
1 0 0 0.319185123092127 0.680814876907873 1
1 0 0 0.447634014834094 0.552365985165906 1
1 0 0 0.309238117725872 0.690761882274128 1
0 1 1 0.679087476410708 0.320912523589292 0
1 0 0 0.337183829323338 0.662816170676662 1
0 1 1 0.611888001883323 0.388111998116677 0
0 1 1 0.364597147321624 0.635402852678376 1
1 0 0 0.637007594416373 0.362992405583627 0
0 1 1 0.682400103081673 0.317599896918327 0
1 0 0 0.664810607001407 0.335189392998593 0
0 1 1 0.397321599654403 0.602678400345597 1
0 1 1 0.383363885201463 0.616636114798537 1
1 0 0 0.662631482303722 0.337368517696278 0
0 1 1 0.343539467008753 0.656460532991247 1
1 0 0 0.676699744985664 0.323300255014336 0
1 0 0 0.356164811722692 0.643835188277308 1
1 0 0 0.584656116761933 0.415343883238067 0
1 0 0 0.684941531150616 0.315058468849384 0
1 0 0 0.344702166466901 0.655297833533099 1
0 1 1 0.611301812725419 0.388698187274581 0
0 1 1 0.527093037824562 0.472906962175438 0
0 1 1 0.353756437805052 0.646243562194949 1
1 0 0 0.656064899715551 0.343935100284449 0
0 1 1 0.672640310307438 0.327359689692562 0
0 1 1 0.330265043236831 0.669734956763169 1
0 1 1 0.575329879890998 0.424670120109002 0
0 1 1 0.349532697403585 0.650467302596415 1
0 1 1 0.674923019627328 0.325076980372672 0
0 1 1 0.419355564815618 0.580644435184382 1
0 1 1 0.651149811945752 0.348850188054248 0
1 0 0 0.373393923964338 0.626606076035662 1
1 0 0 0.670881684001222 0.329118315998778 0
1 0 0 0.672293033493393 0.327706966506607 0
0 1 1 0.342061399636937 0.657938600363063 1
1 0 0 0.30464131910877 0.69535868089123 1
1 0 0 0.584301673075553 0.415698326924447 0
0 1 1 0.672272775007639 0.327727224992361 0
1 0 0 0.306259712810263 0.693740287189737 1
0 1 1 0.543821472690871 0.456178527309129 0
1 0 0 0.671306200389251 0.328693799610749 0
1 0 0 0.383135123769236 0.616864876230764 1
1 0 0 0.491278175839529 0.508721824160471 1
1 0 0 0.323331131921627 0.676668868078373 1
0 1 1 0.414252128619958 0.585747871380042 1
1 0 0 0.623798314885354 0.376201685114646 0
1 0 0 0.371032489577831 0.628967510422169 1
0 1 1 0.644285413770424 0.355714586229576 0
0 1 1 0.601859076868319 0.398140923131681 0
1 0 0 0.534908774975656 0.465091225024344 0
1 0 0 0.561667829697359 0.438332170302641 0
0 1 1 0.672375734215645 0.327624265784355 0
1 0 0 0.598466402068 0.401533597932 0
1 0 0 0.509192154097179 0.490807845902821 0
1 0 0 0.432787382796341 0.567212617203659 1
1 0 0 0.680464162475762 0.319535837524238 0
1 0 0 0.676192331372313 0.323807668627687 0
1 0 0 0.570911392017607 0.429088607982393 0
1 0 0 0.321343134060453 0.678656865939547 1
0 1 1 0.510494766453126 0.489505233546874 0
0 1 1 0.322460154328504 0.677539845671496 1
0 1 1 0.680998240749992 0.319001759250008 0
0 1 1 0.662480257326901 0.337519742673099 0
1 0 0 0.335285824982221 0.664714175017779 1
0 1 1 0.678571276406704 0.321428723593296 0
0 1 1 0.58773395536888 0.41226604463112 0
0 1 1 0.428167765961193 0.571832234038807 1
0 1 1 0.343547119970133 0.656452880029866 1
1 0 0 0.457217710560849 0.542782289439151 1
1 0 0 0.669887433481597 0.330112566518403 0
1 0 0 0.682992846440362 0.317007153559638 0
1 0 0 0.674774319796588 0.325225680203412 0
1 0 0 0.522614276737357 0.477385723262643 0
0 1 1 0.679116652238108 0.320883347761892 0
1 0 0 0.572013993162628 0.427986006837372 0
1 0 0 0.525046115810917 0.474953884189083 0
1 0 0 0.519306152178892 0.480693847821108 0
1 0 0 0.616680598859569 0.383319401140431 0
0 1 1 0.3451605004895 0.6548394995105 1
1 0 0 0.344767452495518 0.655232547504481 1
1 0 0 0.633925808034763 0.366074191965237 0
0 1 1 0.656084439170091 0.343915560829909 0
0 1 1 0.374031421348448 0.625968578651552 1
1 0 0 0.674773116950357 0.325226883049643 0
0 1 1 0.429143670843603 0.570856329156398 1
0 1 1 0.401276517284011 0.598723482715989 1
0 1 1 0.547904479321519 0.452095520678481 0
1 0 0 0.683608829457595 0.316391170542405 0
0 1 1 0.509303658162635 0.490696341837365 0
0 1 1 0.368083391284899 0.631916608715101 1
1 0 0 0.655708014313304 0.344291985686696 0
0 1 1 0.382581946038206 0.617418053961794 1
1 0 0 0.327333364919963 0.672666635080037 1
1 0 0 0.608507399423324 0.391492600576676 0
1 0 0 0.495426034424213 0.504573965575787 1
0 1 1 0.654088188967714 0.345911811032286 0
0 1 1 0.321993877998178 0.678006122001822 1
0 1 1 0.421362024042323 0.578637975957677 1
0 1 1 0.510403662187691 0.489596337812309 0
1 0 0 0.672401579373263 0.327598420626737 0
0 1 1 0.465430398805955 0.534569601194045 1
0 1 1 0.681169293403139 0.318830706596861 0
1 0 0 0.411762263842384 0.588237736157616 1
0 1 1 0.327726247847301 0.672273752152699 1
0 1 1 0.305938921882922 0.694061078117078 1
1 0 0 0.66454518581592 0.33545481418408 0
0 1 1 0.66589043894558 0.33410956105442 0
1 0 0 0.651619511195561 0.348380488804439 0
0 1 1 0.311129401426733 0.688870598573267 1
1 0 0 0.325091460989856 0.674908539010144 1
0 1 1 0.407592279043496 0.592407720956504 1
1 0 0 0.682452195185355 0.317547804814645 0
0 1 1 0.527461046095265 0.472538953904735 0
1 0 0 0.666788689045103 0.333211310954897 0
1 0 0 0.442090898113491 0.557909101886509 1
1 0 0 0.681741532727355 0.318258467272645 0
1 0 0 0.644608839030256 0.355391160969744 0
0 1 1 0.369243532457105 0.630756467542895 1
0 1 1 0.551410367234897 0.448589632765103 0
0 1 1 0.672886780094158 0.327113219905842 0
0 1 1 0.331148284530139 0.668851715469862 1
1 0 0 0.305134464629382 0.694865535370618 1
0 1 1 0.421895737374894 0.578104262625106 1
1 0 0 0.520143007380075 0.479856992619925 0
0 1 1 0.609265816495464 0.390734183504536 0
1 0 0 0.650122982769176 0.349877017230824 0
1 0 0 0.478023780210875 0.521976219789125 1
1 0 0 0.419281441834987 0.580718558165013 1
0 1 1 0.412845980928069 0.587154019071931 1
0 1 1 0.532628039795501 0.467371960204499 0
1 0 0 0.380824513745169 0.619175486254831 1
0 1 1 0.329610116155439 0.670389883844562 1
0 1 1 0.425159182009708 0.574840817990292 1
0 1 1 0.629097842285794 0.370902157714206 0
0 1 1 0.492472848458458 0.507527151541542 1
1 0 0 0.429424051973394 0.570575948026606 1
1 0 0 0.673223770007289 0.326776229992711 0
1 0 0 0.600714372666442 0.399285627333558 0
0 1 1 0.628133283328522 0.371866716671478 0
1 0 0 0.676117730650105 0.323882269349896 0
1 0 0 0.686112929438328 0.313887070561672 0
1 0 0 0.649309524057689 0.350690475942311 0
0 1 1 0.472536373385009 0.527463626614991 1
1 0 0 0.617981332375606 0.382018667624394 0
0 1 1 0.526047626062723 0.473952373937277 0
0 1 1 0.392008297092528 0.607991702907472 1
1 0 0 0.523604182884475 0.476395817115525 0
1 0 0 0.654515968675013 0.345484031324987 0
1 0 0 0.57030104859262 0.42969895140738 0
0 1 1 0.338835494831006 0.661164505168994 1
1 0 0 0.497510626371423 0.502489373628577 1
0 1 1 0.371854929593634 0.628145070406366 1
1 0 0 0.669023188235047 0.330976811764953 0
0 1 1 0.495208577727916 0.504791422272084 1
0 1 1 0.561275634322745 0.438724365677256 0
1 0 0 0.319581655339645 0.680418344660355 1
1 0 0 0.67818939835142 0.32181060164858 0
0 1 1 0.611160125975906 0.388839874024094 0
0 1 1 0.552257332349952 0.447742667650048 0
1 0 0 0.587698376625096 0.412301623374905 0
1 0 0 0.343741994120086 0.656258005879914 1
1 0 0 0.635396966017638 0.364603033982362 0
1 0 0 0.669767231169961 0.330232768830039 0
1 0 0 0.481445056449229 0.518554943550771 1
0 1 1 0.459728646408204 0.540271353591796 1
1 0 0 0.631761874187648 0.368238125812352 0
1 0 0 0.681703275355268 0.318296724644732 0
1 0 0 0.659978515843812 0.340021484156188 0
1 0 0 0.40559278638904 0.59440721361096 1
0 1 1 0.681757099209481 0.318242900790519 0
0 1 1 0.509340122110537 0.490659877889463 0
1 0 0 0.620013255433578 0.379986744566422 0
1 0 0 0.68124574834965 0.31875425165035 0
1 0 0 0.674344066722787 0.325655933277213 0
0 1 1 0.646128001511966 0.353871998488034 0
1 0 0 0.352349927789871 0.647650072210129 1
0 1 1 0.305133794608166 0.694866205391834 1
0 1 1 0.312467248689394 0.687532751310606 1
0 1 1 0.339207109591225 0.660792890408775 1
1 0 0 0.451058688886421 0.548941311113579 1
1 0 0 0.669650309461686 0.330349690538314 0
0 1 1 0.344501942538969 0.655498057461031 1
0 1 1 0.357471895520383 0.642528104479617 1
1 0 0 0.510059066253338 0.489940933746662 0
1 0 0 0.650481717935382 0.349518282064618 0
1 0 0 0.374579812537742 0.625420187462258 1
0 1 1 0.606025738551633 0.393974261448367 0
0 1 1 0.681039553033674 0.318960446966326 0
0 1 1 0.509270841704988 0.490729158295012 0
0 1 1 0.664897878635707 0.335102121364293 0
0 1 1 0.681413102235874 0.318586897764126 0
0 1 1 0.403113260923733 0.596886739076268 1
1 0 0 0.38680829133789 0.61319170866211 1
1 0 0 0.510440831695302 0.489559168304698 0
0 1 1 0.398745104760164 0.601254895239836 1
0 1 1 0.620644074965875 0.379355925034124 0
0 1 1 0.369664540796386 0.630335459203614 1
1 0 0 0.680564347246968 0.319435652753032 0
0 1 1 0.676314812358603 0.323685187641397 0
0 1 1 0.529623170681095 0.470376829318905 0
0 1 1 0.373511442555881 0.626488557444119 1
1 0 0 0.640755258250932 0.359244741749068 0
1 0 0 0.645693357361462 0.354306642638538 0
0 1 1 0.621917893686379 0.378082106313621 0
0 1 1 0.337092689381194 0.662907310618806 1
1 0 0 0.536898258303786 0.463101741696214 0
0 1 1 0.628773021035877 0.371226978964124 0
0 1 1 0.6440518503807 0.3559481496193 0
0 1 1 0.662842885670802 0.337157114329198 0
1 0 0 0.450129289447148 0.549870710552852 1
0 1 1 0.391440188851697 0.608559811148303 1
1 0 0 0.679500140684357 0.320499859315643 0
0 1 1 0.326519828784962 0.673480171215038 1
1 0 0 0.309931322793189 0.690068677206811 1
0 1 1 0.585269793001491 0.414730206998509 0
1 0 0 0.617647831421168 0.382352168578832 0
0 1 1 0.499365046606407 0.500634953393593 1
1 0 0 0.680741717134212 0.319258282865788 0
1 0 0 0.671581278701401 0.328418721298599 0
0 1 1 0.440890142594302 0.559109857405698 1
0 1 1 0.663781102946289 0.336218897053711 0
0 1 1 0.318872444556951 0.681127555443049 1
1 0 0 0.599843645507958 0.400156354492042 0
1 0 0 0.642442029709188 0.357557970290811 0
1 0 0 0.685565871008475 0.314434128991525 0
0 1 1 0.313359038339242 0.686640961660758 1
1 0 0 0.666709859409263 0.333290140590737 0
1 0 0 0.588029504869264 0.411970495130736 0
1 0 0 0.366036571193885 0.633963428806115 1
0 1 1 0.679006394900635 0.320993605099365 0
0 1 1 0.659680959846128 0.340319040153872 0
0 1 1 0.486607970556698 0.513392029443302 1
1 0 0 0.570821183372829 0.429178816627171 0
1 0 0 0.347086574685983 0.652913425314018 1
0 1 1 0.58365207651874 0.41634792348126 0
0 1 1 0.623310195958035 0.376689804041965 0
0 1 1 0.591802969687956 0.408197030312044 0
0 1 1 0.679387306077445 0.320612693922555 0
0 1 1 0.627267934580276 0.372732065419724 0
0 1 1 0.500431795954948 0.499568204045052 0
1 0 0 0.680637837369637 0.319362162630363 0
0 1 1 0.447412970965728 0.552587029034272 1
0 1 1 0.521242540740634 0.478757459259366 0
1 0 0 0.324851338519103 0.675148661480897 1
1 0 0 0.652851092646391 0.347148907353609 0
0 1 1 0.685513349724721 0.314486650275279 0
0 1 1 0.466597890763359 0.533402109236641 1
1 0 0 0.413348002673488 0.586651997326512 1
0 1 1 0.588463097896265 0.411536902103735 0
0 1 1 0.510109413428475 0.489890586571525 0
0 1 1 0.590502723015438 0.409497276984562 0
1 0 0 0.478735306715716 0.521264693284284 1
0 1 1 0.612883244178513 0.387116755821487 0
0 1 1 0.303547921127803 0.696452078872197 1
0 1 1 0.458690357022706 0.541309642977294 1
0 1 1 0.658700694460681 0.341299305539319 0
1 0 0 0.607647835384906 0.392352164615094 0
0 1 1 0.558190501240852 0.441809498759148 0
1 0 0 0.577477251576134 0.422522748423867 0
1 0 0 0.528232362462223 0.471767637537777 0
0 1 1 0.428689817530044 0.571310182469956 1
0 1 1 0.600192737954579 0.399807262045421 0
1 0 0 0.675220976785322 0.324779023214678 0
1 0 0 0.390212118995509 0.609787881004491 1
1 0 0 0.665374882881217 0.334625117118783 0
1 0 0 0.677943906146897 0.322056093853103 0
0 1 1 0.351219963988833 0.648780036011167 1
0 1 1 0.652060556424115 0.347939443575885 0
1 0 0 0.544075528124027 0.455924471875973 0
1 0 0 0.684954125096043 0.315045874903957 0
1 0 0 0.367167492828318 0.632832507171682 1
1 0 0 0.469907627042387 0.530092372957613 1
0 1 1 0.64212621706025 0.35787378293975 0
0 1 1 0.382446733976914 0.617553266023086 1
0 1 1 0.399169651383722 0.600830348616278 1
1 0 0 0.558931677642284 0.441068322357716 0
1 0 0 0.664887704947889 0.335112295052111 0
0 1 1 0.310506396217793 0.689493603782207 1
0 1 1 0.383226238363522 0.616773761636477 1
0 1 1 0.602240779184437 0.397759220815563 0
1 0 0 0.34968965335685 0.65031034664315 1
0 1 1 0.613368293260483 0.386631706739517 0
1 0 0 0.65247657047336 0.34752342952664 0
1 0 0 0.683298260663153 0.316701739336847 0
1 0 0 0.682948281913876 0.317051718086124 0
0 1 1 0.685940484664523 0.314059515335477 0
0 1 1 0.541839425744231 0.458160574255769 0
1 0 0 0.439058659879143 0.560941340120857 1
1 0 0 0.645071474867138 0.354928525132862 0
0 1 1 0.660142856252136 0.339857143747864 0
0 1 1 0.588386620151966 0.411613379848035 0
0 1 1 0.625712589526381 0.374287410473619 0
0 1 1 0.307100964772496 0.692899035227504 1
0 1 1 0.37763603592077 0.62236396407923 1
1 0 0 0.428154560403086 0.571845439596914 1
1 0 0 0.479121236292745 0.520878763707256 1
1 0 0 0.674951417092089 0.325048582907911 0
0 1 1 0.370274093487602 0.629725906512398 1
1 0 0 0.452366052237496 0.547633947762504 1
1 0 0 0.681863181992141 0.318136818007859 0
0 1 1 0.329235890807044 0.670764109192956 1
0 1 1 0.43900782657274 0.56099217342726 1
0 1 1 0.309026978497634 0.690973021502367 1
1 0 0 0.665456356261473 0.334543643738527 0
1 0 0 0.649107189556685 0.350892810443315 0
0 1 1 0.634317933645794 0.365682066354206 0
1 0 0 0.676443123343771 0.323556876656229 0
1 0 0 0.40409756217977 0.59590243782023 1
1 0 0 0.663613714390986 0.336386285609014 0
0 1 1 0.408580789978587 0.591419210021413 1
0 1 1 0.678766639824017 0.321233360175983 0
0 1 1 0.4930834369764 0.5069165630236 1
1 0 0 0.625736122720732 0.374263877279268 0
1 0 0 0.448899162027758 0.551100837972242 1
0 1 1 0.677345182974166 0.322654817025834 0
0 1 1 0.676933360417267 0.323066639582733 0
0 1 1 0.548263705202879 0.451736294797121 0
0 1 1 0.652970996640489 0.347029003359511 0
0 1 1 0.677965039733351 0.322034960266649 0
1 0 0 0.673077615376092 0.326922384623908 0
0 1 1 0.676251355745639 0.323748644254361 0
1 0 0 0.650247116361695 0.349752883638305 0
0 1 1 0.505227420000018 0.494772579999982 0
1 0 0 0.348121439733905 0.651878560266095 1
1 0 0 0.67526855420683 0.32473144579317 0
0 1 1 0.495236709959635 0.504763290040365 1
1 0 0 0.672111155776295 0.327888844223705 0
1 0 0 0.331942039498585 0.668057960501415 1
0 1 1 0.496746880402384 0.503253119597616 1
1 0 0 0.613583350368701 0.386416649631299 0
1 0 0 0.671398323367605 0.328601676632395 0
0 1 1 0.393920280322635 0.606079719677365 1
1 0 0 0.339740277444191 0.660259722555809 1
0 1 1 0.516675145961697 0.483324854038304 0
1 0 0 0.655673579561093 0.344326420438907 0
0 1 1 0.670026421321253 0.329973578678747 0
1 0 0 0.590381898294917 0.409618101705083 0
1 0 0 0.654901192029363 0.345098807970637 0
0 1 1 0.380222222188158 0.619777777811842 1
0 1 1 0.413244951933292 0.586755048066708 1
1 0 0 0.332676499760129 0.667323500239871 1
1 0 0 0.348551990899475 0.651448009100525 1
1 0 0 0.603732911898447 0.396267088101553 0
0 1 1 0.68009749476879 0.31990250523121 0
0 1 1 0.320550782983769 0.679449217016231 1
0 1 1 0.422254228101902 0.577745771898098 1
1 0 0 0.503246696589429 0.496753303410571 0
0 1 1 0.372740821377624 0.627259178622376 1
0 1 1 0.511701034071826 0.488298965928174 0
1 0 0 0.57204386504601 0.42795613495399 0
1 0 0 0.333396286254258 0.666603713745742 1
0 1 1 0.314347569134615 0.685652430865385 1
1 0 0 0.682840084723222 0.317159915276778 0
1 0 0 0.652711726847851 0.347288273152149 0
1 0 0 0.678605481450274 0.321394518549726 0
1 0 0 0.64246444160614 0.35753555839386 0
0 1 1 0.366009285645844 0.633990714354156 1
0 1 1 0.517180298494455 0.482819701505545 0
0 1 1 0.372153953529961 0.627846046470039 1
0 1 1 0.316289172400904 0.683710827599096 1
0 1 1 0.327111350654548 0.672888649345452 1
1 0 0 0.641930689382879 0.358069310617121 0
0 1 1 0.430796319454537 0.569203680545463 1
1 0 0 0.616832702786393 0.383167297213607 0
1 0 0 0.641040226433012 0.358959773566988 0
0 1 1 0.589063489115739 0.410936510884261 0
0 1 1 0.548678962830401 0.451321037169599 0
0 1 1 0.645075677527983 0.354924322472017 0
0 1 1 0.474055806585929 0.525944193414071 1
1 0 0 0.331095753782716 0.668904246217285 1
1 0 0 0.672387472630829 0.327612527369171 0
1 0 0 0.436940642534541 0.563059357465459 1
1 0 0 0.642340093251276 0.357659906748724 0
0 1 1 0.529169475594418 0.470830524405582 0
0 1 1 0.681243473261361 0.318756526738639 0
1 0 0 0.451690370753859 0.548309629246141 1
1 0 0 0.662522215270931 0.337477784729069 0
1 0 0 0.681385261180744 0.318614738819256 0
0 1 1 0.683490938817219 0.316509061182781 0
1 0 0 0.303114654653329 0.696885345346671 1
0 1 1 0.66474654703668 0.33525345296332 0
1 0 0 0.663328937471019 0.336671062528981 0
1 0 0 0.374265823493711 0.625734176506289 1
0 1 1 0.553243287282739 0.446756712717261 0
0 1 1 0.309365467090883 0.690634532909117 1
0 1 1 0.330855336237017 0.669144663762983 1
0 1 1 0.59925948214805 0.40074051785195 0
1 0 0 0.604882443944307 0.395117556055693 0
1 0 0 0.399190452486845 0.600809547513155 1
0 1 1 0.402714676159992 0.597285323840008 1
1 0 0 0.437449469795308 0.562550530204692 1
0 1 1 0.395951983147862 0.604048016852138 1
0 1 1 0.386371476742257 0.613628523257743 1
0 1 1 0.312939721666018 0.687060278333982 1
0 1 1 0.384635953782325 0.615364046217675 1
1 0 0 0.595057653648914 0.404942346351086 0
0 1 1 0.346973983429965 0.653026016570035 1
1 0 0 0.353533963203052 0.646466036796948 1
1 0 0 0.323346820088524 0.676653179911476 1
1 0 0 0.426967139882872 0.573032860117128 1
0 1 1 0.536068207153955 0.463931792846045 0
0 1 1 0.307179871193222 0.692820128806778 1
0 1 1 0.661777711598192 0.338222288401808 0
1 0 0 0.669678012686767 0.330321987313234 0
1 0 0 0.509193394121879 0.490806605878121 0
1 0 0 0.597575302632382 0.402424697367618 0
0 1 1 0.388123458658784 0.611876541341217 1
0 1 1 0.628633389821881 0.371366610178119 0
1 0 0 0.587053472950781 0.412946527049219 0
0 1 1 0.324501134509417 0.675498865490583 1
1 0 0 0.672609638789274 0.327390361210726 0
1 0 0 0.632966602433839 0.367033397566161 0
0 1 1 0.429268217194613 0.570731782805387 1
0 1 1 0.497883950216097 0.502116049783903 1
1 0 0 0.682823976937507 0.317176023062493 0
1 0 0 0.507884928405738 0.492115071594263 0
0 1 1 0.683608666573189 0.316391333426811 0
1 0 0 0.54944698314959 0.45055301685041 0
1 0 0 0.645128780201542 0.354871219798458 0
0 1 1 0.373132851747666 0.626867148252334 1
1 0 0 0.443063223987987 0.556936776012013 1
1 0 0 0.603171919408154 0.396828080591846 0
0 1 1 0.618994735456323 0.381005264543677 0
0 1 1 0.457365790244201 0.542634209755799 1
1 0 0 0.667350690381791 0.332649309618209 0
1 0 0 0.617351113481955 0.382648886518045 0
0 1 1 0.543470191736975 0.456529808263025 0
0 1 1 0.439596649943975 0.560403350056025 1
1 0 0 0.605910046629371 0.394089953370629 0
1 0 0 0.667629843870798 0.332370156129202 0
1 0 0 0.63129727708813 0.36870272291187 0
1 0 0 0.680505605178107 0.319494394821893 0
0 1 1 0.492750766907741 0.507249233092259 1
1 0 0 0.67624306184253 0.32375693815747 0
0 1 1 0.378619275321658 0.621380724678342 1
1 0 0 0.338299426993201 0.661700573006799 1
1 0 0 0.561976975882671 0.438023024117329 0
1 0 0 0.372149921111045 0.627850078888955 1
1 0 0 0.668734360976605 0.331265639023395 0
0 1 1 0.33790980685968 0.66209019314032 1
0 1 1 0.603459395054056 0.396540604945944 0
0 1 1 0.608607955986729 0.391392044013271 0
1 0 0 0.466105501331715 0.533894498668285 1
1 0 0 0.672614145763337 0.327385854236663 0
1 0 0 0.628045019166704 0.371954980833296 0
0 1 1 0.400096303753635 0.599903696246365 1
0 1 1 0.606670505654157 0.393329494345843 0
0 1 1 0.512400629367558 0.487599370632442 0
1 0 0 0.486532124188338 0.513467875811662 1
1 0 0 0.649773487239727 0.350226512760273 0
1 0 0 0.619659521230849 0.380340478769151 0
1 0 0 0.625337440159989 0.374662559840011 0
0 1 1 0.32392888052361 0.67607111947639 1
1 0 0 0.427513387810324 0.572486612189676 1
1 0 0 0.490940295098054 0.509059704901946 1
0 1 1 0.66225435344204 0.33774564655796 0
1 0 0 0.669974067053939 0.330025932946061 0
1 0 0 0.603439393791884 0.396560606208116 0
1 0 0 0.49908259717395 0.50091740282605 1
0 1 1 0.597831776459101 0.402168223540899 0
1 0 0 0.475472526840609 0.524527473159391 1
1 0 0 0.333007252803854 0.666992747196146 1
0 1 1 0.599935828607491 0.400064171392509 0
1 0 0 0.353645307385018 0.646354692614982 1
1 0 0 0.543690750969437 0.456309249030563 0
1 0 0 0.61909273493379 0.38090726506621 0
0 1 1 0.670458898513736 0.329541101486264 0
0 1 1 0.371780420203003 0.628219579796997 1
0 1 1 0.558434643047741 0.441565356952259 0
0 1 1 0.681454326225026 0.318545673774974 0
0 1 1 0.680892167651042 0.319107832348958 0
0 1 1 0.643965027576852 0.356034972423148 0
1 0 0 0.403751205837081 0.596248794162919 1
0 1 1 0.332744979173092 0.667255020826908 1
1 0 0 0.683857462655088 0.316142537344912 0
0 1 1 0.459815456925939 0.540184543074061 1
1 0 0 0.551027800361582 0.448972199638418 0
1 0 0 0.606375764783422 0.393624235216578 0
1 0 0 0.677696278714129 0.322303721285871 0
1 0 0 0.459881132817166 0.540118867182835 1
1 0 0 0.638736371721599 0.361263628278401 0
1 0 0 0.679406362037969 0.320593637962031 0
0 1 1 0.377052832417843 0.622947167582157 1
0 1 1 0.648950047143299 0.351049952856701 0
0 1 1 0.41136188335737 0.58863811664263 1
1 0 0 0.670272730721708 0.329727269278292 0
0 1 1 0.371593652179208 0.628406347820792 1
1 0 0 0.331347885692578 0.668652114307422 1
0 1 1 0.317458622874152 0.682541377125848 1
1 0 0 0.436801750752853 0.563198249247147 1
1 0 0 0.502918782731092 0.497081217268908 0
0 1 1 0.661623067499511 0.338376932500489 0
0 1 1 0.616298456995537 0.383701543004463 0
1 0 0 0.462576032811648 0.537423967188352 1
1 0 0 0.677473797490588 0.322526202509412 0
0 1 1 0.511222305263691 0.488777694736309 0
1 0 0 0.446495788137913 0.553504211862087 1
1 0 0 0.411577420792899 0.588422579207101 1
1 0 0 0.346557855715568 0.653442144284432 1
1 0 0 0.673789458167244 0.326210541832756 0
0 1 1 0.647720880415458 0.352279119584542 0
1 0 0 0.639478520328489 0.360521479671511 0
1 0 0 0.651844084574091 0.348155915425909 0
1 0 0 0.686994552863477 0.313005447136523 0
1 0 0 0.429234030075196 0.570765969924804 1
0 1 1 0.441279793403111 0.558720206596889 1
1 0 0 0.53627463976064 0.46372536023936 0
0 1 1 0.372824107125035 0.627175892874965 1
1 0 0 0.640045482368495 0.359954517631505 0
0 1 1 0.659276143587669 0.340723856412331 0
0 1 1 0.38462914208696 0.61537085791304 1
1 0 0 0.307862480232267 0.692137519767733 1
1 0 0 0.530719918452862 0.469280081547138 0
1 0 0 0.384987793439059 0.615012206560941 1
0 1 1 0.672808269723228 0.327191730276772 0
1 0 0 0.436840846312337 0.563159153687663 1
1 0 0 0.646367054937165 0.353632945062835 0
0 1 1 0.539697535246725 0.460302464753275 0
0 1 1 0.521788207780368 0.478211792219632 0
1 0 0 0.399240505204896 0.600759494795104 1
0 1 1 0.313509439319902 0.686490560680098 1
0 1 1 0.442138626539701 0.557861373460299 1
1 0 0 0.351876416548962 0.648123583451038 1
1 0 0 0.438409961151314 0.561590038848686 1
1 0 0 0.682708718199569 0.317291281800431 0
0 1 1 0.321663680291819 0.678336319708181 1
1 0 0 0.65223251335148 0.34776748664852 0
0 1 1 0.313224118684514 0.686775881315486 1
1 0 0 0.675773160977991 0.324226839022009 0
0 1 1 0.543062643639533 0.456937356360467 0
0 1 1 0.35468475493953 0.64531524506047 1
0 1 1 0.563977176924551 0.436022823075449 0
0 1 1 0.508133487369673 0.491866512630327 0
0 1 1 0.673656716625174 0.326343283374826 0
1 0 0 0.586163277709123 0.413836722290877 0
0 1 1 0.462975262303741 0.537024737696259 1
1 0 0 0.622742670810056 0.377257329189944 0
1 0 0 0.678214929618118 0.321785070381882 0
1 0 0 0.636046775063398 0.363953224936602 0
0 1 1 0.490008187560735 0.509991812439265 1
0 1 1 0.672445016206156 0.327554983793844 0
1 0 0 0.682750435841781 0.317249564158219 0
1 0 0 0.593247718127832 0.406752281872168 0
1 0 0 0.588190874037819 0.411809125962181 0
0 1 1 0.320780711189067 0.679219288810933 1
0 1 1 0.678005664351472 0.321994335648528 0
0 1 1 0.352871802507714 0.647128197492286 1
0 1 1 0.475207453647061 0.524792546352939 1
0 1 1 0.66430376920158 0.33569623079842 0
0 1 1 0.640056959165154 0.359943040834846 0
1 0 0 0.404593897814786 0.595406102185214 1
0 1 1 0.357956612371152 0.642043387628848 1
0 1 1 0.40010154553954 0.59989845446046 1
1 0 0 0.541891733494939 0.458108266505061 0
0 1 1 0.63556070235234 0.36443929764766 0
0 1 1 0.658861465081835 0.341138534918165 0
0 1 1 0.639478691147904 0.360521308852096 0
1 0 0 0.586402479391289 0.413597520608711 0
0 1 1 0.502598642413495 0.497401357586505 0
1 0 0 0.442707892965715 0.557292107034285 1
0 1 1 0.345890439103125 0.654109560896875 1
0 1 1 0.564397199159378 0.435602800840622 0
0 1 1 0.397862801754867 0.602137198245133 1
0 1 1 0.499177101509683 0.500822898490317 1
0 1 1 0.390278156528484 0.609721843471516 1
0 1 1 0.664710920194292 0.335289079805708 0
0 1 1 0.371779777451612 0.628220222548388 1
1 0 0 0.683657406344853 0.316342593655147 0
1 0 0 0.644351342838287 0.355648657161713 0
1 0 0 0.45712474593054 0.54287525406946 1
0 1 1 0.38111041536544 0.61888958463456 1
0 1 1 0.374571581927577 0.625428418072423 1
1 0 0 0.308756498696408 0.691243501303592 1
1 0 0 0.328186453778197 0.671813546221803 1
1 0 0 0.674612291716039 0.325387708283961 0
0 1 1 0.313352894768111 0.686647105231889 1
1 0 0 0.633877537452755 0.366122462547245 0
1 0 0 0.619693906007638 0.380306093992362 0
1 0 0 0.544671589120751 0.455328410879249 0
1 0 0 0.650607288348534 0.349392711651466 0
0 1 1 0.307560138458976 0.692439861541024 1
1 0 0 0.677194010675943 0.322805989324057 0
1 0 0 0.626076451910728 0.373923548089272 0
1 0 0 0.337344250143147 0.662655749856852 1
0 1 1 0.517135225698694 0.482864774301306 0
1 0 0 0.608565978847219 0.391434021152781 0
0 1 1 0.305027712183398 0.694972287816602 1
0 1 1 0.464148992971947 0.535851007028053 1
1 0 0 0.405638342043946 0.594361657956054 1
0 1 1 0.678518387815152 0.321481612184848 0
0 1 1 0.685802411378491 0.314197588621509 0
1 0 0 0.652866458501208 0.347133541498792 0
0 1 1 0.336065537931444 0.663934462068556 1
1 0 0 0.621332556318787 0.378667443681213 0
0 1 1 0.656120050990761 0.343879949009239 0
0 1 1 0.653506723330531 0.346493276669469 0
1 0 0 0.664501883127916 0.335498116872084 0
1 0 0 0.492989630312318 0.507010369687682 1
1 0 0 0.498905081714843 0.501094918285158 1
1 0 0 0.675305643624769 0.324694356375231 0
1 0 0 0.676167710626087 0.323832289373913 0
0 1 1 0.559830140301866 0.440169859698134 0
0 1 1 0.667949982624744 0.332050017375256 0
1 0 0 0.630275941812005 0.369724058187995 0
1 0 0 0.536888024847057 0.463111975152943 0
1 0 0 0.662861694556238 0.337138305443762 0
1 0 0 0.660170652476695 0.339829347523305 0
1 0 0 0.418440930983189 0.581559069016811 1
0 1 1 0.668551846140948 0.331448153859052 0
1 0 0 0.3699661687578 0.6300338312422 1
0 1 1 0.421429588595306 0.578570411404694 1
0 1 1 0.661825971896325 0.338174028103675 0
1 0 0 0.667475583806202 0.332524416193798 0
1 0 0 0.685508119042157 0.314491880957843 0
1 0 0 0.67740308523443 0.32259691476557 0
1 0 0 0.659245919396501 0.340754080603499 0
0 1 1 0.686963437285695 0.313036562714305 0
1 0 0 0.63436627652717 0.36563372347283 0
1 0 0 0.585831550359658 0.414168449640342 0
1 0 0 0.686416554838419 0.313583445161581 0
1 0 0 0.656458514286471 0.343541485713529 0
1 0 0 0.641202374544573 0.358797625455427 0
1 0 0 0.569833570733326 0.430166429266674 0
1 0 0 0.376886901236385 0.623113098763615 1
1 0 0 0.316705695186632 0.683294304813369 1
0 1 1 0.594140427235164 0.405859572764836 0
1 0 0 0.628052323071356 0.371947676928644 0
1 0 0 0.667002829105394 0.332997170894606 0
0 1 1 0.665210065532756 0.334789934467244 0
1 0 0 0.661690079909119 0.338309920090881 0
1 0 0 0.454562117722515 0.545437882277485 1
1 0 0 0.675285591627145 0.324714408372855 0
1 0 0 0.643091688715924 0.356908311284076 0
0 1 1 0.3558932674494 0.6441067325506 1
0 1 1 0.613525592087105 0.386474407912895 0
0 1 1 0.627332610965812 0.372667389034188 0
0 1 1 0.658947779818999 0.341052220181001 0
1 0 0 0.608411418072712 0.391588581927288 0
0 1 1 0.672894160402352 0.327105839597648 0
0 1 1 0.686407383473728 0.313592616526272 0
1 0 0 0.455242473183881 0.544757526816119 1
1 0 0 0.630877349683862 0.369122650316139 0
0 1 1 0.623153906963798 0.376846093036202 0
1 0 0 0.496418459679002 0.503581540320998 1
1 0 0 0.66435899236642 0.33564100763358 0
0 1 1 0.669058939172592 0.330941060827408 0
0 1 1 0.670988924100748 0.329011075899252 0
0 1 1 0.378511592119657 0.621488407880343 1
1 0 0 0.684059240298617 0.315940759701383 0
1 0 0 0.480880241189329 0.519119758810671 1
0 1 1 0.372917355840933 0.627082644159067 1
0 1 1 0.401528288782746 0.598471711217254 1
1 0 0 0.633027794805014 0.366972205194986 0
0 1 1 0.447582038945729 0.552417961054271 1
1 0 0 0.674045868572192 0.325954131427808 0
1 0 0 0.675838076399413 0.324161923600587 0
1 0 0 0.687201738352752 0.312798261647249 0
1 0 0 0.57469461338621 0.42530538661379 0
0 1 1 0.366168996520136 0.633831003479864 1
0 1 1 0.530688885073372 0.469311114926628 0
1 0 0 0.568043114830135 0.431956885169865 0
1 0 0 0.550234056409279 0.449765943590721 0
1 0 0 0.577972111509767 0.422027888490233 0
0 1 1 0.477431769667557 0.522568230332443 1
1 0 0 0.556762397762045 0.443237602237955 0
0 1 1 0.488351804437921 0.511648195562079 1
1 0 0 0.662397706241174 0.337602293758826 0
0 1 1 0.542458894070735 0.457541105929265 0
1 0 0 0.6099828671978 0.3900171328022 0
1 0 0 0.579937953385243 0.420062046614757 0
0 1 1 0.576647019374508 0.423352980625492 0
1 0 0 0.673008939187325 0.326991060812675 0
1 0 0 0.575828069787187 0.424171930212812 0
1 0 0 0.676821852477418 0.323178147522582 0
1 0 0 0.675896833323782 0.324103166676218 0
1 0 0 0.650994432266277 0.349005567733723 0
0 1 1 0.441082345031208 0.558917654968792 1
0 1 1 0.683861049529863 0.316138950470137 0
1 0 0 0.63233166018905 0.36766833981095 0
1 0 0 0.675108532777589 0.324891467222411 0
0 1 1 0.332874057903244 0.667125942096756 1
1 0 0 0.658768309353013 0.341231690646988 0
1 0 0 0.678207296883925 0.321792703116075 0
0 1 1 0.319738844662893 0.680261155337107 1
1 0 0 0.657830202271261 0.342169797728739 0
0 1 1 0.552686164902529 0.447313835097471 0
0 1 1 0.626903261947732 0.373096738052268 0
0 1 1 0.518467521764369 0.481532478235631 0
1 0 0 0.357126310125406 0.642873689874594 1
1 0 0 0.562146942330338 0.437853057669662 0
1 0 0 0.610954021135829 0.389045978864171 0
0 1 1 0.679199484676455 0.320800515323545 0
0 1 1 0.570670413320028 0.429329586679972 0
0 1 1 0.323272002240113 0.676727997759887 1
1 0 0 0.58562831968291 0.41437168031709 0
1 0 0 0.620256410444447 0.379743589555553 0
1 0 0 0.622979281537341 0.377020718462659 0
0 1 1 0.333762549391715 0.666237450608286 1
1 0 0 0.465869439711371 0.534130560288629 1
1 0 0 0.672571928419036 0.327428071580964 0
0 1 1 0.561778425057727 0.438221574942273 0
1 0 0 0.65005533491477 0.34994466508523 0
0 1 1 0.353489061069796 0.646510938930204 1
0 1 1 0.638510655547952 0.361489344452048 0
0 1 1 0.556356557989897 0.443643442010103 0
1 0 0 0.31624489363003 0.68375510636997 1
1 0 0 0.391969700159665 0.608030299840335 1
0 1 1 0.425788783478496 0.574211216521504 1
0 1 1 0.677353024949508 0.322646975050493 0
1 0 0 0.661887340819402 0.338112659180598 0
1 0 0 0.367591026556738 0.632408973443262 1
1 0 0 0.357206635750568 0.642793364249432 1
0 1 1 0.315684245541167 0.684315754458833 1
1 0 0 0.430816165645579 0.569183834354421 1
0 1 1 0.674242400801433 0.325757599198567 0
1 0 0 0.466460272871905 0.533539727128095 1
1 0 0 0.569251825216747 0.430748174783253 0
0 1 1 0.315437943995662 0.684562056004338 1
1 0 0 0.62190718255143 0.37809281744857 0
0 1 1 0.517317361773317 0.482682638226683 0
1 0 0 0.687138844339381 0.312861155660619 0
0 1 1 0.527873677629902 0.472126322370098 0
1 0 0 0.450438451948015 0.549561548051986 1
1 0 0 0.377063216219113 0.622936783780887 1
0 1 1 0.303040912509111 0.696959087490889 1
0 1 1 0.675151666087752 0.324848333912248 0
0 1 1 0.627555109132231 0.372444890867769 0
1 0 0 0.640230659227197 0.359769340772803 0
0 1 1 0.326874521037877 0.673125478962123 1
1 0 0 0.661109131723104 0.338890868276896 0
0 1 1 0.318458903294056 0.681541096705944 1
1 0 0 0.65139196686434 0.34860803313566 0
1 0 0 0.577753163857143 0.422246836142857 0
0 1 1 0.664569977923135 0.335430022076865 0
0 1 1 0.603975576168138 0.396024423831862 0
1 0 0 0.397805261106948 0.602194738893052 1
1 0 0 0.643047580007878 0.356952419992122 0
1 0 0 0.510282098343857 0.489717901656143 0
1 0 0 0.623120250346407 0.376879749653593 0
0 1 1 0.33905942911159 0.66094057088841 1
1 0 0 0.538324886349399 0.461675113650601 0
1 0 0 0.52110346375706 0.47889653624294 0
0 1 1 0.667257840741157 0.332742159258843 0
0 1 1 0.452308143193643 0.547691856806357 1
1 0 0 0.622741842025619 0.377258157974381 0
1 0 0 0.66999525723754 0.33000474276246 0
0 1 1 0.3844840029279 0.6155159970721 1
0 1 1 0.347590866127049 0.652409133872951 1
0 1 1 0.645979453539381 0.354020546460619 0
0 1 1 0.322789226998225 0.677210773001775 1
1 0 0 0.668596280188937 0.331403719811063 0
0 1 1 0.590050172424242 0.409949827575758 0
1 0 0 0.458429283550422 0.541570716449578 1
0 1 1 0.614733694780354 0.385266305219646 0
1 0 0 0.322567985607047 0.677432014392953 1
0 1 1 0.40261505305891 0.59738494694109 1
0 1 1 0.315728625313953 0.684271374686047 1
1 0 0 0.626977579840419 0.373022420159581 0
1 0 0 0.35126062727724 0.64873937272276 1
0 1 1 0.686056818756312 0.313943181243688 0
0 1 1 0.452552753745453 0.547447246254547 1
0 1 1 0.657736055094103 0.342263944905897 0
1 0 0 0.412204508098209 0.587795491901791 1
0 1 1 0.327379171212122 0.672620828787878 1
1 0 0 0.665350346168022 0.334649653831978 0
0 1 1 0.687133468604369 0.312866531395631 0
1 0 0 0.392832874660257 0.607167125339743 1
0 1 1 0.657786765776836 0.342213234223164 0
1 0 0 0.681654192440461 0.318345807559539 0
0 1 1 0.552548631082778 0.447451368917222 0
0 1 1 0.665180868915644 0.334819131084356 0
0 1 1 0.674599141982579 0.325400858017421 0
1 0 0 0.682565703971778 0.317434296028222 0
0 1 1 0.514087986933373 0.485912013066627 0
0 1 1 0.652302947852678 0.347697052147322 0
1 0 0 0.652247705186786 0.347752294813214 0
1 0 0 0.679213926049273 0.320786073950727 0
0 1 1 0.683043683269694 0.316956316730306 0
0 1 1 0.458622679066712 0.541377320933288 1
1 0 0 0.487385187862351 0.512614812137649 1
0 1 1 0.604024030612515 0.395975969387485 0
0 1 1 0.622175228705772 0.377824771294228 0
0 1 1 0.595447456168957 0.404552543831043 0
0 1 1 0.351595216803342 0.648404783196658 1
0 1 1 0.665203865817663 0.334796134182337 0
0 1 1 0.40971032169296 0.59028967830704 1
0 1 1 0.393572374494313 0.606427625505687 1
0 1 1 0.348579541372436 0.651420458627564 1
1 0 0 0.598378872667237 0.401621127332763 0
1 0 0 0.317543547773234 0.682456452226766 1
1 0 0 0.625404962500004 0.374595037499996 0
0 1 1 0.67578548451289 0.32421451548711 0
0 1 1 0.684084521269321 0.315915478730679 0
0 1 1 0.354314865843573 0.645685134156427 1
1 0 0 0.314249011608677 0.685750988391323 1
0 1 1 0.626427827613467 0.373572172386533 0
1 0 0 0.506097972591662 0.493902027408338 0
0 1 1 0.327314648475076 0.672685351524924 1
0 1 1 0.352749967642661 0.647250032357339 1
0 1 1 0.524978328758656 0.475021671241344 0
1 0 0 0.650997401250829 0.349002598749171 0
0 1 1 0.631458285954824 0.368541714045176 0
1 0 0 0.318244647464671 0.681755352535329 1
0 1 1 0.425096171012062 0.574903828987938 1
0 1 1 0.349418823990338 0.650581176009662 1
1 0 0 0.679425290828344 0.320574709171656 0
1 0 0 0.593937921978434 0.406062078021567 0
1 0 0 0.640369763925076 0.359630236074924 0
1 0 0 0.421852239392014 0.578147760607986 1
1 0 0 0.501116111966351 0.498883888033649 0
1 0 0 0.581332624982245 0.418667375017755 0
1 0 0 0.384374705179647 0.615625294820353 1
1 0 0 0.661683531759338 0.338316468240662 0
0 1 1 0.585922941591117 0.414077058408883 0
0 1 1 0.35749361018179 0.64250638981821 1
0 1 1 0.679169139157903 0.320830860842097 0
0 1 1 0.458723168135434 0.541276831864566 1
1 0 0 0.667260792963706 0.332739207036294 0
1 0 0 0.635800218423803 0.364199781576197 0
1 0 0 0.681272007710451 0.318727992289549 0
0 1 1 0.6749910120954 0.3250089879046 0
0 1 1 0.543312618528146 0.456687381471854 0
1 0 0 0.425828559135163 0.574171440864837 1
0 1 1 0.67204855058237 0.32795144941763 0
1 0 0 0.393852338311098 0.606147661688902 1
1 0 0 0.681286765814302 0.318713234185698 0
0 1 1 0.670433212757734 0.329566787242266 0
1 0 0 0.638463445585018 0.361536554414982 0
0 1 1 0.613188735207359 0.386811264792641 0
1 0 0 0.580485283541808 0.419514716458192 0
0 1 1 0.359055366743269 0.640944633256731 1
0 1 1 0.341437170296187 0.658562829703814 1
0 1 1 0.660150153867349 0.339849846132651 0
1 0 0 0.643508201244744 0.356491798755256 0
1 0 0 0.682064948671571 0.317935051328429 0
0 1 1 0.352827068559965 0.647172931440035 1
1 0 0 0.531097911985414 0.468902088014586 0
1 0 0 0.645081371363517 0.354918628636483 0
1 0 0 0.371310500512337 0.628689499487663 1
1 0 0 0.559116597988902 0.440883402011097 0
0 1 1 0.5142470394393 0.4857529605607 0
1 0 0 0.471678412098059 0.528321587901941 1
1 0 0 0.647639432086078 0.352360567913922 0
1 0 0 0.660448994670713 0.339551005329287 0
1 0 0 0.632732826996413 0.367267173003587 0
0 1 1 0.632279279158907 0.367720720841093 0
0 1 1 0.663590050373747 0.336409949626253 0
0 1 1 0.329720612237834 0.670279387762166 1
0 1 1 0.640707185885779 0.359292814114221 0
0 1 1 0.360692899410153 0.639307100589847 1
0 1 1 0.460615718455115 0.539384281544885 1
1 0 0 0.34793470365023 0.65206529634977 1
1 0 0 0.414137870293809 0.585862129706191 1
0 1 1 0.664262239852301 0.335737760147699 0
1 0 0 0.387106606226228 0.612893393773772 1
0 1 1 0.67599072285317 0.32400927714683 0
0 1 1 0.681211947686978 0.318788052313022 0
0 1 1 0.424166515841176 0.575833484158824 1
0 1 1 0.619394348907095 0.380605651092905 0
0 1 1 0.475379954483693 0.524620045516307 1
1 0 0 0.394757324407697 0.605242675592303 1
1 0 0 0.61368492618576 0.38631507381424 0
0 1 1 0.630234175504289 0.369765824495711 0
1 0 0 0.634990903014441 0.365009096985559 0
1 0 0 0.645754608909168 0.354245391090832 0
1 0 0 0.355735086362836 0.644264913637164 1
1 0 0 0.614968518175637 0.385031481824364 0
1 0 0 0.661998032595726 0.338001967404274 0
0 1 1 0.360091118568327 0.639908881431673 1
0 1 1 0.644602316761249 0.355397683238751 0
0 1 1 0.417609785705755 0.582390214294245 1
0 1 1 0.590085099593642 0.409914900406358 0
1 0 0 0.612543767452846 0.387456232547154 0
0 1 1 0.357400170138038 0.642599829861962 1
0 1 1 0.480399043360515 0.519600956639485 1
0 1 1 0.502827694912879 0.497172305087121 0
0 1 1 0.367565751469367 0.632434248530633 1
0 1 1 0.382436406749361 0.617563593250639 1
0 1 1 0.621109569811738 0.378890430188262 0
0 1 1 0.671322632310166 0.328677367689834 0
1 0 0 0.341914146005068 0.658085853994932 1
0 1 1 0.580796585031747 0.419203414968253 0
0 1 1 0.385122598537267 0.614877401462733 1
0 1 1 0.4902519200308 0.5097480799692 1
0 1 1 0.341759658375731 0.658240341624269 1
1 0 0 0.338757385889801 0.661242614110199 1
1 0 0 0.338712787563431 0.661287212436569 1
0 1 1 0.642066685438768 0.357933314561232 0
0 1 1 0.412763204135104 0.587236795864896 1
0 1 1 0.311972041319545 0.688027958680455 1
0 1 1 0.548920199595912 0.451079800404088 0
0 1 1 0.346265037728993 0.653734962271007 1
0 1 1 0.322864812153547 0.677135187846453 1
0 1 1 0.384419953495318 0.615580046504682 1
0 1 1 0.668387985829618 0.331612014170382 0
1 0 0 0.328725027763873 0.671274972236127 1
0 1 1 0.308789188801364 0.691210811198636 1
0 1 1 0.361214700788636 0.638785299211364 1
0 1 1 0.419153242446437 0.580846757553563 1
0 1 1 0.547985684680614 0.452014315319386 0
1 0 0 0.451687086518626 0.548312913481374 1
1 0 0 0.391285598040091 0.608714401959909 1
1 0 0 0.585205947427607 0.414794052572393 0
0 1 1 0.649085184054685 0.350914815945315 0
1 0 0 0.36628659070912 0.63371340929088 1
1 0 0 0.424000788698952 0.575999211301048 1
0 1 1 0.309083756522052 0.690916243477948 1
1 0 0 0.596074966507108 0.403925033492892 0
0 1 1 0.66834867773102 0.33165132226898 0
0 1 1 0.333846251881498 0.666153748118502 1
1 0 0 0.423323965462038 0.576676034537962 1
0 1 1 0.608898331874477 0.391101668125523 0
1 0 0 0.637129770956816 0.362870229043184 0
0 1 1 0.672672408226655 0.327327591773345 0
0 1 1 0.350278715635083 0.649721284364918 1
1 0 0 0.650407359947921 0.349592640052079 0
1 0 0 0.655334711106161 0.344665288893838 0
1 0 0 0.535602032894281 0.464397967105719 0
1 0 0 0.591984889227862 0.408015110772138 0
0 1 1 0.307044170689355 0.692955829310644 1
0 1 1 0.360608947504308 0.639391052495692 1
0 1 1 0.407381976468199 0.592618023531801 1
0 1 1 0.383897822904892 0.616102177095108 1
1 0 0 0.67678309719389 0.32321690280611 0
1 0 0 0.649724484357887 0.350275515642113 0
1 0 0 0.62385227303272 0.37614772696728 0
1 0 0 0.50382003738577 0.49617996261423 0
1 0 0 0.681194937998333 0.318805062001667 0
0 1 1 0.636639008209791 0.363360991790209 0
1 0 0 0.602152084254006 0.397847915745994 0
0 1 1 0.451533871877715 0.548466128122285 1
1 0 0 0.627322896890637 0.372677103109363 0
0 1 1 0.517525094523042 0.482474905476958 0
1 0 0 0.391507528164837 0.608492471835163 1
1 0 0 0.60289443408799 0.39710556591201 0
0 1 1 0.676943291307915 0.323056708692085 0
1 0 0 0.67469083794591 0.32530916205409 0
1 0 0 0.373612023758412 0.626387976241588 1
0 1 1 0.399842868345018 0.600157131654982 1
1 0 0 0.385949134337914 0.614050865662086 1
1 0 0 0.348862879302293 0.651137120697707 1
0 1 1 0.660164445350065 0.339835554649935 0
0 1 1 0.637106413667266 0.362893586332734 0
0 1 1 0.48921068414674 0.51078931585326 1
0 1 1 0.682244467647783 0.317755532352217 0
0 1 1 0.342860863350037 0.657139136649963 1
0 1 1 0.48621298673431 0.51378701326569 1
1 0 0 0.667468522967142 0.332531477032858 0
1 0 0 0.665926117530991 0.334073882469009 0
0 1 1 0.325935936453866 0.674064063546134 1
1 0 0 0.352550355553318 0.647449644446682 1
0 1 1 0.377329151120393 0.622670848879607 1
0 1 1 0.508059199985923 0.491940800014077 0
0 1 1 0.535113080118246 0.464886919881754 0
0 1 1 0.313260167852798 0.686739832147202 1
1 0 0 0.666859829379031 0.333140170620969 0
0 1 1 0.673912294532043 0.326087705467957 0
1 0 0 0.648299333492064 0.351700666507936 0
1 0 0 0.630931561531713 0.369068438468287 0
1 0 0 0.365010422201772 0.634989577798228 1
1 0 0 0.672233079896411 0.327766920103589 0
1 0 0 0.669807529760471 0.330192470239529 0
0 1 1 0.442649991752305 0.557350008247695 1
0 1 1 0.677677248075365 0.322322751924635 0
1 0 0 0.674850489013354 0.325149510986646 0
0 1 1 0.320151471733007 0.679848528266993 1
0 1 1 0.671906447150689 0.328093552849311 0
1 0 0 0.685248388760769 0.314751611239231 0
1 0 0 0.403065400219893 0.596934599780107 1
1 0 0 0.641639560258126 0.358360439741874 0
1 0 0 0.608985732455953 0.391014267544047 0
0 1 1 0.686042950459395 0.313957049540605 0
1 0 0 0.631364106538561 0.368635893461439 0
1 0 0 0.663837501257626 0.336162498742374 0
1 0 0 0.333983832246694 0.666016167753306 1
1 0 0 0.4711089853961 0.5288910146039 1
1 0 0 0.68409235201781 0.31590764798219 0
0 1 1 0.305803407038652 0.694196592961348 1
1 0 0 0.438823507674004 0.561176492325996 1
1 0 0 0.39826743579157 0.60173256420843 1
1 0 0 0.316489717353125 0.683510282646875 1
0 1 1 0.354808327737686 0.645191672262314 1
1 0 0 0.479871226864841 0.520128773135159 1
0 1 1 0.540961645758516 0.459038354241484 0
1 0 0 0.686520319632873 0.313479680367127 0
1 0 0 0.655946286639655 0.344053713360345 0
0 1 1 0.536168737386459 0.463831262613541 0
0 1 1 0.529377218529484 0.470622781470516 0
1 0 0 0.510836676230128 0.489163323769872 0
0 1 1 0.594956531582987 0.405043468417013 0
0 1 1 0.421978341148612 0.578021658851388 1
0 1 1 0.659301258366577 0.340698741633423 0
0 1 1 0.490716400955002 0.509283599044998 1
1 0 0 0.67840738336021 0.32159261663979 0
0 1 1 0.36013377366302 0.63986622633698 1
0 1 1 0.658648429140373 0.341351570859627 0
1 0 0 0.388182679951163 0.611817320048837 1
1 0 0 0.651954244150889 0.348045755849111 0
0 1 1 0.657398206983799 0.342601793016201 0
1 0 0 0.670108849353301 0.329891150646699 0
1 0 0 0.664838806296926 0.335161193703074 0
0 1 1 0.357094290015595 0.642905709984405 1
0 1 1 0.664577170148797 0.335422829851203 0
1 0 0 0.676026123520169 0.323973876479831 0
0 1 1 0.378406871817114 0.621593128182886 1
1 0 0 0.388376297335708 0.611623702664292 1
1 0 0 0.655279427349375 0.344720572650626 0
0 1 1 0.315588524742974 0.684411475257026 1
0 1 1 0.416682651926041 0.583317348073959 1
1 0 0 0.358734069270411 0.641265930729589 1
1 0 0 0.379586969954897 0.620413030045103 1
0 1 1 0.402073244708395 0.597926755291605 1
1 0 0 0.33194292480277 0.66805707519723 1
1 0 0 0.312209991332648 0.687790008667352 1
0 1 1 0.657146021656335 0.342853978343665 0
0 1 1 0.671371742560838 0.328628257439162 0
0 1 1 0.549717557142632 0.450282442857368 0
0 1 1 0.415661354871657 0.584338645128343 1
0 1 1 0.419610909812205 0.580389090187795 1
0 1 1 0.596238257997215 0.403761742002785 0
0 1 1 0.317551598594866 0.682448401405134 1
0 1 1 0.66989002169738 0.33010997830262 0
1 0 0 0.650083716883287 0.349916283116713 0
0 1 1 0.483000121585415 0.516999878414585 1
0 1 1 0.541075627170632 0.458924372829368 0
1 0 0 0.546577828246526 0.453422171753474 0
0 1 1 0.665625091726794 0.334374908273206 0
1 0 0 0.51412996389493 0.48587003610507 0
1 0 0 0.481673617908357 0.518326382091643 1
1 0 0 0.629799193107058 0.370200806892942 0
0 1 1 0.68632801863828 0.31367198136172 0
1 0 0 0.490923875531812 0.509076124468188 1
0 1 1 0.663335589265372 0.336664410734628 0
1 0 0 0.592698615037746 0.407301384962254 0
0 1 1 0.391680000764633 0.608319999235367 1
1 0 0 0.338156697510909 0.661843302489091 1
0 1 1 0.398485074218616 0.601514925781384 1
1 0 0 0.37735300140969 0.62264699859031 1
1 0 0 0.643781677653461 0.356218322346539 0
