1 0 0 0.318831050266416 0.681168949733585 1
1 0 0 0.670188849112121 0.329811150887879 0
1 0 0 0.664892418526187 0.335107581473813 0
1 0 0 0.562055563149623 0.437944436850376 0
0 1 1 0.399770728875114 0.600229271124886 1
1 0 0 0.304292040244459 0.695707959755541 1
1 0 0 0.569183056376951 0.430816943623049 0
0 1 1 0.354464024097903 0.645535975902097 1
1 0 0 0.390412204596798 0.609587795403203 1
1 0 0 0.31718257983967 0.68281742016033 1
0 1 1 0.329150863911807 0.670849136088193 1
0 1 1 0.464994732336422 0.535005267663578 1
0 1 1 0.67708378556685 0.32291621443315 0
1 0 0 0.655859991343845 0.344140008656155 0
0 1 1 0.358209790152292 0.641790209847708 1
0 1 1 0.38232202504831 0.61767797495169 1
0 1 1 0.580423199786697 0.419576800213303 0
1 0 0 0.583597890007065 0.416402109992935 0
0 1 1 0.639666151403534 0.360333848596466 0
1 0 0 0.601279720158981 0.398720279841019 0
0 1 1 0.441062258557725 0.558937741442275 1
1 0 0 0.642032120453753 0.357967879546247 0
0 1 1 0.655093218019717 0.344906781980283 0
0 1 1 0.499220501548662 0.500779498451338 1
1 0 0 0.556607923951596 0.443392076048404 0
0 1 1 0.675331554584012 0.324668445415988 0
0 1 1 0.494566978540344 0.505433021459656 1
0 1 1 0.35261766699868 0.64738233300132 1
1 0 0 0.585815689934791 0.41418431006521 0
1 0 0 0.673654221784344 0.326345778215656 0
0 1 1 0.440478229079881 0.559521770920119 1
0 1 1 0.488898755509938 0.511101244490062 1
1 0 0 0.561453035470205 0.438546964529795 0
1 0 0 0.359593670748905 0.640406329251095 1
1 0 0 0.384357236369862 0.615642763630139 1
0 1 1 0.591166663962426 0.408833336037574 0
1 0 0 0.627473322142533 0.372526677857467 0
0 1 1 0.331223659298123 0.668776340701877 1
1 0 0 0.681969739289967 0.318030260710033 0
1 0 0 0.664682099801756 0.335317900198244 0
0 1 1 0.627111887690212 0.372888112309788 0
1 0 0 0.3072764706798 0.6927235293202 1
1 0 0 0.325644362595489 0.674355637404511 1
1 0 0 0.52889837984784 0.47110162015216 0
0 1 1 0.330556167112442 0.669443832887558 1
0 1 1 0.389538302673633 0.610461697326367 1
0 1 1 0.369384474102428 0.630615525897572 1
0 1 1 0.310863787295592 0.689136212704408 1
1 0 0 0.664406086196586 0.335593913803414 0
1 0 0 0.398224306496221 0.601775693503779 1
0 1 1 0.58232355947855 0.41767644052145 0
1 0 0 0.628635964306166 0.371364035693834 0
0 1 1 0.633833171222345 0.366166828777655 0
1 0 0 0.681147906076003 0.318852093923997 0
0 1 1 0.562286976569885 0.437713023430115 0
1 0 0 0.635092951229707 0.364907048770293 0
1 0 0 0.614243346297163 0.385756653702837 0
1 0 0 0.395525225504154 0.604474774495846 1
1 0 0 0.674119114639511 0.325880885360489 0
1 0 0 0.551014705254843 0.448985294745157 0
1 0 0 0.651752101618152 0.348247898381849 0
0 1 1 0.36354962172695 0.63645037827305 1
0 1 1 0.517151894429202 0.482848105570798 0
0 1 1 0.624127532548557 0.375872467451443 0
0 1 1 0.652468855482513 0.347531144517487 0
0 1 1 0.518789380997222 0.481210619002778 0
1 0 0 0.650710722198087 0.349289277801913 0
1 0 0 0.45608577602641 0.54391422397359 1
1 0 0 0.671100489347246 0.328899510652755 0
1 0 0 0.324375608149794 0.675624391850206 1
0 1 1 0.365191242771019 0.634808757228981 1
0 1 1 0.568483554418524 0.431516445581476 0
1 0 0 0.490729538479741 0.509270461520259 1
0 1 1 0.626401016397127 0.373598983602873 0
1 0 0 0.662561139401364 0.337438860598636 0
1 0 0 0.327436097505682 0.672563902494318 1
0 1 1 0.677414504442065 0.322585495557935 0
0 1 1 0.628717489250052 0.371282510749948 0
0 1 1 0.376152173150589 0.623847826849411 1
1 0 0 0.674069954362714 0.325930045637286 0
1 0 0 0.386989502618387 0.613010497381613 1
0 1 1 0.682276762889845 0.317723237110155 0
1 0 0 0.57003843543536 0.42996156456464 0
0 1 1 0.534604584954195 0.465395415045805 0
1 0 0 0.325128826573153 0.674871173426847 1
1 0 0 0.655571542759562 0.344428457240438 0
0 1 1 0.429365363397426 0.570634636602574 1
0 1 1 0.388880564938904 0.611119435061096 1
0 1 1 0.455517951548237 0.544482048451763 1
1 0 0 0.435724280181498 0.564275719818502 1
0 1 1 0.317008738292161 0.682991261707839 1
0 1 1 0.482613827320306 0.517386172679694 1
0 1 1 0.564024670201644 0.435975329798356 0
1 0 0 0.673836682716351 0.326163317283649 0
0 1 1 0.382928855178828 0.617071144821172 1
1 0 0 0.677065698889669 0.322934301110331 0
1 0 0 0.606069448797833 0.393930551202167 0
0 1 1 0.615960292812943 0.384039707187057 0
1 0 0 0.681800048978546 0.318199951021454 0
1 0 0 0.608045826029026 0.391954173970974 0
1 0 0 0.683058810860208 0.316941189139792 0
1 0 0 0.409229716428518 0.590770283571482 1
0 1 1 0.468003840791429 0.531996159208571 1
0 1 1 0.323996747195703 0.676003252804297 1
0 1 1 0.41598007462514 0.58401992537486 1
0 1 1 0.630058197395327 0.369941802604673 0
1 0 0 0.556181283397316 0.443818716602684 0
0 1 1 0.327704717844487 0.672295282155513 1
0 1 1 0.656835024137684 0.343164975862316 0
0 1 1 0.387952413695442 0.612047586304558 1
1 0 0 0.373761853719642 0.626238146280358 1
0 1 1 0.638601461675165 0.361398538324835 0
1 0 0 0.572185929213151 0.427814070786849 0
1 0 0 0.571274055816369 0.428725944183631 0
1 0 0 0.640993181199558 0.359006818800442 0
1 0 0 0.66050625006884 0.33949374993116 0
1 0 0 0.668312103482986 0.331687896517014 0
1 0 0 0.604220602633851 0.395779397366149 0
0 1 1 0.67968623707334 0.32031376292666 0
0 1 1 0.600764876008102 0.399235123991898 0
0 1 1 0.526292189479267 0.473707810520733 0
1 0 0 0.500079333713871 0.499920666286129 0
0 1 1 0.516984362659302 0.483015637340698 0
0 1 1 0.633794467075555 0.366205532924445 0
0 1 1 0.682704031738112 0.317295968261888 0
1 0 0 0.508020784582852 0.491979215417148 0
1 0 0 0.458405982943964 0.541594017056036 1
0 1 1 0.36573463504769 0.63426536495231 1
0 1 1 0.624751170016047 0.375248829983953 0
1 0 0 0.30960851370472 0.690391486295279 1
0 1 1 0.525176937825303 0.474823062174697 0
1 0 0 0.39546155353001 0.60453844646999 1
0 1 1 0.641307053835103 0.358692946164897 0
0 1 1 0.454873894846659 0.545126105153341 1
1 0 0 0.642883245912178 0.357116754087822 0
0 1 1 0.481487503494913 0.518512496505087 1
0 1 1 0.345982281398881 0.654017718601119 1
0 1 1 0.400625547494089 0.599374452505911 1
0 1 1 0.382768198119681 0.617231801880319 1
1 0 0 0.396062520339701 0.603937479660299 1
0 1 1 0.521563562860375 0.478436437139625 0
1 0 0 0.674392060389353 0.325607939610647 0
0 1 1 0.44365003081199 0.55634996918801 1
1 0 0 0.573532348778837 0.426467651221163 0
1 0 0 0.6467249692467 0.3532750307533 0
1 0 0 0.39000432021847 0.609995679781531 1
0 1 1 0.637884313287219 0.362115686712781 0
1 0 0 0.348179937942452 0.651820062057548 1
1 0 0 0.617167177708387 0.382832822291613 0
1 0 0 0.615473231651412 0.384526768348588 0
1 0 0 0.683227032239324 0.316772967760676 0
1 0 0 0.349793544260828 0.650206455739172 1
0 1 1 0.360177900819417 0.639822099180583 1
1 0 0 0.334594154748522 0.665405845251478 1
0 1 1 0.642945178853853 0.357054821146147 0
1 0 0 0.606326695871106 0.393673304128894 0
0 1 1 0.372112855578948 0.627887144421052 1
1 0 0 0.318662443279238 0.681337556720762 1
1 0 0 0.668789060145533 0.331210939854467 0
0 1 1 0.684230542984537 0.315769457015463 0
0 1 1 0.650478558279672 0.349521441720328 0
0 1 1 0.374149648612026 0.625850351387974 1
0 1 1 0.679720793990558 0.320279206009442 0
0 1 1 0.580655384610677 0.419344615389323 0
1 0 0 0.351884776767667 0.648115223232333 1
1 0 0 0.631344738316591 0.368655261683409 0
1 0 0 0.659511562913939 0.340488437086061 0
0 1 1 0.44865795570785 0.55134204429215 1
0 1 1 0.618986973098007 0.381013026901993 0
1 0 0 0.656484860133081 0.343515139866919 0
0 1 1 0.310437998006287 0.689562001993713 1
1 0 0 0.670178215771448 0.329821784228552 0
1 0 0 0.664543646183775 0.335456353816225 0
0 1 1 0.343343724911267 0.656656275088733 1
0 1 1 0.442718492913984 0.557281507086016 1
1 0 0 0.312839404791117 0.687160595208883 1
1 0 0 0.643378295059498 0.356621704940502 0
0 1 1 0.462541894818602 0.537458105181398 1
0 1 1 0.357042404556779 0.642957595443221 1
1 0 0 0.535407005862277 0.464592994137723 0
0 1 1 0.569641479467551 0.43035852053245 0
1 0 0 0.682978510707374 0.317021489292626 0
1 0 0 0.545651759942915 0.454348240057085 0
1 0 0 0.379711951950882 0.620288048049119 1
0 1 1 0.618007072773411 0.381992927226589 0
1 0 0 0.368873571263414 0.631126428736586 1
1 0 0 0.607797925707823 0.392202074292177 0
1 0 0 0.30577598778478 0.69422401221522 1
0 1 1 0.331261714956944 0.668738285043056 1
1 0 0 0.669192461503744 0.330807538496256 0
0 1 1 0.67667542683017 0.32332457316983 0
1 0 0 0.471130118717386 0.528869881282614 1
0 1 1 0.622354242178953 0.377645757821047 0
0 1 1 0.601322557961674 0.398677442038326 0
1 0 0 0.423543926506287 0.576456073493713 1
1 0 0 0.558158011944417 0.441841988055583 0
0 1 1 0.316951559559229 0.683048440440771 1
0 1 1 0.536225875777864 0.463774124222136 0
1 0 0 0.342778229070147 0.657221770929853 1
1 0 0 0.347104300571461 0.652895699428539 1
0 1 1 0.499585665935104 0.500414334064896 1
0 1 1 0.34756717347276 0.65243282652724 1
1 0 0 0.626359518575441 0.373640481424559 0
0 1 1 0.382343178774039 0.617656821225961 1
0 1 1 0.391917878873312 0.608082121126688 1
0 1 1 0.403142798162111 0.596857201837889 1
1 0 0 0.678972498090156 0.321027501909844 0
0 1 1 0.660867167772673 0.339132832227327 0
0 1 1 0.60041121701044 0.39958878298956 0
1 0 0 0.631502380595548 0.368497619404452 0
1 0 0 0.462251417149565 0.537748582850435 1
1 0 0 0.547383614164314 0.452616385835686 0
1 0 0 0.680232281162084 0.319767718837916 0
1 0 0 0.386263171399837 0.613736828600163 1
1 0 0 0.471342502706669 0.528657497293331 1
1 0 0 0.683774471741974 0.316225528258026 0
0 1 1 0.318453644451498 0.681546355548502 1
1 0 0 0.54312302388216 0.45687697611784 0
1 0 0 0.613248724952344 0.386751275047656 0
1 0 0 0.579704470556309 0.420295529443691 0
0 1 1 0.576111072840619 0.423888927159381 0
1 0 0 0.377912191722948 0.622087808277052 1
0 1 1 0.567874964493808 0.432125035506192 0
0 1 1 0.369265801735836 0.630734198264164 1
0 1 1 0.471389657054401 0.528610342945599 1
1 0 0 0.67451835690523 0.32548164309477 0
1 0 0 0.566111576269113 0.433888423730887 0
0 1 1 0.419782915709667 0.580217084290333 1
1 0 0 0.442265238573368 0.557734761426632 1
1 0 0 0.663183722342724 0.336816277657276 0
1 0 0 0.450462084618834 0.549537915381165 1
1 0 0 0.646466952642515 0.353533047357485 0
1 0 0 0.45146965536672 0.54853034463328 1
0 1 1 0.523076625951475 0.476923374048525 0
1 0 0 0.589052003835894 0.410947996164106 0
1 0 0 0.455422478463326 0.544577521536674 1
0 1 1 0.622301166159177 0.377698833840823 0
1 0 0 0.64328231484955 0.35671768515045 0
1 0 0 0.561734186564246 0.438265813435754 0
0 1 1 0.639726801232856 0.360273198767144 0
1 0 0 0.45052360245065 0.54947639754935 1
0 1 1 0.638365787778041 0.361634212221959 0
0 1 1 0.595254316092758 0.404745683907242 0
0 1 1 0.524028506960092 0.475971493039908 0
1 0 0 0.4020943479864 0.5979056520136 1
1 0 0 0.638150017968493 0.361849982031507 0
0 1 1 0.53463212873209 0.46536787126791 0
0 1 1 0.663037323216726 0.336962676783274 0
0 1 1 0.35788497968632 0.64211502031368 1
1 0 0 0.617431074103206 0.382568925896794 0
1 0 0 0.389177644425571 0.610822355574429 1
0 1 1 0.355690458561654 0.644309541438347 1
1 0 0 0.671040557859405 0.328959442140595 0
0 1 1 0.416707728055232 0.583292271944768 1
1 0 0 0.647027922601283 0.352972077398717 0
1 0 0 0.663667883404946 0.336332116595054 0
0 1 1 0.368861656683845 0.631138343316155 1
1 0 0 0.674685378172079 0.325314621827922 0
0 1 1 0.429405064692028 0.570594935307972 1
0 1 1 0.472362363133555 0.527637636866445 1
0 1 1 0.416468409657933 0.583531590342067 1
1 0 0 0.314470525227044 0.685529474772956 1
1 0 0 0.561799062536758 0.438200937463242 0
0 1 1 0.584924312954564 0.415075687045436 0
1 0 0 0.668102888148084 0.331897111851916 0
0 1 1 0.565881303047002 0.434118696952998 0
0 1 1 0.621241611441044 0.378758388558956 0
1 0 0 0.628807288530622 0.371192711469378 0
0 1 1 0.440020108721024 0.559979891278976 1
1 0 0 0.63146313052972 0.36853686947028 0
1 0 0 0.683928155057037 0.316071844942963 0
0 1 1 0.683720649031807 0.316279350968192 0
1 0 0 0.448438543719733 0.551561456280268 1
1 0 0 0.684850269101176 0.315149730898824 0
1 0 0 0.506708718266205 0.493291281733795 0
1 0 0 0.671221002355377 0.328778997644623 0
0 1 1 0.676910938841792 0.323089061158208 0
0 1 1 0.575901376668943 0.424098623331056 0
1 0 0 0.412374046175904 0.587625953824096 1
1 0 0 0.664499797655505 0.335500202344495 0
0 1 1 0.468325354362355 0.531674645637645 1
1 0 0 0.671920102779356 0.328079897220644 0
1 0 0 0.648127078540485 0.351872921459515 0
0 1 1 0.446626572964348 0.553373427035653 1
0 1 1 0.404423690321049 0.595576309678951 1
1 0 0 0.327561586900658 0.672438413099342 1
0 1 1 0.372315117509656 0.627684882490344 1
0 1 1 0.394625777226985 0.605374222773015 1
0 1 1 0.673344104523577 0.326655895476423 0
0 1 1 0.612302724982002 0.387697275017998 0
1 0 0 0.680435247698198 0.319564752301802 0
0 1 1 0.679925108352818 0.320074891647182 0
1 0 0 0.417598096353916 0.582401903646084 1
0 1 1 0.643762693841117 0.356237306158883 0
0 1 1 0.653907056622518 0.346092943377482 0
1 0 0 0.634839719509694 0.365160280490306 0
0 1 1 0.416359656376171 0.583640343623829 1
1 0 0 0.412735570922022 0.587264429077977 1
0 1 1 0.473244026042746 0.526755973957254 1
0 1 1 0.607009236640019 0.392990763359981 0
1 0 0 0.378410849778588 0.621589150221412 1
0 1 1 0.558852973598826 0.441147026401174 0
1 0 0 0.377448622736959 0.622551377263041 1
0 1 1 0.586786959366673 0.413213040633327 0
1 0 0 0.592037423000734 0.407962576999266 0
1 0 0 0.614966306410463 0.385033693589537 0
0 1 1 0.338119282586677 0.661880717413323 1
0 1 1 0.446104990778846 0.553895009221154 1
1 0 0 0.349362880412376 0.650637119587624 1
0 1 1 0.619200562122889 0.380799437877111 0
1 0 0 0.660837986908541 0.339162013091459 0
1 0 0 0.646909699770448 0.353090300229552 0
1 0 0 0.587544930432523 0.412455069567477 0
0 1 1 0.67545613804467 0.32454386195533 0
1 0 0 0.418099596262697 0.581900403737303 1
1 0 0 0.352677526844961 0.647322473155039 1
1 0 0 0.444827201552763 0.555172798447236 1
0 1 1 0.645641550252488 0.354358449747512 0
1 0 0 0.649445802395489 0.350554197604511 0
1 0 0 0.673593908218846 0.326406091781155 0
1 0 0 0.662760277124824 0.337239722875176 0
1 0 0 0.5719182076952 0.4280817923048 0
1 0 0 0.484577088643583 0.515422911356417 1
0 1 1 0.66884422855188 0.33115577144812 0
1 0 0 0.669234154219386 0.330765845780614 0
0 1 1 0.500266062584401 0.499733937415599 0
1 0 0 0.35464899009228 0.64535100990772 1
0 1 1 0.680920372587319 0.319079627412681 0
0 1 1 0.489079025153452 0.510920974846548 1
1 0 0 0.469805270287488 0.530194729712512 1
0 1 1 0.675196194062225 0.324803805937775 0
1 0 0 0.482357847864281 0.517642152135719 1
1 0 0 0.438517721416976 0.561482278583024 1
0 1 1 0.322680150107247 0.677319849892753 1
1 0 0 0.525270724222127 0.474729275777873 0
0 1 1 0.334370482715835 0.665629517284165 1
0 1 1 0.641713812719822 0.358286187280178 0
0 1 1 0.358023604350088 0.641976395649912 1
0 1 1 0.570339927414467 0.429660072585533 0
0 1 1 0.390669911323235 0.609330088676765 1
1 0 0 0.463701132469437 0.536298867530563 1
0 1 1 0.620016629222117 0.379983370777883 0
1 0 0 0.616235318364106 0.383764681635894 0
0 1 1 0.468266438936788 0.531733561063212 1
0 1 1 0.678593090981878 0.321406909018122 0
1 0 0 0.634953814819391 0.365046185180609 0
0 1 1 0.547485241143837 0.452514758856163 0
1 0 0 0.314122924610487 0.685877075389513 1
0 1 1 0.588603113613961 0.411396886386039 0
1 0 0 0.678943460716104 0.321056539283896 0
1 0 0 0.590417693439505 0.409582306560495 0
0 1 1 0.60752248716263 0.39247751283737 0
1 0 0 0.631683514793434 0.368316485206566 0
0 1 1 0.623679274897488 0.376320725102512 0
0 1 1 0.465315500169134 0.534684499830866 1
0 1 1 0.460387253526035 0.539612746473965 1
1 0 0 0.583651630657935 0.416348369342065 0
1 0 0 0.665476399550778 0.334523600449222 0
1 0 0 0.681942672497541 0.318057327502459 0
1 0 0 0.31927007924377 0.680729920756231 1
0 1 1 0.33374317348711 0.66625682651289 1
0 1 1 0.47688384324481 0.52311615675519 1
1 0 0 0.679415954860405 0.320584045139595 0
0 1 1 0.445623644360454 0.554376355639546 1
0 1 1 0.622964023994056 0.377035976005944 0
1 0 0 0.652487294789376 0.347512705210624 0
1 0 0 0.514447657894146 0.485552342105854 0
1 0 0 0.555450232399616 0.444549767600384 0
1 0 0 0.596956290666727 0.403043709333273 0
1 0 0 0.59681621619742 0.40318378380258 0
0 1 1 0.465335765954447 0.534664234045554 1
0 1 1 0.483641203222646 0.516358796777354 1
0 1 1 0.610072153786787 0.389927846213213 0
1 0 0 0.682830914930874 0.317169085069126 0
1 0 0 0.453058870383519 0.546941129616481 1
0 1 1 0.397935111997078 0.602064888002922 1
0 1 1 0.541336480931666 0.458663519068334 0
1 0 0 0.339918092239198 0.660081907760802 1
0 1 1 0.466003378837235 0.533996621162765 1
0 1 1 0.68225911429082 0.31774088570918 0
0 1 1 0.419883783203877 0.580116216796124 1
1 0 0 0.642974624598867 0.357025375401134 0
1 0 0 0.456501397653727 0.543498602346273 1
0 1 1 0.55780330462738 0.44219669537262 0
0 1 1 0.426167718712611 0.57383228128739 1
1 0 0 0.655296539854993 0.344703460145007 0
0 1 1 0.367709452376819 0.632290547623181 1
0 1 1 0.476553916000522 0.523446083999478 1
1 0 0 0.638596221241876 0.361403778758125 0
1 0 0 0.669071327116258 0.330928672883743 0
0 1 1 0.48210729229475 0.51789270770525 1
0 1 1 0.480607826637144 0.519392173362856 1
0 1 1 0.64983533641375 0.35016466358625 0
0 1 1 0.66602780063449 0.33397219936551 0
1 0 0 0.314608185821222 0.685391814178778 1
1 0 0 0.560940503251671 0.439059496748329 0
0 1 1 0.665946459137973 0.334053540862027 0
1 0 0 0.615378005847176 0.384621994152824 0
0 1 1 0.628202537411436 0.371797462588564 0
0 1 1 0.341682562015449 0.658317437984551 1
0 1 1 0.48806087351238 0.51193912648762 1
0 1 1 0.468391261700026 0.531608738299974 1
0 1 1 0.680973755693131 0.319026244306869 0
1 0 0 0.483054508294114 0.516945491705886 1
0 1 1 0.359779416805449 0.640220583194551 1
0 1 1 0.57959510877842 0.42040489122158 0
1 0 0 0.582784009547055 0.417215990452945 0
0 1 1 0.630087606322132 0.369912393677868 0
0 1 1 0.428816144338959 0.571183855661041 1
0 1 1 0.371400594117519 0.628599405882481 1
0 1 1 0.305886819363769 0.694113180636231 1
0 1 1 0.68115100084348 0.31884899915652 0
1 0 0 0.666433782038742 0.333566217961258 0
1 0 0 0.591368512062639 0.408631487937361 0
0 1 1 0.372114491135884 0.627885508864116 1
1 0 0 0.59221518867858 0.40778481132142 0
1 0 0 0.385166957915476 0.614833042084524 1
0 1 1 0.587760311748696 0.412239688251304 0
0 1 1 0.576533249084043 0.423466750915957 0
0 1 1 0.681689765531236 0.318310234468765 0
0 1 1 0.540517111615857 0.459482888384143 0
0 1 1 0.42735174586419 0.57264825413581 1
0 1 1 0.490313021222957 0.509686978777043 1
0 1 1 0.377597181231284 0.622402818768716 1
1 0 0 0.68229683975596 0.31770316024404 0
1 0 0 0.6740625680089 0.3259374319911 0
0 1 1 0.495320108562545 0.504679891437455 1
0 1 1 0.488757199207424 0.511242800792576 1
1 0 0 0.333814437907947 0.666185562092053 1
0 1 1 0.408961789957002 0.591038210042998 1
1 0 0 0.542146054770926 0.457853945229074 0
1 0 0 0.407926157258695 0.592073842741305 1
0 1 1 0.355316170546662 0.644683829453338 1
0 1 1 0.417573153249432 0.582426846750568 1
1 0 0 0.466793151675237 0.533206848324763 1
1 0 0 0.449370587725549 0.550629412274451 1
1 0 0 0.35448355294961 0.64551644705039 1
0 1 1 0.486022568130204 0.513977431869796 1
0 1 1 0.683592630708969 0.316407369291031 0
0 1 1 0.3859823399948 0.6140176600052 1
1 0 0 0.313234489034374 0.686765510965626 1
1 0 0 0.355710716473193 0.644289283526807 1
1 0 0 0.671851341332466 0.328148658667534 0
1 0 0 0.422749987510196 0.577250012489804 1
0 1 1 0.657191235494603 0.342808764505397 0
0 1 1 0.555506378953832 0.444493621046168 0
1 0 0 0.369716406987295 0.630283593012705 1
0 1 1 0.374687655171502 0.625312344828498 1
0 1 1 0.323332565382105 0.676667434617895 1
1 0 0 0.654881750115047 0.345118249884953 0
0 1 1 0.516866377850091 0.483133622149909 0
0 1 1 0.668615939322296 0.331384060677704 0
1 0 0 0.681965678933569 0.318034321066431 0
1 0 0 0.676143912077766 0.323856087922234 0
1 0 0 0.543481392483818 0.456518607516182 0
0 1 1 0.370345002618136 0.629654997381864 1
0 1 1 0.66539604961496 0.33460395038504 0
1 0 0 0.368354609353541 0.631645390646459 1
0 1 1 0.646422625801114 0.353577374198886 0
1 0 0 0.65991795977351 0.34008204022649 0
0 1 1 0.48758921290036 0.51241078709964 1
1 0 0 0.594914819376494 0.405085180623506 0
0 1 1 0.684532260556754 0.315467739443246 0
0 1 1 0.629534940094881 0.370465059905119 0
0 1 1 0.665174919381629 0.334825080618371 0
0 1 1 0.649378029896286 0.350621970103714 0
1 0 0 0.641067544606819 0.358932455393181 0
1 0 0 0.597323783668732 0.402676216331268 0
1 0 0 0.652931837757228 0.347068162242772 0
1 0 0 0.628595693399192 0.371404306600808 0
0 1 1 0.685994657623458 0.314005342376542 0
0 1 1 0.380250347431362 0.619749652568638 1
1 0 0 0.6779904147535 0.3220095852465 0
1 0 0 0.498341970863294 0.501658029136706 1
1 0 0 0.365239170477586 0.634760829522414 1
0 1 1 0.542122854498439 0.457877145501561 0
0 1 1 0.334007693515783 0.665992306484217 1
0 1 1 0.329545742460573 0.670454257539427 1
0 1 1 0.468779675506644 0.531220324493356 1
1 0 0 0.666399115950926 0.333600884049074 0
1 0 0 0.572351713382118 0.427648286617882 0
1 0 0 0.553603140485533 0.446396859514468 0
1 0 0 0.671027522538203 0.328972477461797 0
1 0 0 0.659517914862876 0.340482085137124 0
0 1 1 0.584848954387595 0.415151045612405 0
0 1 1 0.631830528376403 0.368169471623597 0
1 0 0 0.587632214419051 0.412367785580949 0
1 0 0 0.411844861768424 0.588155138231576 1
0 1 1 0.499793545713326 0.500206454286674 1
1 0 0 0.425836798230073 0.574163201769927 1
1 0 0 0.42930978339734 0.57069021660266 1
0 1 1 0.657141248324393 0.342858751675607 0
1 0 0 0.628323066687107 0.371676933312893 0
1 0 0 0.620416656625786 0.379583343374214 0
1 0 0 0.327113183781138 0.672886816218862 1
1 0 0 0.456443136937102 0.543556863062898 1
0 1 1 0.634408874916343 0.365591125083657 0
0 1 1 0.489794058021933 0.510205941978067 1
0 1 1 0.686425042902779 0.313574957097222 0
0 1 1 0.678890971990554 0.321109028009446 0
0 1 1 0.512093741470789 0.487906258529211 0
0 1 1 0.460645351318162 0.539354648681838 1
1 0 0 0.617906277107936 0.382093722892064 0
1 0 0 0.58063892967514 0.41936107032486 0
1 0 0 0.585216873878556 0.414783126121444 0
1 0 0 0.667618267484674 0.332381732515326 0
0 1 1 0.350241559745282 0.649758440254718 1
0 1 1 0.673081751577626 0.326918248422374 0
0 1 1 0.32984153227985 0.67015846772015 1
0 1 1 0.570593708587067 0.429406291412933 0
0 1 1 0.68552517056403 0.31447482943597 0
0 1 1 0.313690733839835 0.686309266160165 1
1 0 0 0.679056076882016 0.320943923117984 0
0 1 1 0.444226318360149 0.555773681639851 1
0 1 1 0.427991353712593 0.572008646287407 1
1 0 0 0.562029418170232 0.437970581829768 0
1 0 0 0.545174001386479 0.454825998613521 0
1 0 0 0.487677288207264 0.512322711792736 1
0 1 1 0.555609324844346 0.444390675155654 0
0 1 1 0.510639662777739 0.489360337222261 0
1 0 0 0.479802426360078 0.520197573639922 1
1 0 0 0.447549834500416 0.552450165499584 1
1 0 0 0.606041011691757 0.393958988308243 0
1 0 0 0.509777069989909 0.490222930010091 0
0 1 1 0.353620083379258 0.646379916620742 1
0 1 1 0.531550870619879 0.468449129380121 0
1 0 0 0.640415503847523 0.359584496152477 0
1 0 0 0.608427988455442 0.391572011544558 0
0 1 1 0.685029783627113 0.314970216372887 0
1 0 0 0.68441251139447 0.31558748860553 0
1 0 0 0.610462837475307 0.389537162524693 0
0 1 1 0.527597040626381 0.472402959373619 0
1 0 0 0.658315387329364 0.341684612670636 0
1 0 0 0.386408328651254 0.613591671348746 1
1 0 0 0.664416031777557 0.335583968222443 0
1 0 0 0.630845541770667 0.369154458229333 0
1 0 0 0.599039700564589 0.400960299435411 0
0 1 1 0.603629505670327 0.396370494329673 0
0 1 1 0.540707602216985 0.459292397783015 0
1 0 0 0.326842992951999 0.673157007048001 1
1 0 0 0.686442790560188 0.313557209439812 0
1 0 0 0.646850723208342 0.353149276791658 0
0 1 1 0.633305601869221 0.366694398130779 0
0 1 1 0.641790673574672 0.358209326425328 0
0 1 1 0.415446211956057 0.584553788043943 1
0 1 1 0.645175246950332 0.354824753049668 0
0 1 1 0.665305989085005 0.334694010914995 0
1 0 0 0.49096710434021 0.50903289565979 1
1 0 0 0.661792852708355 0.338207147291645 0
0 1 1 0.516122244913135 0.483877755086865 0
1 0 0 0.347499897501656 0.652500102498344 1
1 0 0 0.437668413249311 0.562331586750689 1
0 1 1 0.418329192732378 0.581670807267622 1
1 0 0 0.402566103182841 0.597433896817159 1
1 0 0 0.60745112632643 0.39254887367357 0
0 1 1 0.676137596611604 0.323862403388396 0
0 1 1 0.383023960627316 0.616976039372684 1
0 1 1 0.410621051748246 0.589378948251754 1
0 1 1 0.423615081289231 0.576384918710769 1
1 0 0 0.463621195253226 0.536378804746774 1
1 0 0 0.393689342653093 0.606310657346907 1
0 1 1 0.340486815636389 0.659513184363611 1
0 1 1 0.346311600596101 0.653688399403899 1
1 0 0 0.567164904300952 0.432835095699048 0
0 1 1 0.634731212977232 0.365268787022768 0
1 0 0 0.630693836638068 0.369306163361932 0
0 1 1 0.51251673921495 0.48748326078505 0
0 1 1 0.671079646179447 0.328920353820553 0
0 1 1 0.371800806123911 0.628199193876089 1
1 0 0 0.529445193657412 0.470554806342588 0
1 0 0 0.311884965997405 0.688115034002595 1
0 1 1 0.644026175052125 0.355973824947875 0
0 1 1 0.409640666054053 0.590359333945946 1
1 0 0 0.608882174524466 0.391117825475534 0
0 1 1 0.583233579224089 0.416766420775911 0
0 1 1 0.388793421909371 0.611206578090629 1
0 1 1 0.383568758650635 0.616431241349365 1
0 1 1 0.357027317283603 0.642972682716397 1
1 0 0 0.340660996372783 0.659339003627217 1
1 0 0 0.608709715816635 0.391290284183365 0
0 1 1 0.519787329886761 0.480212670113239 0
0 1 1 0.442297937193114 0.557702062806886 1
1 0 0 0.403492322499852 0.596507677500148 1
1 0 0 0.588008314221319 0.411991685778681 0
0 1 1 0.643297718527568 0.356702281472432 0
1 0 0 0.63260076495236 0.36739923504764 0
0 1 1 0.51594264631547 0.48405735368453 0
0 1 1 0.33844601105407 0.66155398894593 1
1 0 0 0.615753644956462 0.384246355043538 0
0 1 1 0.439962688244355 0.560037311755645 1
1 0 0 0.602011306434101 0.397988693565899 0
0 1 1 0.669291545232848 0.330708454767153 0
1 0 0 0.554349319740468 0.445650680259532 0
1 0 0 0.408637812092943 0.591362187907057 1
1 0 0 0.479338470817344 0.520661529182656 1
0 1 1 0.586626214684356 0.413373785315644 0
0 1 1 0.598736844293854 0.401263155706146 0
0 1 1 0.582961798579112 0.417038201420888 0
0 1 1 0.657499103549241 0.342500896450759 0
0 1 1 0.623076733963691 0.376923266036309 0
1 0 0 0.313847186552541 0.686152813447459 1
0 1 1 0.343525534412709 0.656474465587291 1
1 0 0 0.648022768895789 0.351977231104211 0
1 0 0 0.523901214612796 0.476098785387204 0
1 0 0 0.58837903632813 0.41162096367187 0
1 0 0 0.488231776618357 0.511768223381643 1
1 0 0 0.353872423010199 0.646127576989801 1
1 0 0 0.474675377771164 0.525324622228836 1
1 0 0 0.682605935180734 0.317394064819266 0
1 0 0 0.669359021199061 0.330640978800939 0
0 1 1 0.652965400927593 0.347034599072407 0
1 0 0 0.615232404518446 0.384767595481554 0
1 0 0 0.514985825443628 0.485014174556372 0
0 1 1 0.651509931974221 0.348490068025779 0
1 0 0 0.38990454574346 0.61009545425654 1
0 1 1 0.408912587396981 0.59108741260302 1
1 0 0 0.590506111202693 0.409493888797307 0
1 0 0 0.63781911512099 0.36218088487901 0
0 1 1 0.352949279439484 0.647050720560516 1
1 0 0 0.623124565942328 0.376875434057672 0
0 1 1 0.344785942478018 0.655214057521982 1
1 0 0 0.652592029420738 0.347407970579262 0
0 1 1 0.580154589486905 0.419845410513095 0
0 1 1 0.664734702595625 0.335265297404375 0
1 0 0 0.430470212350508 0.569529787649492 1
1 0 0 0.65881735262748 0.34118264737252 0
1 0 0 0.624315030103085 0.375684969896915 0
1 0 0 0.381487591332767 0.618512408667233 1
0 1 1 0.641194874419121 0.358805125580879 0
1 0 0 0.635264811673345 0.364735188326655 0
0 1 1 0.438290549437021 0.561709450562979 1
1 0 0 0.386502935455464 0.613497064544536 1
1 0 0 0.654120745630095 0.345879254369905 0
1 0 0 0.675042704922009 0.324957295077991 0
1 0 0 0.660982475599881 0.339017524400119 0
1 0 0 0.644535089988369 0.355464910011631 0
0 1 1 0.672645269736839 0.327354730263161 0
0 1 1 0.461545484357221 0.538454515642779 1
0 1 1 0.44704947270164 0.55295052729836 1
0 1 1 0.651081129544486 0.348918870455514 0
1 0 0 0.490245785493519 0.509754214506481 1
0 1 1 0.672189956113662 0.327810043886338 0
1 0 0 0.662177973069144 0.337822026930856 0
0 1 1 0.64695390365722 0.35304609634278 0
1 0 0 0.433524250020861 0.566475749979139 1
1 0 0 0.664612024361663 0.335387975638337 0
0 1 1 0.644307844649385 0.355692155350615 0
1 0 0 0.516497514150896 0.483502485849104 0
0 1 1 0.44382524812315 0.55617475187685 1
0 1 1 0.457669100657894 0.542330899342106 1
1 0 0 0.686811201784071 0.313188798215929 0
0 1 1 0.564387179993279 0.435612820006721 0
1 0 0 0.357332957142129 0.642667042857871 1
0 1 1 0.532836424575112 0.467163575424888 0
1 0 0 0.309427604041106 0.690572395958894 1
1 0 0 0.674199217674698 0.325800782325302 0
0 1 1 0.35997323723531 0.64002676276469 1
1 0 0 0.616099790647707 0.383900209352293 0
1 0 0 0.68671645395309 0.31328354604691 0
0 1 1 0.640642086654131 0.359357913345869 0
1 0 0 0.555382982354544 0.444617017645456 0
1 0 0 0.612422516744366 0.387577483255634 0
0 1 1 0.671845921896276 0.328154078103724 0
1 0 0 0.617203240144868 0.382796759855132 0
0 1 1 0.682162863969468 0.317837136030532 0
0 1 1 0.668762452429788 0.331237547570211 0
1 0 0 0.599104058745467 0.400895941254533 0
0 1 1 0.345308122103885 0.654691877896115 1
0 1 1 0.676358300209498 0.323641699790502 0
1 0 0 0.576082337137514 0.423917662862486 0
0 1 1 0.560965203229164 0.439034796770836 0
0 1 1 0.672074065767079 0.327925934232921 0
0 1 1 0.311709116418415 0.688290883581585 1
0 1 1 0.653016426872646 0.346983573127354 0
0 1 1 0.682093596394007 0.317906403605993 0
1 0 0 0.378824782109846 0.621175217890154 1
1 0 0 0.334823283177493 0.665176716822507 1
1 0 0 0.674496378197187 0.325503621802813 0
1 0 0 0.337313142029457 0.662686857970543 1
0 1 1 0.48598371961096 0.514016280389041 1
0 1 1 0.354721509107754 0.645278490892246 1
1 0 0 0.577787932684584 0.422212067315416 0
0 1 1 0.320722710545988 0.679277289454012 1
1 0 0 0.475640208216769 0.524359791783231 1
1 0 0 0.618416283321352 0.381583716678648 0
1 0 0 0.628433490742558 0.371566509257443 0
1 0 0 0.589023143506835 0.410976856493165 0
1 0 0 0.338846346499003 0.661153653500997 1
0 1 1 0.553455347367528 0.446544652632472 0
1 0 0 0.453484497810796 0.546515502189204 1
0 1 1 0.671691245658073 0.328308754341927 0
0 1 1 0.60693860658903 0.39306139341097 0
0 1 1 0.317156401293954 0.682843598706046 1
0 1 1 0.680423074982491 0.319576925017509 0
0 1 1 0.422404463023118 0.577595536976882 1
1 0 0 0.399657976243625 0.600342023756375 1
1 0 0 0.667292935892198 0.332707064107802 0
1 0 0 0.384585686695825 0.615414313304175 1
1 0 0 0.472777455195587 0.527222544804413 1
0 1 1 0.67763177975386 0.32236822024614 0
0 1 1 0.625072508734008 0.374927491265992 0
1 0 0 0.585483576558338 0.414516423441662 0
1 0 0 0.314043207455566 0.685956792544434 1
1 0 0 0.371564233488952 0.628435766511048 1
1 0 0 0.649654020530443 0.350345979469557 0
0 1 1 0.672817209480147 0.327182790519853 0
0 1 1 0.481736756156209 0.518263243843791 1
1 0 0 0.582981567079891 0.417018432920108 0
0 1 1 0.4519754053629 0.5480245946371 1
1 0 0 0.348150844492515 0.651849155507485 1
0 1 1 0.616036941996074 0.383963058003926 0
0 1 1 0.36558146614679 0.63441853385321 1
1 0 0 0.653145973854857 0.346854026145143 0
1 0 0 0.504280946602549 0.495719053397451 0
0 1 1 0.416577057213691 0.583422942786309 1
1 0 0 0.672408576551965 0.327591423448035 0
0 1 1 0.314128310530398 0.685871689469602 1
1 0 0 0.683215735802436 0.316784264197564 0
1 0 0 0.674202764768819 0.325797235231181 0
1 0 0 0.668603891909442 0.331396108090558 0
0 1 1 0.430883819369382 0.569116180630618 1
0 1 1 0.561402135659506 0.438597864340494 0
0 1 1 0.332598485037023 0.667401514962977 1
1 0 0 0.675503947606415 0.324496052393585 0
0 1 1 0.67358911280239 0.32641088719761 0
0 1 1 0.605619132587392 0.394380867412608 0
1 0 0 0.685058431589963 0.314941568410037 0
1 0 0 0.330330865069114 0.669669134930886 1
0 1 1 0.397284062048619 0.602715937951381 1
1 0 0 0.373927530621834 0.626072469378166 1
1 0 0 0.657789104076544 0.342210895923456 0
0 1 1 0.658336934198696 0.341663065801304 0
0 1 1 0.409672550171746 0.590327449828254 1
0 1 1 0.596145836461287 0.403854163538713 0
1 0 0 0.683452293073471 0.316547706926529 0
1 0 0 0.66565635228014 0.33434364771986 0
1 0 0 0.681394884391747 0.318605115608253 0
1 0 0 0.660827712898506 0.339172287101494 0
0 1 1 0.520735071071844 0.479264928928156 0
1 0 0 0.363152512908435 0.636847487091565 1
1 0 0 0.643230062486295 0.356769937513705 0
0 1 1 0.497823073661742 0.502176926338258 1
0 1 1 0.312544481498288 0.687455518501712 1
1 0 0 0.618927840464578 0.381072159535422 0
0 1 1 0.682627566180583 0.317372433819417 0
1 0 0 0.662868926152883 0.337131073847117 0
0 1 1 0.406641452618302 0.593358547381698 1
1 0 0 0.490842486738022 0.509157513261978 1
1 0 0 0.415998125093684 0.584001874906316 1
1 0 0 0.621085539298386 0.378914460701614 0
0 1 1 0.538212556690072 0.461787443309928 0
0 1 1 0.684105915129379 0.315894084870621 0
0 1 1 0.363537831753025 0.636462168246975 1
0 1 1 0.386663322561786 0.613336677438214 1
1 0 0 0.659469801707758 0.340530198292242 0
0 1 1 0.647422722483628 0.352577277516372 0
1 0 0 0.481875434062222 0.518124565937778 1
1 0 0 0.532533937318976 0.467466062681023 0
0 1 1 0.397943624297055 0.602056375702945 1
0 1 1 0.37845828364812 0.62154171635188 1
0 1 1 0.406875065362745 0.593124934637255 1
1 0 0 0.375058590048422 0.624941409951578 1
1 0 0 0.325810670683909 0.674189329316091 1
1 0 0 0.651788075532 0.348211924468 0
0 1 1 0.480569827935902 0.519430172064098 1
0 1 1 0.391840086025545 0.608159913974455 1
0 1 1 0.347907252645926 0.652092747354074 1
1 0 0 0.570574208612446 0.429425791387554 0
0 1 1 0.66440169989957 0.33559830010043 0
1 0 0 0.67415970139774 0.32584029860226 0
0 1 1 0.674539325068052 0.325460674931948 0
0 1 1 0.637576504139995 0.362423495860005 0
1 0 0 0.360852564874538 0.639147435125462 1
1 0 0 0.398621315033551 0.601378684966449 1
0 1 1 0.441521347919162 0.558478652080838 1
1 0 0 0.391361053536203 0.608638946463797 1
0 1 1 0.410156799984238 0.589843200015762 1
0 1 1 0.595606862589101 0.404393137410899 0
0 1 1 0.636554981681493 0.363445018318507 0
1 0 0 0.600252481182751 0.39974751881725 0
0 1 1 0.355385155907484 0.644614844092516 1
0 1 1 0.627848713480674 0.372151286519326 0
0 1 1 0.675818221517436 0.324181778482564 0
0 1 1 0.532503104188847 0.467496895811154 0
0 1 1 0.672534201390022 0.327465798609978 0
1 0 0 0.541308437206192 0.458691562793808 0
1 0 0 0.611247236776808 0.388752763223192 0
1 0 0 0.58579619620491 0.41420380379509 0
1 0 0 0.625630839155514 0.374369160844486 0
0 1 1 0.402975350926382 0.597024649073618 1
0 1 1 0.555764197589187 0.444235802410813 0
1 0 0 0.666580234292126 0.333419765707874 0
1 0 0 0.407773821426066 0.592226178573934 1
0 1 1 0.496849319310246 0.503150680689754 1
0 1 1 0.606574440349318 0.393425559650682 0
1 0 0 0.472315456848455 0.527684543151545 1
1 0 0 0.34879304123787 0.65120695876213 1
1 0 0 0.428300031180198 0.571699968819802 1
0 1 1 0.632633567780779 0.367366432219221 0
1 0 0 0.668140183776439 0.331859816223561 0
0 1 1 0.360082137326616 0.639917862673384 1
0 1 1 0.518756832535048 0.481243167464952 0
1 0 0 0.670450158535475 0.329549841464525 0
1 0 0 0.39644139974154 0.60355860025846 1
1 0 0 0.568275755342504 0.431724244657496 0
0 1 1 0.560888259723037 0.439111740276963 0
1 0 0 0.686109040392992 0.313890959607008 0
1 0 0 0.668241210211074 0.331758789788926 0
0 1 1 0.436626053878736 0.563373946121264 1
1 0 0 0.677955257617121 0.322044742382879 0
1 0 0 0.680103189985866 0.319896810014134 0
0 1 1 0.352046628183903 0.647953371816097 1
0 1 1 0.391493681990997 0.608506318009003 1
1 0 0 0.665167230512257 0.334832769487743 0
1 0 0 0.683269846057269 0.316730153942731 0
0 1 1 0.640655196922731 0.359344803077269 0
0 1 1 0.32702715574393 0.67297284425607 1
1 0 0 0.329412020312749 0.670587979687251 1
0 1 1 0.338876705245239 0.661123294754761 1
0 1 1 0.677435416426559 0.322564583573441 0
1 0 0 0.406976608104264 0.593023391895736 1
0 1 1 0.531058600017204 0.468941399982796 0
0 1 1 0.532488492131645 0.467511507868355 0
0 1 1 0.681611643038206 0.318388356961794 0
1 0 0 0.550196062468138 0.449803937531862 0
1 0 0 0.670296111331599 0.329703888668401 0
0 1 1 0.400358322490701 0.599641677509299 1
1 0 0 0.417056583598813 0.582943416401187 1
1 0 0 0.676032430313994 0.323967569686006 0
0 1 1 0.435825041175764 0.564174958824236 1
0 1 1 0.615776654976349 0.384223345023651 0
1 0 0 0.667023785186344 0.332976214813657 0
0 1 1 0.493397750972423 0.506602249027577 1
0 1 1 0.429914755247302 0.570085244752699 1
1 0 0 0.653418253978545 0.346581746021455 0
1 0 0 0.538621738540894 0.461378261459106 0
0 1 1 0.470827987037188 0.529172012962812 1
1 0 0 0.342858543022512 0.657141456977489 1
0 1 1 0.666325928713423 0.333674071286577 0
0 1 1 0.529180581771174 0.470819418228826 0
1 0 0 0.671928259519381 0.328071740480619 0
0 1 1 0.668597268899715 0.331402731100285 0
0 1 1 0.340954538889143 0.659045461110857 1
1 0 0 0.53480776447649 0.46519223552351 0
1 0 0 0.66192668100196 0.33807331899804 0
0 1 1 0.450380675751939 0.549619324248061 1
0 1 1 0.533145928266502 0.466854071733498 0
1 0 0 0.46518916833392 0.53481083166608 1
1 0 0 0.424799366853188 0.575200633146812 1
1 0 0 0.685127682731283 0.314872317268717 0
0 1 1 0.321465999646632 0.678534000353368 1
0 1 1 0.548793135284162 0.451206864715838 0
1 0 0 0.675422896186763 0.324577103813237 0
1 0 0 0.527165714276209 0.472834285723791 0
1 0 0 0.639144823679951 0.360855176320049 0
0 1 1 0.399709910815181 0.600290089184819 1
0 1 1 0.570579976359625 0.429420023640375 0
1 0 0 0.632243688357577 0.367756311642422 0
0 1 1 0.557434948922821 0.442565051077179 0
0 1 1 0.344058501407077 0.655941498592923 1
1 0 0 0.560120820565152 0.439879179434848 0
0 1 1 0.381339229136703 0.618660770863297 1
0 1 1 0.678679093281944 0.321320906718056 0
0 1 1 0.327672557063268 0.672327442936732 1
0 1 1 0.57551908507658 0.42448091492342 0
1 0 0 0.665812405104412 0.334187594895588 0
0 1 1 0.31529334149086 0.68470665850914 1
0 1 1 0.481424098355146 0.518575901644854 1
0 1 1 0.383302538413818 0.616697461586182 1
1 0 0 0.360869591988968 0.639130408011033 1
0 1 1 0.56818467900763 0.43181532099237 0
0 1 1 0.425338002833508 0.574661997166492 1
0 1 1 0.397065158229913 0.602934841770087 1
1 0 0 0.637547437579508 0.362452562420492 0
0 1 1 0.400119352921899 0.599880647078101 1
0 1 1 0.457083228297442 0.542916771702558 1
0 1 1 0.500872971193677 0.499127028806323 0
1 0 0 0.526817741854862 0.473182258145138 0
0 1 1 0.641841035293647 0.358158964706353 0
0 1 1 0.650143978952173 0.349856021047827 0
1 0 0 0.327070645083676 0.672929354916324 1
0 1 1 0.635278089604914 0.364721910395086 0
0 1 1 0.552564120078395 0.447435879921605 0
1 0 0 0.608274216909787 0.391725783090213 0
1 0 0 0.407210285217683 0.592789714782317 1
0 1 1 0.608873435554293 0.391126564445707 0
0 1 1 0.590248809379791 0.409751190620209 0
0 1 1 0.484020265371518 0.515979734628482 1
0 1 1 0.424005186372589 0.575994813627411 1
1 0 0 0.645035978879555 0.354964021120445 0
0 1 1 0.493499549614256 0.506500450385744 1
1 0 0 0.339925564879792 0.660074435120208 1
0 1 1 0.498463541116851 0.501536458883149 1
1 0 0 0.675994905889065 0.324005094110935 0
1 0 0 0.556386748112974 0.443613251887026 0
0 1 1 0.394358670513372 0.605641329486628 1
1 0 0 0.680807095111957 0.319192904888043 0
1 0 0 0.448644872240477 0.551355127759523 1
1 0 0 0.661737034193297 0.338262965806703 0
1 0 0 0.344260196717316 0.655739803282684 1
1 0 0 0.665684521827326 0.334315478172674 0
1 0 0 0.339519340976867 0.660480659023133 1
1 0 0 0.681433326130778 0.318566673869222 0
1 0 0 0.436682774486677 0.563317225513323 1
0 1 1 0.646088481080907 0.353911518919093 0
1 0 0 0.606188734269451 0.393811265730549 0
1 0 0 0.637090855718349 0.362909144281651 0
0 1 1 0.512043762368162 0.487956237631838 0
1 0 0 0.683881586326337 0.316118413673663 0
1 0 0 0.667024635940558 0.332975364059442 0
1 0 0 0.662340866819543 0.337659133180457 0
0 1 1 0.600241421124838 0.399758578875162 0
0 1 1 0.355130822518443 0.644869177481557 1
0 1 1 0.548842071804436 0.451157928195564 0
0 1 1 0.439816781445297 0.560183218554703 1
1 0 0 0.668642158088113 0.331357841911887 0
0 1 1 0.545867575437983 0.454132424562017 0
1 0 0 0.677311451972072 0.322688548027928 0
0 1 1 0.319574870288137 0.680425129711863 1
1 0 0 0.628034189962223 0.371965810037777 0
0 1 1 0.338434253996601 0.661565746003399 1
1 0 0 0.634034563285932 0.365965436714068 0
0 1 1 0.493284549006872 0.506715450993128 1
1 0 0 0.637198890819546 0.362801109180455 0
1 0 0 0.676349426012571 0.323650573987429 0
0 1 1 0.347053171775367 0.652946828224633 1
1 0 0 0.643910233363345 0.356089766636655 0
0 1 1 0.403177863184362 0.596822136815638 1
1 0 0 0.510224670084069 0.489775329915931 0
0 1 1 0.681250767164496 0.318749232835504 0
1 0 0 0.666974572521671 0.333025427478329 0
1 0 0 0.649418257379857 0.350581742620143 0
0 1 1 0.625533217774109 0.374466782225891 0
1 0 0 0.509762248243962 0.490237751756038 0
1 0 0 0.684247550092872 0.315752449907128 0
0 1 1 0.3287623486474 0.6712376513526 1
0 1 1 0.637440654171925 0.362559345828075 0
1 0 0 0.58341915341934 0.41658084658066 0
0 1 1 0.351644041678454 0.648355958321546 1
1 0 0 0.36391310701487 0.63608689298513 1
1 0 0 0.51120716675503 0.48879283324497 0
1 0 0 0.678287133537477 0.321712866462523 0
0 1 1 0.650541112173558 0.349458887826442 0
1 0 0 0.645559781643183 0.354440218356817 0
0 1 1 0.31692307420242 0.68307692579758 1
0 1 1 0.365476653589062 0.634523346410938 1
0 1 1 0.659851086925985 0.340148913074015 0
0 1 1 0.503394080435626 0.496605919564374 0
0 1 1 0.318408734821464 0.681591265178536 1
1 0 0 0.502274004177232 0.497725995822768 0
1 0 0 0.343618592028495 0.656381407971505 1
1 0 0 0.401755270186695 0.598244729813305 1
1 0 0 0.634795229476826 0.365204770523173 0
0 1 1 0.640039390505647 0.359960609494353 0
1 0 0 0.530396296571628 0.469603703428372 0
0 1 1 0.390002582096698 0.609997417903302 1
0 1 1 0.644778615355234 0.355221384644766 0
0 1 1 0.655852671804814 0.344147328195186 0
1 0 0 0.412480667153351 0.587519332846649 1
1 0 0 0.667313134405187 0.332686865594813 0
0 1 1 0.491916985447396 0.508083014552604 1
1 0 0 0.571560112452726 0.428439887547274 0
1 0 0 0.336712076048636 0.663287923951364 1
0 1 1 0.446410849668487 0.553589150331513 1
0 1 1 0.637523093361475 0.362476906638525 0
1 0 0 0.633898243073632 0.366101756926368 0
1 0 0 0.541030737265186 0.458969262734814 0
1 0 0 0.460445475597508 0.539554524402492 1
0 1 1 0.657393514244999 0.342606485755001 0
1 0 0 0.60296296729455 0.39703703270545 0
1 0 0 0.67882238260503 0.32117761739497 0
1 0 0 0.6264036738622 0.3735963261378 0
1 0 0 0.68446811574716 0.31553188425284 0
1 0 0 0.632831606787271 0.367168393212729 0
0 1 1 0.33947943345585 0.66052056654415 1
0 1 1 0.326083340424939 0.673916659575061 1
0 1 1 0.628585202268533 0.371414797731467 0
1 0 0 0.542010109137975 0.457989890862025 0
1 0 0 0.322216769673393 0.677783230326607 1
0 1 1 0.479038823692866 0.520961176307134 1
1 0 0 0.66377673084136 0.33622326915864 0
1 0 0 0.528425341644186 0.471574658355814 0
0 1 1 0.357183556533277 0.642816443466723 1
1 0 0 0.613229402347068 0.386770597652932 0
0 1 1 0.612846937510847 0.387153062489153 0
0 1 1 0.654562553468936 0.345437446531064 0
0 1 1 0.531234975349367 0.468765024650633 0
1 0 0 0.465730017255316 0.534269982744683 1
0 1 1 0.359573667528461 0.640426332471539 1
1 0 0 0.64813583306765 0.35186416693235 0
0 1 1 0.60710212707442 0.39289787292558 0
0 1 1 0.317696168891552 0.682303831108448 1
1 0 0 0.453212488649135 0.546787511350865 1
1 0 0 0.640170475777671 0.359829524222329 0
1 0 0 0.453499212223406 0.546500787776594 1
1 0 0 0.6852161253363 0.3147838746637 0
1 0 0 0.639574839736825 0.360425160263175 0
1 0 0 0.622967082763757 0.377032917236243 0
1 0 0 0.50445538296336 0.49554461703664 0
1 0 0 0.52363077099784 0.47636922900216 0
0 1 1 0.629275592155307 0.370724407844693 0
1 0 0 0.428721049893984 0.571278950106016 1
0 1 1 0.679984316100657 0.320015683899343 0
0 1 1 0.547393286952878 0.452606713047122 0
0 1 1 0.486383338575213 0.513616661424787 1
0 1 1 0.542411321539013 0.457588678460987 0
0 1 1 0.670442883905094 0.329557116094906 0
1 0 0 0.554344325334442 0.445655674665558 0
0 1 1 0.599337530706827 0.400662469293173 0
0 1 1 0.349146839472257 0.650853160527743 1
0 1 1 0.426359388837582 0.573640611162418 1
0 1 1 0.338990161272218 0.661009838727782 1
0 1 1 0.685508115549918 0.314491884450082 0
0 1 1 0.578440461639905 0.421559538360094 0
0 1 1 0.382134418915581 0.617865581084419 1
1 0 0 0.488872718874227 0.511127281125773 1
0 1 1 0.363752696378894 0.636247303621106 1
0 1 1 0.548398350275832 0.451601649724168 0
0 1 1 0.64470369005853 0.35529630994147 0
1 0 0 0.667748696947341 0.332251303052659 0
1 0 0 0.557307951838409 0.442692048161591 0
1 0 0 0.413801822570198 0.586198177429802 1
0 1 1 0.683853471923261 0.316146528076739 0
1 0 0 0.327778034100634 0.672221965899366 1
0 1 1 0.321538548648331 0.678461451351669 1
1 0 0 0.636108785869446 0.363891214130554 0
0 1 1 0.645032463523454 0.354967536476546 0
1 0 0 0.669829306753014 0.330170693246986 0
0 1 1 0.435416516415875 0.564583483584125 1
0 1 1 0.61352461547101 0.38647538452899 0
1 0 0 0.363643146051302 0.636356853948698 1
1 0 0 0.306871636845926 0.693128363154074 1
1 0 0 0.674161984719938 0.325838015280062 0
0 1 1 0.485222790030539 0.514777209969461 1
0 1 1 0.681210363702034 0.318789636297966 0
1 0 0 0.65498710983676 0.34501289016324 0
0 1 1 0.473606885064845 0.526393114935155 1
0 1 1 0.556151451902008 0.443848548097992 0
1 0 0 0.668800196037902 0.331199803962098 0
1 0 0 0.657841940077692 0.342158059922308 0
1 0 0 0.503913918109989 0.496086081890011 0
1 0 0 0.520226957150369 0.479773042849631 0
1 0 0 0.613250494293315 0.386749505706685 0
1 0 0 0.65995929066026 0.34004070933974 0
1 0 0 0.457639875511236 0.542360124488764 1
1 0 0 0.660104171508367 0.339895828491633 0
0 1 1 0.52040916733845 0.47959083266155 0
1 0 0 0.55439374341502 0.44560625658498 0
0 1 1 0.684386932804542 0.315613067195458 0
0 1 1 0.562481154992911 0.43751884500709 0
1 0 0 0.65453979705003 0.34546020294997 0
0 1 1 0.491842125931056 0.508157874068944 1
1 0 0 0.655800144777353 0.344199855222647 0
1 0 0 0.672395756381513 0.327604243618487 0
0 1 1 0.668423024564251 0.331576975435749 0
1 0 0 0.539357770384454 0.460642229615546 0
0 1 1 0.617436953693765 0.382563046306236 0
0 1 1 0.582611388158833 0.417388611841167 0
0 1 1 0.581967537393999 0.418032462606001 0
1 0 0 0.671367747944565 0.328632252055435 0
0 1 1 0.683277125937987 0.316722874062013 0
0 1 1 0.501483364232738 0.498516635767262 0
0 1 1 0.636090301707198 0.363909698292802 0
0 1 1 0.658843301610978 0.341156698389022 0
1 0 0 0.651462708015242 0.348537291984758 0
1 0 0 0.664686107784403 0.335313892215598 0
1 0 0 0.658211116154367 0.341788883845633 0
1 0 0 0.658802025373136 0.341197974626863 0
0 1 1 0.644290139049001 0.355709860950999 0
0 1 1 0.68053471862938 0.31946528137062 0
1 0 0 0.337476185668856 0.662523814331144 1
0 1 1 0.328451309913941 0.671548690086059 1
0 1 1 0.335334861465168 0.664665138534832 1
0 1 1 0.66468828319201 0.33531171680799 0
1 0 0 0.664981857858736 0.335018142141264 0
1 0 0 0.366580251263526 0.633419748736474 1
0 1 1 0.562620428901058 0.437379571098942 0
1 0 0 0.461989639258527 0.538010360741473 1
0 1 1 0.565033707832411 0.434966292167589 0
1 0 0 0.539829342887826 0.460170657112174 0
0 1 1 0.595566618550119 0.404433381449881 0
1 0 0 0.654374015296079 0.345625984703921 0
1 0 0 0.672712817743795 0.327287182256205 0
0 1 1 0.539320868391139 0.460679131608861 0
1 0 0 0.657420129480328 0.342579870519672 0
0 1 1 0.587968963278564 0.412031036721437 0
1 0 0 0.641970809876859 0.358029190123141 0
0 1 1 0.686154687412163 0.313845312587837 0
1 0 0 0.633879170126513 0.366120829873487 0
1 0 0 0.665774855783157 0.334225144216843 0
1 0 0 0.455721211131748 0.544278788868252 1
0 1 1 0.378406181920453 0.621593818079547 1
0 1 1 0.569364209274625 0.430635790725376 0
1 0 0 0.665645551125748 0.334354448874252 0
1 0 0 0.592319377092172 0.407680622907828 0
0 1 1 0.644720818327103 0.355279181672897 0
0 1 1 0.565350461659502 0.434649538340498 0
0 1 1 0.459261798316424 0.540738201683576 1
1 0 0 0.666826275641376 0.333173724358624 0
1 0 0 0.668763935018387 0.331236064981613 0
0 1 1 0.666053692825527 0.333946307174473 0
1 0 0 0.462572113773501 0.537427886226499 1
1 0 0 0.35978896385027 0.64021103614973 1
0 1 1 0.446208208363074 0.553791791636926 1
1 0 0 0.655242739011304 0.344757260988696 0
1 0 0 0.330666861700951 0.669333138299049 1
0 1 1 0.30609331242507 0.69390668757493 1
0 1 1 0.676725343345303 0.323274656654697 0
0 1 1 0.656474391007566 0.343525608992434 0
0 1 1 0.681743208628419 0.318256791371581 0
0 1 1 0.611943669249465 0.388056330750535 0
0 1 1 0.395510403049745 0.604489596950255 1
1 0 0 0.678380665877277 0.321619334122723 0
0 1 1 0.630459695252765 0.369540304747235 0
1 0 0 0.668768718868615 0.331231281131385 0
1 0 0 0.677709725634884 0.322290274365117 0
0 1 1 0.540268377572872 0.459731622427128 0
0 1 1 0.345259229415298 0.654740770584702 1
0 1 1 0.565776443468742 0.434223556531257 0
0 1 1 0.328139198053354 0.671860801946646 1
1 0 0 0.328867753187212 0.671132246812788 1
1 0 0 0.566188575212967 0.433811424787033 0
1 0 0 0.668274116223352 0.331725883776648 0
1 0 0 0.383717262854218 0.616282737145782 1
1 0 0 0.525959348496062 0.474040651503938 0
1 0 0 0.601054950569891 0.398945049430108 0
0 1 1 0.346554995987265 0.653445004012735 1
0 1 1 0.462443900255856 0.537556099744144 1
0 1 1 0.639487098952451 0.360512901047549 0
1 0 0 0.586271052600136 0.413728947399864 0
1 0 0 0.580137160615785 0.419862839384215 0
0 1 1 0.332654580782996 0.667345419217004 1
0 1 1 0.547946442813453 0.452053557186547 0
1 0 0 0.380453860871965 0.619546139128035 1
1 0 0 0.552107653667649 0.447892346332351 0
1 0 0 0.683857307809571 0.316142692190429 0
1 0 0 0.582918893340948 0.417081106659052 0
1 0 0 0.676668104160641 0.323331895839359 0
1 0 0 0.601391511777743 0.398608488222257 0
0 1 1 0.305029095965795 0.694970904034205 1
1 0 0 0.501244890344682 0.498755109655318 0
1 0 0 0.658456146140553 0.341543853859447 0
0 1 1 0.363319036258221 0.636680963741779 1
0 1 1 0.603910545599547 0.396089454400453 0
1 0 0 0.68249691629501 0.31750308370499 0
1 0 0 0.66623045706894 0.33376954293106 0
0 1 1 0.653096711455558 0.346903288544442 0
1 0 0 0.566178081927496 0.433821918072504 0
1 0 0 0.312013605123782 0.687986394876218 1
0 1 1 0.645838408781386 0.354161591218614 0
1 0 0 0.513589223971471 0.486410776028529 0
1 0 0 0.338706030645424 0.661293969354576 1
1 0 0 0.353171993911153 0.646828006088847 1
1 0 0 0.613540939996568 0.386459060003432 0
1 0 0 0.388459784305213 0.611540215694787 1
1 0 0 0.599191480303851 0.400808519696149 0
0 1 1 0.561354840305983 0.438645159694017 0
0 1 1 0.556506755684773 0.443493244315227 0
0 1 1 0.476653706547149 0.523346293452851 1
0 1 1 0.461944619905265 0.538055380094735 1
1 0 0 0.580439412307693 0.419560587692306 0
0 1 1 0.322642621458634 0.677357378541366 1
0 1 1 0.378280259831191 0.621719740168809 1
0 1 1 0.684930058186135 0.315069941813865 0
0 1 1 0.335943833397797 0.664056166602203 1
0 1 1 0.363897560166018 0.636102439833982 1
1 0 0 0.656385027402435 0.343614972597565 0
1 0 0 0.602672937473524 0.397327062526476 0
1 0 0 0.670974347503228 0.329025652496772 0
1 0 0 0.305134655404368 0.694865344595632 1
1 0 0 0.507330766894193 0.492669233105807 0
0 1 1 0.504063613951581 0.495936386048419 0
1 0 0 0.672024392127145 0.327975607872855 0
0 1 1 0.375834095826114 0.624165904173886 1
0 1 1 0.414079848367601 0.585920151632399 1
0 1 1 0.346929819171406 0.653070180828594 1
0 1 1 0.533873332684884 0.466126667315116 0
0 1 1 0.494697627016085 0.505302372983915 1
0 1 1 0.642590480495115 0.357409519504885 0
1 0 0 0.325050401974896 0.674949598025104 1
1 0 0 0.343148364356338 0.656851635643662 1
0 1 1 0.66867943678696 0.33132056321304 0
1 0 0 0.636163087721697 0.363836912278303 0
1 0 0 0.620378497972649 0.379621502027351 0
1 0 0 0.652886784584103 0.347113215415897 0
0 1 1 0.301798900905902 0.698201099094098 1
1 0 0 0.603091386266265 0.396908613733735 0
0 1 1 0.650955920603941 0.349044079396059 0
0 1 1 0.337900885759931 0.662099114240069 1
1 0 0 0.607756594507109 0.392243405492891 0
1 0 0 0.665816112050561 0.334183887949439 0
1 0 0 0.684425443422096 0.315574556577904 0
1 0 0 0.475318998814724 0.524681001185276 1
0 1 1 0.325621263675118 0.674378736324882 1
0 1 1 0.658002559700673 0.341997440299328 0
1 0 0 0.322016325337873 0.677983674662127 1
0 1 1 0.437963459988665 0.562036540011335 1
0 1 1 0.457158678129923 0.542841321870077 1
1 0 0 0.649417583612679 0.350582416387321 0
0 1 1 0.411260588365991 0.588739411634009 1
1 0 0 0.335682521472987 0.664317478527013 1
0 1 1 0.667868344633195 0.332131655366806 0
1 0 0 0.649912866619422 0.350087133380578 0
0 1 1 0.450323451416745 0.549676548583255 1
1 0 0 0.670304729446696 0.329695270553304 0
0 1 1 0.450726135514536 0.549273864485464 1
1 0 0 0.676139662986132 0.323860337013868 0
0 1 1 0.319609723315521 0.680390276684479 1
0 1 1 0.525713163931811 0.474286836068189 0
0 1 1 0.408862308906071 0.591137691093929 1
1 0 0 0.594968839325421 0.40503116067458 0
1 0 0 0.675540017314511 0.324459982685489 0
1 0 0 0.55293745685529 0.44706254314471 0
0 1 1 0.342238011493815 0.657761988506185 1
1 0 0 0.325448764385565 0.674551235614435 1
0 1 1 0.571148921067715 0.428851078932285 0
0 1 1 0.431783677771878 0.568216322228122 1
0 1 1 0.565048595865394 0.434951404134605 0
0 1 1 0.656815744171683 0.343184255828317 0
0 1 1 0.396735480881262 0.603264519118738 1
0 1 1 0.684217408293033 0.315782591706967 0
1 0 0 0.383134426583442 0.616865573416558 1
0 1 1 0.365583016041239 0.634416983958761 1
1 0 0 0.658874455759802 0.341125544240198 0
1 0 0 0.59394570024021 0.40605429975979 0
0 1 1 0.555971422139418 0.444028577860583 0
1 0 0 0.671557453753123 0.328442546246877 0
1 0 0 0.669190566252155 0.330809433747845 0
0 1 1 0.313510424354912 0.686489575645088 1
0 1 1 0.644005709771804 0.355994290228195 0
1 0 0 0.584057665201295 0.415942334798705 0
0 1 1 0.675569704884979 0.324430295115021 0
1 0 0 0.652202029788918 0.347797970211082 0
1 0 0 0.473565039049962 0.526434960950038 1
1 0 0 0.439741778134068 0.560258221865933 1
1 0 0 0.647244757805017 0.352755242194983 0
0 1 1 0.661129456676462 0.338870543323538 0
0 1 1 0.489617222434771 0.510382777565229 1
0 1 1 0.683653662528096 0.316346337471904 0
1 0 0 0.624832496057164 0.375167503942837 0
1 0 0 0.477776020014426 0.522223979985574 1
0 1 1 0.609700910582547 0.390299089417453 0
1 0 0 0.372335649247842 0.627664350752158 1
0 1 1 0.313142576204658 0.686857423795342 1
0 1 1 0.421094811080726 0.578905188919274 1
0 1 1 0.521409585768484 0.478590414231516 0
0 1 1 0.496955939134891 0.503044060865109 1
0 1 1 0.614207986823325 0.385792013176675 0
1 0 0 0.409023250221423 0.590976749778577 1
0 1 1 0.445717159232231 0.554282840767769 1
0 1 1 0.576999184137722 0.423000815862278 0
0 1 1 0.678784229949312 0.321215770050688 0
1 0 0 0.321006292946299 0.678993707053701 1
0 1 1 0.661334742092208 0.338665257907792 0
0 1 1 0.475729202152666 0.524270797847334 1
0 1 1 0.680889156394798 0.319110843605202 0
0 1 1 0.644405204650074 0.355594795349926 0
0 1 1 0.494653270083132 0.505346729916869 1
1 0 0 0.54373929500736 0.456260704992641 0
1 0 0 0.593193627409705 0.406806372590295 0
0 1 1 0.480717607360268 0.519282392639732 1
1 0 0 0.570574939861155 0.429425060138845 0
1 0 0 0.655620270072004 0.344379729927996 0
1 0 0 0.685277820441793 0.314722179558206 0
1 0 0 0.443612375420861 0.556387624579139 1
1 0 0 0.552951917608632 0.447048082391368 0
0 1 1 0.685330059567818 0.314669940432182 0
0 1 1 0.67526493614774 0.32473506385226 0
1 0 0 0.607119984915605 0.392880015084395 0
1 0 0 0.635005937866908 0.364994062133092 0
0 1 1 0.355199772570129 0.644800227429871 1
0 1 1 0.439713397269201 0.560286602730799 1
0 1 1 0.674572811565254 0.325427188434746 0
1 0 0 0.498839230713706 0.501160769286294 1
0 1 1 0.575807758370865 0.424192241629135 0
0 1 1 0.398400252849136 0.601599747150864 1
1 0 0 0.381557048170537 0.618442951829463 1
0 1 1 0.681089218832392 0.318910781167608 0
1 0 0 0.31556728434778 0.68443271565222 1
1 0 0 0.320322718290944 0.679677281709056 1
1 0 0 0.419655039596956 0.580344960403044 1
1 0 0 0.640718928958948 0.359281071041052 0
1 0 0 0.524216508942247 0.475783491057753 0
1 0 0 0.548288318415186 0.451711681584814 0
0 1 1 0.332702919772146 0.667297080227855 1
1 0 0 0.373266845007648 0.626733154992352 1
0 1 1 0.493623256540383 0.506376743459617 1
1 0 0 0.435086078251434 0.564913921748566 1
1 0 0 0.516507094964516 0.483492905035484 0
0 1 1 0.652440655189022 0.347559344810979 0
1 0 0 0.640944086827053 0.359055913172947 0
0 1 1 0.581169315297253 0.418830684702747 0
1 0 0 0.644110304154793 0.355889695845207 0
0 1 1 0.342105713944062 0.657894286055938 1
1 0 0 0.542472743250487 0.457527256749513 0
1 0 0 0.450830273375675 0.549169726624326 1
0 1 1 0.46127323403564 0.53872676596436 1
0 1 1 0.386482940663018 0.613517059336982 1
1 0 0 0.680183859415501 0.319816140584499 0
0 1 1 0.325669650016959 0.674330349983041 1
0 1 1 0.437052769775975 0.562947230224025 1
1 0 0 0.505363978628893 0.494636021371107 0
0 1 1 0.44556454344555 0.554435456554451 1
1 0 0 0.670489215326138 0.329510784673862 0
0 1 1 0.306140856196482 0.693859143803518 1
1 0 0 0.562168956280109 0.437831043719891 0
1 0 0 0.405430059950612 0.594569940049388 1
1 0 0 0.553563812723248 0.446436187276752 0
1 0 0 0.444451202314515 0.555548797685485 1
0 1 1 0.611687999710329 0.388312000289671 0
1 0 0 0.661011585837915 0.338988414162085 0
1 0 0 0.507909749665615 0.492090250334385 0
1 0 0 0.667821879797463 0.332178120202537 0
0 1 1 0.519764361468525 0.480235638531475 0
1 0 0 0.412631418851052 0.587368581148948 1
0 1 1 0.674476328522774 0.325523671477226 0
0 1 1 0.333724699415884 0.666275300584116 1
0 1 1 0.58632338488635 0.41367661511365 0
0 1 1 0.650760104403066 0.349239895596934 0
1 0 0 0.565783928716668 0.434216071283332 0
1 0 0 0.456709022518339 0.543290977481661 1
0 1 1 0.329800328305601 0.670199671694399 1
0 1 1 0.345554389453445 0.654445610546555 1
1 0 0 0.666491428525575 0.333508571474425 0
0 1 1 0.329435415757484 0.670564584242516 1
0 1 1 0.661213644457601 0.338786355542399 0
1 0 0 0.446020382141641 0.553979617858359 1
1 0 0 0.393166959487286 0.606833040512714 1
0 1 1 0.361244270601088 0.638755729398912 1
1 0 0 0.391778769777604 0.608221230222396 1
1 0 0 0.364882846085851 0.635117153914149 1
1 0 0 0.621391089458654 0.378608910541346 0
1 0 0 0.350611812779843 0.649388187220157 1
1 0 0 0.64601997696865 0.35398002303135 0
0 1 1 0.434829933620038 0.565170066379962 1
0 1 1 0.669559697180034 0.330440302819966 0
0 1 1 0.660688350512981 0.339311649487019 0
1 0 0 0.404146120224532 0.595853879775468 1
1 0 0 0.659972291496137 0.340027708503863 0
1 0 0 0.398690766713594 0.601309233286406 1
0 1 1 0.441096037226063 0.558903962773937 1
1 0 0 0.666598285926741 0.333401714073259 0
0 1 1 0.302366871416582 0.697633128583418 1
1 0 0 0.656233280934555 0.343766719065445 0
0 1 1 0.36609730669453 0.63390269330547 1
0 1 1 0.472374088878917 0.527625911121083 1
0 1 1 0.302040610262319 0.697959389737681 1
0 1 1 0.366627782654874 0.633372217345127 1
0 1 1 0.634130933249211 0.365869066750789 0
1 0 0 0.369362023939106 0.630637976060894 1
0 1 1 0.678466743786974 0.321533256213026 0
0 1 1 0.307067091927424 0.692932908072576 1
0 1 1 0.404639476393147 0.595360523606853 1
0 1 1 0.652909532807496 0.347090467192504 0
1 0 0 0.335038264509901 0.664961735490099 1
1 0 0 0.684512965088149 0.315487034911851 0
1 0 0 0.577176007618625 0.422823992381375 0
1 0 0 0.638789368151391 0.361210631848609 0
1 0 0 0.669358690118575 0.330641309881425 0
1 0 0 0.592113967889553 0.407886032110447 0
0 1 1 0.488988267290518 0.511011732709482 1
1 0 0 0.567057890786799 0.432942109213201 0
0 1 1 0.655901220229671 0.344098779770329 0
1 0 0 0.673030922838382 0.326969077161618 0
1 0 0 0.442782328995901 0.557217671004099 1
1 0 0 0.616252633659278 0.383747366340722 0
1 0 0 0.398960401015818 0.601039598984182 1
0 1 1 0.4334563788808 0.5665436211192 1
0 1 1 0.499834690997328 0.500165309002673 1
0 1 1 0.682128896654274 0.317871103345726 0
1 0 0 0.464210144724001 0.535789855275999 1
1 0 0 0.375776764692095 0.624223235307905 1
1 0 0 0.331693813754253 0.668306186245747 1
0 1 1 0.668217763433105 0.331782236566895 0
0 1 1 0.339296970734619 0.660703029265381 1
0 1 1 0.607981437117439 0.392018562882561 0
1 0 0 0.673592462413085 0.326407537586915 0
1 0 0 0.39164195666661 0.60835804333339 1
0 1 1 0.324968334451762 0.675031665548238 1
0 1 1 0.659131915707816 0.340868084292184 0
0 1 1 0.684761815238899 0.315238184761101 0
1 0 0 0.605930039595976 0.394069960404024 0
1 0 0 0.667999487023584 0.332000512976416 0
1 0 0 0.440927087524414 0.559072912475586 1
0 1 1 0.68415076568534 0.31584923431466 0
1 0 0 0.554768701516742 0.445231298483258 0
0 1 1 0.67477012753415 0.32522987246585 0
0 1 1 0.683208223752792 0.316791776247208 0
0 1 1 0.666340566408605 0.333659433591395 0
0 1 1 0.361654638456569 0.638345361543431 1
1 0 0 0.376784624147156 0.623215375852844 1
1 0 0 0.556211600957269 0.443788399042731 0
0 1 1 0.606680715851619 0.393319284148381 0
0 1 1 0.353188313060669 0.646811686939331 1
0 1 1 0.64793399870786 0.35206600129214 0
0 1 1 0.632306883501861 0.367693116498139 0
1 0 0 0.673152394037685 0.326847605962315 0
1 0 0 0.325285837622469 0.674714162377531 1
1 0 0 0.523578312535396 0.476421687464605 0
0 1 1 0.33191499899005 0.66808500100995 1
0 1 1 0.653973217930593 0.346026782069407 0
1 0 0 0.514581270740836 0.485418729259164 0
0 1 1 0.677614315880737 0.322385684119263 0
0 1 1 0.523142481019023 0.476857518980977 0
1 0 0 0.656258803862395 0.343741196137605 0
0 1 1 0.410986735954558 0.589013264045442 1
1 0 0 0.653489250910776 0.346510749089224 0
0 1 1 0.338687928644182 0.661312071355818 1
0 1 1 0.650640620493117 0.349359379506883 0
1 0 0 0.664142411579855 0.335857588420145 0
1 0 0 0.664494694407 0.335505305593 0
0 1 1 0.350755018314675 0.649244981685326 1
1 0 0 0.503536532710414 0.496463467289586 0
0 1 1 0.54975875124038 0.45024124875962 0
1 0 0 0.638578468771968 0.361421531228032 0
0 1 1 0.685638425194419 0.314361574805581 0
1 0 0 0.665342588500811 0.334657411499189 0
1 0 0 0.403597040432121 0.596402959567879 1
1 0 0 0.683542355665764 0.316457644334236 0
1 0 0 0.509221094393412 0.490778905606588 0
0 1 1 0.575846160451228 0.424153839548772 0
1 0 0 0.67125911533654 0.32874088466346 0
1 0 0 0.367248348289126 0.632751651710874 1
0 1 1 0.319330693169988 0.680669306830012 1
0 1 1 0.342313432444916 0.657686567555084 1
0 1 1 0.466399480815133 0.533600519184867 1
1 0 0 0.579674881772438 0.420325118227562 0
0 1 1 0.335001674397391 0.664998325602609 1
1 0 0 0.66451546155214 0.33548453844786 0
1 0 0 0.611635066887983 0.388364933112017 0
0 1 1 0.666914671525813 0.333085328474187 0
1 0 0 0.66245585862236 0.33754414137764 0
1 0 0 0.355440703137598 0.644559296862402 1
1 0 0 0.667488957163956 0.332511042836044 0
1 0 0 0.679161814297519 0.320838185702481 0
0 1 1 0.472587379236089 0.527412620763911 1
0 1 1 0.658343790085777 0.341656209914223 0
0 1 1 0.572898704882519 0.427101295117481 0
0 1 1 0.440129248641642 0.559870751358358 1
1 0 0 0.391323561005602 0.608676438994398 1
0 1 1 0.656764593641089 0.343235406358911 0
1 0 0 0.679805565948185 0.320194434051815 0
0 1 1 0.672771155195746 0.327228844804254 0
1 0 0 0.681822753730487 0.318177246269513 0
1 0 0 0.659558920852449 0.340441079147551 0
0 1 1 0.361743487614937 0.638256512385063 1
1 0 0 0.637838376961326 0.362161623038674 0
0 1 1 0.470694752787183 0.529305247212817 1
1 0 0 0.376689678509121 0.623310321490879 1
1 0 0 0.588517459990777 0.411482540009223 0
0 1 1 0.351542659419449 0.648457340580551 1
1 0 0 0.379699797929113 0.620300202070887 1
1 0 0 0.556357160775497 0.443642839224503 0
1 0 0 0.677052278515763 0.322947721484237 0
0 1 1 0.634895050540782 0.365104949459218 0
0 1 1 0.624322296975784 0.375677703024216 0
1 0 0 0.561270121835913 0.438729878164087 0
1 0 0 0.661214472913167 0.338785527086833 0
0 1 1 0.463623201178282 0.536376798821718 1
1 0 0 0.526882548323948 0.473117451676052 0
1 0 0 0.649328301198593 0.350671698801407 0
1 0 0 0.510030849030705 0.489969150969295 0
1 0 0 0.665975972952513 0.334024027047487 0
0 1 1 0.452917216383349 0.547082783616651 1
1 0 0 0.683730420080918 0.316269579919082 0
1 0 0 0.682342481564049 0.317657518435951 0
0 1 1 0.653907176038351 0.346092823961649 0
1 0 0 0.581652853968841 0.418347146031159 0
1 0 0 0.619185170614425 0.380814829385575 0
0 1 1 0.473686217633556 0.526313782366444 1
0 1 1 0.426256805931883 0.573743194068117 1
1 0 0 0.569036526833917 0.430963473166083 0
0 1 1 0.684499425371737 0.315500574628262 0
0 1 1 0.361381408164967 0.638618591835033 1
0 1 1 0.505028745208908 0.494971254791092 0
1 0 0 0.671320348512515 0.328679651487485 0
1 0 0 0.623482999930567 0.376517000069433 0
0 1 1 0.311266217893672 0.688733782106328 1
1 0 0 0.559451802693029 0.440548197306971 0
1 0 0 0.344850534382728 0.655149465617272 1
0 1 1 0.653836860367119 0.346163139632881 0
1 0 0 0.345875137112045 0.654124862887955 1
0 1 1 0.494380252749163 0.505619747250837 1
1 0 0 0.363519621569367 0.636480378430633 1
1 0 0 0.565305047104276 0.434694952895724 0
1 0 0 0.599713126579051 0.400286873420949 0
1 0 0 0.656382883822073 0.343617116177927 0
1 0 0 0.414916521287871 0.585083478712129 1
1 0 0 0.616409741379548 0.383590258620452 0
0 1 1 0.463598593998103 0.536401406001897 1
0 1 1 0.4282851406848 0.5717148593152 1
1 0 0 0.33321877902841 0.66678122097159 1
1 0 0 0.459258635988248 0.540741364011752 1
1 0 0 0.377608643298679 0.622391356701321 1
0 1 1 0.325301335092618 0.674698664907382 1
0 1 1 0.559778627485038 0.440221372514962 0
1 0 0 0.346215724641757 0.653784275358243 1
1 0 0 0.671779737072974 0.328220262927026 0
1 0 0 0.668068576871628 0.331931423128372 0
1 0 0 0.677800308784753 0.322199691215247 0
1 0 0 0.664845015791128 0.335154984208871 0
1 0 0 0.610043089745772 0.389956910254228 0
0 1 1 0.410436672757802 0.589563327242198 1
1 0 0 0.565160722688711 0.434839277311289 0
1 0 0 0.679548359552574 0.320451640447426 0
0 1 1 0.364307063359186 0.635692936640814 1
0 1 1 0.648056565360526 0.351943434639474 0
1 0 0 0.545860049760417 0.454139950239583 0
0 1 1 0.368873015243423 0.631126984756577 1
1 0 0 0.667356116184804 0.332643883815196 0
1 0 0 0.635588294076252 0.364411705923748 0
0 1 1 0.531251124266923 0.468748875733077 0
0 1 1 0.648970991392045 0.351029008607955 0
0 1 1 0.595168947110328 0.404831052889672 0
0 1 1 0.596486354775529 0.403513645224471 0
1 0 0 0.680546844407162 0.319453155592838 0
0 1 1 0.595875223845775 0.404124776154225 0
0 1 1 0.540106592773659 0.459893407226341 0
0 1 1 0.66192392597572 0.33807607402428 0
0 1 1 0.326421915531153 0.673578084468847 1
0 1 1 0.681357343372507 0.318642656627494 0
1 0 0 0.683379077231698 0.316620922768302 0
0 1 1 0.608785869786915 0.391214130213085 0
1 0 0 0.568336440694529 0.431663559305471 0
0 1 1 0.617620572217092 0.382379427782908 0
1 0 0 0.681779356287927 0.318220643712073 0
1 0 0 0.669231685946336 0.330768314053664 0
1 0 0 0.416627711936965 0.583372288063035 1
1 0 0 0.638133110724432 0.361866889275568 0
1 0 0 0.683326747025108 0.316673252974892 0
1 0 0 0.518674134742172 0.481325865257828 0
0 1 1 0.593198420159921 0.406801579840079 0
0 1 1 0.47764266230177 0.52235733769823 1
0 1 1 0.335378433140307 0.664621566859693 1
1 0 0 0.542820553025744 0.457179446974256 0
1 0 0 0.353910051048072 0.646089948951928 1
0 1 1 0.348666839482808 0.651333160517192 1
1 0 0 0.319859433446944 0.680140566553056 1
0 1 1 0.350310475834574 0.649689524165426 1
1 0 0 0.471163007138585 0.528836992861415 1
1 0 0 0.652057780415587 0.347942219584413 0
1 0 0 0.591896930663152 0.408103069336848 0
0 1 1 0.560588872717443 0.439411127282557 0
1 0 0 0.377997553231608 0.622002446768392 1
1 0 0 0.369278680664593 0.630721319335407 1
1 0 0 0.614339445567565 0.385660554432435 0
1 0 0 0.475117253096047 0.524882746903953 1
1 0 0 0.622080885813935 0.377919114186065 0
0 1 1 0.661196757901608 0.338803242098392 0
1 0 0 0.373170774698588 0.626829225301412 1
1 0 0 0.674883908099992 0.325116091900008 0
0 1 1 0.612066115340482 0.387933884659518 0
0 1 1 0.339373236361376 0.660626763638624 1
0 1 1 0.525405152250289 0.474594847749711 0
1 0 0 0.401593677588469 0.598406322411531 1
1 0 0 0.515127273134817 0.484872726865183 0
0 1 1 0.5878097635925 0.4121902364075 0
1 0 0 0.646679019813296 0.353320980186704 0
0 1 1 0.342678104283606 0.657321895716394 1
0 1 1 0.676608165290825 0.323391834709175 0
0 1 1 0.60313484055102 0.39686515944898 0
1 0 0 0.315898663841661 0.684101336158339 1
1 0 0 0.649602282672119 0.350397717327881 0
1 0 0 0.665350644863462 0.334649355136538 0
1 0 0 0.481022639726966 0.518977360273035 1
1 0 0 0.598885172830364 0.401114827169636 0
1 0 0 0.582164054871956 0.417835945128044 0
1 0 0 0.631519592330366 0.368480407669634 0
1 0 0 0.588845334063704 0.411154665936296 0
1 0 0 0.674400432639036 0.325599567360964 0
1 0 0 0.57521656725872 0.42478343274128 0
0 1 1 0.374927362856409 0.625072637143591 1
1 0 0 0.424173356088601 0.575826643911399 1
0 1 1 0.322060786910102 0.677939213089898 1
0 1 1 0.516130221143522 0.483869778856478 0
0 1 1 0.644545434806458 0.355454565193542 0
0 1 1 0.569795330703161 0.430204669296839 0
0 1 1 0.679667446980544 0.320332553019456 0
1 0 0 0.662703438589788 0.337296561410212 0
0 1 1 0.320435245512676 0.679564754487324 1
0 1 1 0.390805285596396 0.609194714403604 1
1 0 0 0.579966233332639 0.420033766667361 0
1 0 0 0.336906791849629 0.663093208150371 1
0 1 1 0.482436902924957 0.517563097075043 1
1 0 0 0.312159120313093 0.687840879686907 1
0 1 1 0.602015774283433 0.397984225716567 0
0 1 1 0.584756464546742 0.415243535453258 0
1 0 0 0.608930068903036 0.391069931096964 0
0 1 1 0.490683047307709 0.509316952692291 1
1 0 0 0.686392877613536 0.313607122386464 0
0 1 1 0.376311256699114 0.623688743300886 1
1 0 0 0.337107123972272 0.662892876027728 1
1 0 0 0.656635163959423 0.343364836040577 0
1 0 0 0.67534855394566 0.32465144605434 0
0 1 1 0.335822948284557 0.664177051715443 1
1 0 0 0.662211024161575 0.337788975838425 0
0 1 1 0.624643770957681 0.375356229042319 0
1 0 0 0.604544019682614 0.395455980317386 0
0 1 1 0.643034129101597 0.356965870898403 0
1 0 0 0.660524677848056 0.339475322151944 0
0 1 1 0.367688367360655 0.632311632639345 1
0 1 1 0.542149302471912 0.457850697528088 0
1 0 0 0.585375739774001 0.414624260225999 0
1 0 0 0.608221192879269 0.391778807120731 0
1 0 0 0.562828509356796 0.437171490643204 0
1 0 0 0.654831151107226 0.345168848892774 0
0 1 1 0.409738322486416 0.590261677513584 1
1 0 0 0.549429504882953 0.450570495117047 0
0 1 1 0.403440300609234 0.596559699390766 1
1 0 0 0.34706125352612 0.652938746473881 1
1 0 0 0.317960488753196 0.682039511246804 1
1 0 0 0.543822397167055 0.456177602832945 0
1 0 0 0.66107083123853 0.33892916876147 0
1 0 0 0.51769863515614 0.48230136484386 0
1 0 0 0.555964649934925 0.444035350065075 0
0 1 1 0.366364708402292 0.633635291597708 1
1 0 0 0.500877503614683 0.499122496385317 0
1 0 0 0.684302356816848 0.315697643183152 0
1 0 0 0.362036104017931 0.637963895982069 1
0 1 1 0.499539507501216 0.500460492498784 1
1 0 0 0.472829335002758 0.527170664997242 1
1 0 0 0.678163990121949 0.321836009878051 0
0 1 1 0.653599438554192 0.346400561445808 0
1 0 0 0.683974016518961 0.316025983481039 0
1 0 0 0.514235306360044 0.485764693639956 0
0 1 1 0.533310647791121 0.466689352208879 0
1 0 0 0.310186180010544 0.689813819989456 1
0 1 1 0.363206008013732 0.636793991986268 1
1 0 0 0.628277090370768 0.371722909629232 0
1 0 0 0.665219443897655 0.334780556102345 0
1 0 0 0.671366802363085 0.328633197636915 0
1 0 0 0.364569019683928 0.635430980316072 1
1 0 0 0.673567860528294 0.326432139471706 0
0 1 1 0.563469622709746 0.436530377290254 0
0 1 1 0.395628092171211 0.604371907828789 1
0 1 1 0.614294140332821 0.385705859667179 0
1 0 0 0.6583975512715 0.3416024487285 0
1 0 0 0.488215415927111 0.511784584072889 1
1 0 0 0.658537110180063 0.341462889819937 0
1 0 0 0.380318308974236 0.619681691025764 1
0 1 1 0.552939197949074 0.447060802050926 0
1 0 0 0.308913683312326 0.691086316687674 1
0 1 1 0.450140479406368 0.549859520593632 1
1 0 0 0.329428005487885 0.670571994512115 1
0 1 1 0.655048132597029 0.344951867402971 0
1 0 0 0.549026818864363 0.450973181135637 0
1 0 0 0.329419160531901 0.670580839468099 1
1 0 0 0.674390767332287 0.325609232667713 0
0 1 1 0.347137438410292 0.652862561589708 1
1 0 0 0.449175007655916 0.550824992344084 1
1 0 0 0.531351014162384 0.468648985837616 0
0 1 1 0.62527995387318 0.37472004612682 0
1 0 0 0.462474641438506 0.537525358561494 1
0 1 1 0.418957725843656 0.581042274156344 1
0 1 1 0.659039550522792 0.340960449477208 0
1 0 0 0.623332538103702 0.376667461896298 0
0 1 1 0.408332012791805 0.591667987208195 1
1 0 0 0.443714022590283 0.556285977409717 1
1 0 0 0.674316543579523 0.325683456420477 0
0 1 1 0.384671875026238 0.615328124973762 1
0 1 1 0.514565089396474 0.485434910603527 0
1 0 0 0.325142770663037 0.674857229336963 1
1 0 0 0.468323399477936 0.531676600522064 1
1 0 0 0.624203524200169 0.375796475799831 0
1 0 0 0.659220599473983 0.340779400526016 0
0 1 1 0.454979029329896 0.545020970670104 1
1 0 0 0.457017636692098 0.542982363307902 1
1 0 0 0.678116943327013 0.321883056672987 0
1 0 0 0.364582026908834 0.635417973091166 1
1 0 0 0.563164853731699 0.436835146268301 0
0 1 1 0.590279881179822 0.409720118820178 0
1 0 0 0.424177028279884 0.575822971720116 1
0 1 1 0.600279244343656 0.399720755656344 0
1 0 0 0.577761850842093 0.422238149157907 0
1 0 0 0.314226896771444 0.685773103228556 1
1 0 0 0.647364353175111 0.352635646824889 0
1 0 0 0.417055543538366 0.582944456461634 1
1 0 0 0.553030311306463 0.446969688693537 0
1 0 0 0.639596599421037 0.360403400578963 0
0 1 1 0.505032831381662 0.494967168618338 0
0 1 1 0.600774518411452 0.399225481588548 0
1 0 0 0.472984217745316 0.527015782254684 1
1 0 0 0.373121257308354 0.626878742691646 1
1 0 0 0.660250540694553 0.339749459305447 0
0 1 1 0.656714265041436 0.343285734958564 0
0 1 1 0.468792871274309 0.531207128725691 1
1 0 0 0.341239050957019 0.658760949042981 1
0 1 1 0.368863802473022 0.631136197526978 1
1 0 0 0.587252734239019 0.412747265760981 0
0 1 1 0.550174191079257 0.449825808920743 0
0 1 1 0.361901310616307 0.638098689383693 1
0 1 1 0.352292612207979 0.647707387792021 1
0 1 1 0.41823080689087 0.58176919310913 1
1 0 0 0.576567936525819 0.423432063474181 0
0 1 1 0.467380082604928 0.532619917395072 1
1 0 0 0.415813744872477 0.584186255127523 1
0 1 1 0.444966783896359 0.555033216103641 1
0 1 1 0.315502915609981 0.684497084390019 1
1 0 0 0.529195044086247 0.470804955913753 0
1 0 0 0.674932809022518 0.325067190977482 0
1 0 0 0.33553586930948 0.66446413069052 1
0 1 1 0.49784381416481 0.50215618583519 1
1 0 0 0.546191793380299 0.453808206619701 0
1 0 0 0.472010350977962 0.527989649022038 1
0 1 1 0.52327615395642 0.47672384604358 0
0 1 1 0.308080738414454 0.691919261585546 1
1 0 0 0.685010171189506 0.314989828810494 0
0 1 1 0.318935485658965 0.681064514341035 1
0 1 1 0.641478873454204 0.358521126545796 0
0 1 1 0.524939626611859 0.475060373388141 0
0 1 1 0.406543684738024 0.593456315261976 1
1 0 0 0.306074107125811 0.693925892874189 1
1 0 0 0.504030171759568 0.495969828240432 0
0 1 1 0.587961990714743 0.412038009285257 0
1 0 0 0.619377805108866 0.380622194891134 0
0 1 1 0.383211129065406 0.616788870934594 1
0 1 1 0.668497052609175 0.331502947390826 0
1 0 0 0.604097130254963 0.395902869745037 0
0 1 1 0.409865941383551 0.590134058616449 1
0 1 1 0.6216600117301 0.3783399882699 0
0 1 1 0.661078150741913 0.338921849258087 0
0 1 1 0.328740250488868 0.671259749511132 1
1 0 0 0.67053536044686 0.32946463955314 0
0 1 1 0.628482377644758 0.371517622355242 0
0 1 1 0.499774545077595 0.500225454922405 1
0 1 1 0.49523931693938 0.50476068306062 1
0 1 1 0.545386658056099 0.454613341943901 0
1 0 0 0.496258906047649 0.503741093952351 1
1 0 0 0.331687843818478 0.668312156181523 1
1 0 0 0.636749891469721 0.363250108530279 0
0 1 1 0.662715247604983 0.337284752395017 0
0 1 1 0.567508379638445 0.432491620361555 0
0 1 1 0.473112719857547 0.526887280142453 1
0 1 1 0.350857314761009 0.649142685238991 1
1 0 0 0.631590605792008 0.368409394207992 0
0 1 1 0.667093973971922 0.332906026028078 0
1 0 0 0.665867677821603 0.334132322178398 0
1 0 0 0.65604706181717 0.34395293818283 0
1 0 0 0.367485180214684 0.632514819785316 1
0 1 1 0.52535187190203 0.47464812809797 0
0 1 1 0.672101813678024 0.327898186321976 0
1 0 0 0.368890029387457 0.631109970612543 1
0 1 1 0.68365946977441 0.31634053022559 0
1 0 0 0.526867873968864 0.473132126031136 0
1 0 0 0.681626387557119 0.318373612442881 0
0 1 1 0.386203660291903 0.613796339708097 1
1 0 0 0.428636146056172 0.571363853943828 1
1 0 0 0.58599197516693 0.41400802483307 0
0 1 1 0.480950877597021 0.519049122402979 1
1 0 0 0.667318243318515 0.332681756681485 0
0 1 1 0.427938297715178 0.572061702284822 1
0 1 1 0.611055248538162 0.388944751461838 0
1 0 0 0.513322970018163 0.486677029981837 0
1 0 0 0.577688210058603 0.422311789941397 0
0 1 1 0.399418184269378 0.600581815730622 1
1 0 0 0.520287625750228 0.479712374249772 0
0 1 1 0.333023465287915 0.666976534712085 1
0 1 1 0.392737413201107 0.607262586798893 1
0 1 1 0.582554284801466 0.417445715198534 0
0 1 1 0.441817352318138 0.558182647681862 1
1 0 0 0.662272150568309 0.337727849431691 0
0 1 1 0.321893669902105 0.678106330097895 1
1 0 0 0.593271702335576 0.406728297664424 0
1 0 0 0.456153483440132 0.543846516559868 1
1 0 0 0.500364772393339 0.499635227606662 0
0 1 1 0.662717863717049 0.337282136282951 0
0 1 1 0.663143410588028 0.336856589411972 0
0 1 1 0.552270819235915 0.447729180764085 0
0 1 1 0.355630909750546 0.644369090249454 1
0 1 1 0.607396741325615 0.392603258674385 0
0 1 1 0.664655629644379 0.335344370355621 0
1 0 0 0.652227258618799 0.347772741381201 0
1 0 0 0.616747745066359 0.383252254933641 0
1 0 0 0.672941006960813 0.327058993039187 0
1 0 0 0.666848517244643 0.333151482755357 0
0 1 1 0.332192622735434 0.667807377264566 1
1 0 0 0.664994654878779 0.335005345121221 0
0 1 1 0.385944437020242 0.614055562979758 1
1 0 0 0.664714233350206 0.335285766649794 0
0 1 1 0.664219703606814 0.335780296393186 0
0 1 1 0.479827086222301 0.520172913777699 1
1 0 0 0.547082390784978 0.452917609215022 0
0 1 1 0.352019294093412 0.647980705906588 1
1 0 0 0.683403784591448 0.316596215408552 0
0 1 1 0.581662820668158 0.418337179331842 0
0 1 1 0.397512820165758 0.602487179834242 1
1 0 0 0.574049075198152 0.425950924801848 0
1 0 0 0.678694466300238 0.321305533699762 0
1 0 0 0.640486261059187 0.359513738940813 0
1 0 0 0.591495499510953 0.408504500489047 0
1 0 0 0.669875885843595 0.330124114156405 0
1 0 0 0.683929761801275 0.316070238198725 0
1 0 0 0.398530408710588 0.601469591289412 1
1 0 0 0.353879842482823 0.646120157517177 1
1 0 0 0.633881485052916 0.366118514947084 0
0 1 1 0.325795556749569 0.674204443250431 1
1 0 0 0.675719295516632 0.324280704483368 0
0 1 1 0.679550275587726 0.320449724412274 0
0 1 1 0.427617205810877 0.572382794189123 1
1 0 0 0.492586177832158 0.507413822167842 1
0 1 1 0.381557753050978 0.618442246949022 1
0 1 1 0.65936373015158 0.34063626984842 0
1 0 0 0.337412470491543 0.662587529508457 1
0 1 1 0.643544393680361 0.356455606319639 0
0 1 1 0.320312031250505 0.679687968749495 1
0 1 1 0.344968757372423 0.655031242627577 1
0 1 1 0.658560032714018 0.341439967285982 0
1 0 0 0.530207278246539 0.469792721753461 0
1 0 0 0.370395187820646 0.629604812179355 1
0 1 1 0.303421179550262 0.696578820449738 1
1 0 0 0.603340734667666 0.396659265332334 0
0 1 1 0.516013159219938 0.483986840780062 0
1 0 0 0.601847344939599 0.398152655060401 0
1 0 0 0.576463476604817 0.423536523395183 0
1 0 0 0.65624614031295 0.34375385968705 0
0 1 1 0.355170336142701 0.644829663857299 1
1 0 0 0.524719768819161 0.475280231180839 0
0 1 1 0.306745581124927 0.693254418875073 1
0 1 1 0.406679924174834 0.593320075825166 1
1 0 0 0.604447069689743 0.395552930310257 0
1 0 0 0.607694507542464 0.392305492457536 0
1 0 0 0.628736628167725 0.371263371832275 0
1 0 0 0.6377648909172 0.3622351090828 0
1 0 0 0.364230054864733 0.635769945135267 1
1 0 0 0.508851486173817 0.491148513826183 0
1 0 0 0.358541185279068 0.641458814720932 1
1 0 0 0.550621657592418 0.449378342407582 0
0 1 1 0.346411557596908 0.653588442403092 1
0 1 1 0.581820200405331 0.418179799594669 0
0 1 1 0.420242163037169 0.579757836962831 1
0 1 1 0.662366672604564 0.337633327395436 0
1 0 0 0.619902933904837 0.380097066095163 0
1 0 0 0.652306495120868 0.347693504879132 0
0 1 1 0.684742481142223 0.315257518857777 0
1 0 0 0.674577239001058 0.325422760998942 0
1 0 0 0.661370500166969 0.338629499833031 0
1 0 0 0.665855813662987 0.334144186337013 0
0 1 1 0.460540548034714 0.539459451965286 1
0 1 1 0.677853668025164 0.322146331974837 0
0 1 1 0.364741345204965 0.635258654795036 1
1 0 0 0.343114294778974 0.656885705221026 1
0 1 1 0.644503648617638 0.355496351382362 0
1 0 0 0.651601551758689 0.348398448241311 0
0 1 1 0.519545673014838 0.480454326985162 0
1 0 0 0.605216772718417 0.394783227281583 0
0 1 1 0.345170358285098 0.654829641714902 1
0 1 1 0.439526710037977 0.560473289962023 1
0 1 1 0.549367371264345 0.450632628735655 0
0 1 1 0.592720934424537 0.407279065575463 0
1 0 0 0.675085302760195 0.324914697239805 0
0 1 1 0.451188579408888 0.548811420591112 1
1 0 0 0.535476324224442 0.464523675775558 0
0 1 1 0.413153374507286 0.586846625492714 1
1 0 0 0.661740065861401 0.338259934138599 0
0 1 1 0.662907551732155 0.337092448267845 0
1 0 0 0.609597881104195 0.390402118895805 0
1 0 0 0.572510123052571 0.427489876947429 0
1 0 0 0.52111637543764 0.47888362456236 0
1 0 0 0.642273081019916 0.357726918980084 0
0 1 1 0.679451132830596 0.320548867169404 0
1 0 0 0.407350968677488 0.592649031322512 1
1 0 0 0.597392634216138 0.402607365783862 0
0 1 1 0.527966661191696 0.472033338808305 0
0 1 1 0.662522930813003 0.337477069186997 0
0 1 1 0.478186904358308 0.521813095641692 1
1 0 0 0.613650476002985 0.386349523997015 0
1 0 0 0.38319368521695 0.61680631478305 1
1 0 0 0.675352005937396 0.324647994062604 0
0 1 1 0.526969094403836 0.473030905596164 0
0 1 1 0.309714893351522 0.690285106648478 1
0 1 1 0.342315509669889 0.657684490330111 1
1 0 0 0.643064975800571 0.356935024199429 0
0 1 1 0.678633313265279 0.321366686734721 0
0 1 1 0.53533646226823 0.46466353773177 0
0 1 1 0.327008665992042 0.672991334007958 1
1 0 0 0.54453800993082 0.45546199006918 0
0 1 1 0.571388873471961 0.428611126528039 0
1 0 0 0.568121587684363 0.431878412315637 0
0 1 1 0.489186065571238 0.510813934428762 1
1 0 0 0.495845323836211 0.504154676163789 1
0 1 1 0.658305195148999 0.341694804851001 0
0 1 1 0.356076597332503 0.643923402667497 1
1 0 0 0.6765011789871 0.3234988210129 0
0 1 1 0.665283807444536 0.334716192555464 0
0 1 1 0.322332690955757 0.677667309044243 1
0 1 1 0.601409965853691 0.398590034146309 0
1 0 0 0.471305868583005 0.528694131416995 1
1 0 0 0.583115105853338 0.416884894146662 0
0 1 1 0.411463162744315 0.588536837255685 1
1 0 0 0.588725780251009 0.411274219748991 0
0 1 1 0.440709772273716 0.559290227726284 1
0 1 1 0.608444058103789 0.391555941896211 0
0 1 1 0.672611629776333 0.327388370223667 0
1 0 0 0.652849670854217 0.347150329145783 0
1 0 0 0.423938368022489 0.576061631977511 1
0 1 1 0.317822429828072 0.682177570171928 1
1 0 0 0.678931034461227 0.321068965538773 0
0 1 1 0.679740632390214 0.320259367609786 0
1 0 0 0.42645314089013 0.57354685910987 1
0 1 1 0.55723253520264 0.44276746479736 0
1 0 0 0.431227703703276 0.568772296296724 1
1 0 0 0.678038618045018 0.321961381954982 0
0 1 1 0.339750330367023 0.660249669632977 1
0 1 1 0.329287644162248 0.670712355837752 1
1 0 0 0.377644225980703 0.622355774019297 1
1 0 0 0.496058694625668 0.503941305374332 1
0 1 1 0.682933589704376 0.317066410295624 0
0 1 1 0.381920305903165 0.618079694096835 1
0 1 1 0.329440154964627 0.670559845035373 1
1 0 0 0.346467682039874 0.653532317960126 1
1 0 0 0.64690434057839 0.35309565942161 0
1 0 0 0.667709348305827 0.332290651694173 0
0 1 1 0.457763484710488 0.542236515289512 1
1 0 0 0.523748163433864 0.476251836566136 0
0 1 1 0.650158619597065 0.349841380402935 0
1 0 0 0.683369667461465 0.316630332538535 0
1 0 0 0.681091441512835 0.318908558487165 0
0 1 1 0.317169969661431 0.682830030338569 1
0 1 1 0.569435499117437 0.430564500882563 0
0 1 1 0.530342983377342 0.469657016622658 0
1 0 0 0.603038005022833 0.396961994977167 0
0 1 1 0.421436876400234 0.578563123599766 1
0 1 1 0.43867447489724 0.56132552510276 1
1 0 0 0.684451895287499 0.315548104712501 0
0 1 1 0.436848638463975 0.563151361536025 1
1 0 0 0.302822134916784 0.697177865083216 1
0 1 1 0.605257557660617 0.394742442339383 0
0 1 1 0.665397403606851 0.334602596393149 0
0 1 1 0.648007180745027 0.351992819254973 0
1 0 0 0.385235264565767 0.614764735434233 1
1 0 0 0.628479699476143 0.371520300523856 0
0 1 1 0.53944664530855 0.46055335469145 0
0 1 1 0.347895492163307 0.652104507836693 1
1 0 0 0.656337486151664 0.343662513848337 0
1 0 0 0.426858000625694 0.573141999374306 1
0 1 1 0.526901038475886 0.473098961524114 0
0 1 1 0.609225397749063 0.390774602250937 0
1 0 0 0.536297705939951 0.463702294060049 0
1 0 0 0.362262627915722 0.637737372084278 1
0 1 1 0.648293165331117 0.351706834668883 0
1 0 0 0.311968113955972 0.688031886044028 1
0 1 1 0.684603294315164 0.315396705684836 0
0 1 1 0.443755651997463 0.556244348002536 1
1 0 0 0.64199646070793 0.35800353929207 0
1 0 0 0.342614000210254 0.657385999789746 1
1 0 0 0.676696752732127 0.323303247267873 0
0 1 1 0.680331746801433 0.319668253198567 0
1 0 0 0.580366280136332 0.419633719863668 0
1 0 0 0.64675642462674 0.35324357537326 0
1 0 0 0.366107165730723 0.633892834269277 1
0 1 1 0.37002344944766 0.62997655055234 1
1 0 0 0.356311292796494 0.643688707203506 1
1 0 0 0.555503159968115 0.444496840031885 0
0 1 1 0.329647251259323 0.670352748740677 1
1 0 0 0.539500316031391 0.460499683968609 0
0 1 1 0.547782845819884 0.452217154180116 0
0 1 1 0.650376477077533 0.349623522922467 0
1 0 0 0.311008603154848 0.688991396845152 1
1 0 0 0.682208376200578 0.317791623799422 0
0 1 1 0.680893622806337 0.319106377193662 0
1 0 0 0.659826100955836 0.340173899044164 0
0 1 1 0.657492874103355 0.342507125896645 0
0 1 1 0.396882369868641 0.603117630131359 1
1 0 0 0.483324269043068 0.516675730956932 1
1 0 0 0.678271938053571 0.321728061946429 0
1 0 0 0.638818148198772 0.361181851801228 0
0 1 1 0.50228284557842 0.49771715442158 0
0 1 1 0.612676908155206 0.387323091844794 0
0 1 1 0.535183423847342 0.464816576152658 0
0 1 1 0.490934588284057 0.509065411715943 1
0 1 1 0.421030138666675 0.578969861333325 1
1 0 0 0.630322238603545 0.369677761396455 0
1 0 0 0.577606671681455 0.422393328318545 0
1 0 0 0.419824918949634 0.580175081050366 1
1 0 0 0.338053579765562 0.661946420234438 1
1 0 0 0.5927007279571 0.4072992720429 0
1 0 0 0.57474285886421 0.42525714113579 0
0 1 1 0.645317982926742 0.354682017073258 0
0 1 1 0.49149563699277 0.50850436300723 1
1 0 0 0.444083291826234 0.555916708173766 1
0 1 1 0.541950602735991 0.458049397264009 0
0 1 1 0.656759412947493 0.343240587052507 0
0 1 1 0.338211169757693 0.661788830242308 1
1 0 0 0.416280323772011 0.583719676227989 1
0 1 1 0.576076241732389 0.423923758267611 0
0 1 1 0.650078762383452 0.349921237616548 0
0 1 1 0.387085002209802 0.612914997790198 1
0 1 1 0.307611198036402 0.692388801963598 1
0 1 1 0.417543558412075 0.582456441587925 1
0 1 1 0.504988962085984 0.495011037914016 0
0 1 1 0.643013228644189 0.356986771355811 0
0 1 1 0.68135035411528 0.31864964588472 0
0 1 1 0.594695013360581 0.405304986639419 0
0 1 1 0.583187924495533 0.416812075504467 0
0 1 1 0.586462699474619 0.413537300525381 0
0 1 1 0.35033130051069 0.64966869948931 1
1 0 0 0.53656655817018 0.46343344182982 0
1 0 0 0.562454357163981 0.437545642836019 0
0 1 1 0.606430901209854 0.393569098790146 0
1 0 0 0.649598225903779 0.350401774096221 0
0 1 1 0.68369901396468 0.31630098603532 0
0 1 1 0.681586206635439 0.318413793364561 0
1 0 0 0.330711137686053 0.669288862313947 1
1 0 0 0.650383894693488 0.349616105306512 0
1 0 0 0.644311554442583 0.355688445557417 0
0 1 1 0.311174241579085 0.688825758420915 1
0 1 1 0.666374703760136 0.333625296239864 0
1 0 0 0.498190504846603 0.501809495153397 1
0 1 1 0.39183367973734 0.60816632026266 1
0 1 1 0.473107189370903 0.526892810629098 1
1 0 0 0.672656649374105 0.327343350625895 0
0 1 1 0.533089704574765 0.466910295425235 0
0 1 1 0.315558953728486 0.684441046271514 1
0 1 1 0.430135520561943 0.569864479438057 1
1 0 0 0.677590686831244 0.322409313168756 0
1 0 0 0.674401698026516 0.325598301973484 0
1 0 0 0.457444450034738 0.542555549965262 1
1 0 0 0.670309993594942 0.329690006405058 0
0 1 1 0.429747532321755 0.570252467678245 1
0 1 1 0.311381777283336 0.688618222716664 1
0 1 1 0.332615976571388 0.667384023428612 1
0 1 1 0.57823319040325 0.421766809596751 0
1 0 0 0.543056592129256 0.456943407870744 0
1 0 0 0.666185144615431 0.333814855384569 0
0 1 1 0.517741198373978 0.482258801626022 0
0 1 1 0.319738387660062 0.680261612339938 1
1 0 0 0.643852288602335 0.356147711397665 0
1 0 0 0.674615587651409 0.325384412348591 0
0 1 1 0.349602240944076 0.650397759055924 1
0 1 1 0.501316851224636 0.498683148775364 0
1 0 0 0.676666239637056 0.323333760362944 0
1 0 0 0.340742221497573 0.659257778502427 1
1 0 0 0.594770938867645 0.405229061132356 0
0 1 1 0.406660366266824 0.593339633733176 1
0 1 1 0.306609922463708 0.693390077536292 1
1 0 0 0.605697861788332 0.394302138211668 0
0 1 1 0.386648360999473 0.613351639000527 1
1 0 0 0.606278175204927 0.393721824795073 0
1 0 0 0.668952156857827 0.331047843142173 0
0 1 1 0.359763853967162 0.640236146032838 1
1 0 0 0.623950396167453 0.376049603832547 0
0 1 1 0.536515519233882 0.463484480766118 0
0 1 1 0.415410034917552 0.584589965082448 1
1 0 0 0.385478684892383 0.614521315107617 1
1 0 0 0.638667304748695 0.361332695251305 0
1 0 0 0.438257564132978 0.561742435867022 1
1 0 0 0.362404179609279 0.637595820390721 1
1 0 0 0.682625659273054 0.317374340726946 0
1 0 0 0.678082982263974 0.321917017736026 0
1 0 0 0.337395139763739 0.662604860236261 1
0 1 1 0.37161030976218 0.62838969023782 1
0 1 1 0.419696682297757 0.580303317702243 1
0 1 1 0.472155041183561 0.527844958816439 1
0 1 1 0.532260505080599 0.467739494919401 0
0 1 1 0.308416395456873 0.691583604543127 1
1 0 0 0.686859250561228 0.313140749438772 0
1 0 0 0.476261571672115 0.523738428327886 1
0 1 1 0.333566087632091 0.666433912367909 1
1 0 0 0.51848120030854 0.48151879969146 0
0 1 1 0.658891344784032 0.341108655215968 0
0 1 1 0.666372578892927 0.333627421107072 0
0 1 1 0.553964826954734 0.446035173045266 0
0 1 1 0.311041243059552 0.688958756940448 1
1 0 0 0.524046280427467 0.475953719572533 0
0 1 1 0.588046107267019 0.411953892732981 0
1 0 0 0.660473659369731 0.339526340630269 0
1 0 0 0.667550765092805 0.332449234907195 0
0 1 1 0.565330027109806 0.434669972890194 0
1 0 0 0.658580878578689 0.341419121421311 0
1 0 0 0.42803269265005 0.57196730734995 1
0 1 1 0.420181658797097 0.579818341202903 1
1 0 0 0.654120931237424 0.345879068762576 0
1 0 0 0.598558923719618 0.401441076280382 0
1 0 0 0.673320689408853 0.326679310591147 0
0 1 1 0.662804212178983 0.337195787821017 0
0 1 1 0.564212998874614 0.435787001125386 0
0 1 1 0.418997714677773 0.581002285322227 1
1 0 0 0.684152544571804 0.315847455428196 0
0 1 1 0.678576191649374 0.321423808350626 0
0 1 1 0.31377308746224 0.68622691253776 1
1 0 0 0.652244972279462 0.347755027720538 0
1 0 0 0.677960362902068 0.322039637097932 0
1 0 0 0.62175257281321 0.37824742718679 0
0 1 1 0.445426521641806 0.554573478358194 1
1 0 0 0.481003846527513 0.518996153472487 1
0 1 1 0.525426813901571 0.474573186098429 0
0 1 1 0.675152393372226 0.324847606627774 0
1 0 0 0.646816895978722 0.353183104021278 0
0 1 1 0.4871401292865 0.5128598707135 1
0 1 1 0.487211408111691 0.512788591888309 1
0 1 1 0.317522216399094 0.682477783600906 1
1 0 0 0.306616241213466 0.693383758786534 1
1 0 0 0.660885593604581 0.339114406395419 0
1 0 0 0.59811131785101 0.40188868214899 0
1 0 0 0.666378151756245 0.333621848243755 0
1 0 0 0.655656443250443 0.344343556749557 0
0 1 1 0.624556654980651 0.375443345019349 0
1 0 0 0.668983972945767 0.331016027054233 0
0 1 1 0.40104296124053 0.59895703875947 1
0 1 1 0.440819632020708 0.559180367979292 1
0 1 1 0.313593593457876 0.686406406542124 1
0 1 1 0.595190292284509 0.404809707715491 0
0 1 1 0.643706936047905 0.356293063952095 0
0 1 1 0.534137882142777 0.465862117857223 0
0 1 1 0.679324818570467 0.320675181429533 0
0 1 1 0.667749820856879 0.332250179143121 0
0 1 1 0.532055490524594 0.467944509475406 0
1 0 0 0.599351883986322 0.400648116013678 0
0 1 1 0.662544217342236 0.337455782657764 0
0 1 1 0.400386429191362 0.599613570808638 1
0 1 1 0.555913202702833 0.444086797297167 0
0 1 1 0.639850094923309 0.360149905076691 0
1 0 0 0.339444748728568 0.660555251271432 1
1 0 0 0.310190415054977 0.689809584945023 1
1 0 0 0.326460880309687 0.673539119690313 1
0 1 1 0.622116697031375 0.377883302968625 0
1 0 0 0.553915480153486 0.446084519846514 0
0 1 1 0.534997818568104 0.465002181431896 0
1 0 0 0.601584070970334 0.398415929029666 0
0 1 1 0.683305618010556 0.316694381989444 0
1 0 0 0.678157040418534 0.321842959581466 0
0 1 1 0.402725521263693 0.597274478736307 1
1 0 0 0.677374275354124 0.322625724645876 0
1 0 0 0.682864558991942 0.317135441008058 0
0 1 1 0.35621116803335 0.64378883196665 1
1 0 0 0.475531902619563 0.524468097380437 1
1 0 0 0.656440023973545 0.343559976026456 0
0 1 1 0.362553698596947 0.637446301403053 1
1 0 0 0.420166055691129 0.579833944308871 1
1 0 0 0.318385808197664 0.681614191802336 1
1 0 0 0.407786515194204 0.592213484805796 1
0 1 1 0.65755990143146 0.34244009856854 0
1 0 0 0.509803415680786 0.490196584319214 0
0 1 1 0.342150937588759 0.657849062411241 1
0 1 1 0.366424494556013 0.633575505443987 1
0 1 1 0.491516858728652 0.508483141271348 1
0 1 1 0.504386201532675 0.495613798467325 0
0 1 1 0.337102593799995 0.662897406200006 1
1 0 0 0.443547560433178 0.556452439566822 1
0 1 1 0.460313707982687 0.539686292017313 1
0 1 1 0.524200285585381 0.475799714414619 0
1 0 0 0.647650315025552 0.352349684974448 0
0 1 1 0.373898158648341 0.626101841351659 1
1 0 0 0.519082027274963 0.480917972725037 0
0 1 1 0.679962671022201 0.320037328977799 0
1 0 0 0.43697879231484 0.56302120768516 1
1 0 0 0.369722203780379 0.630277796219621 1
1 0 0 0.33031906790504 0.669680932094959 1
1 0 0 0.604065989951251 0.395934010048749 0
0 1 1 0.377138087639981 0.622861912360019 1
1 0 0 0.587631435781163 0.412368564218837 0
1 0 0 0.514528887349903 0.485471112650097 0
1 0 0 0.370858146298341 0.629141853701659 1
1 0 0 0.577415907118473 0.422584092881527 0
0 1 1 0.3433465592299 0.6566534407701 1
1 0 0 0.558041602541065 0.441958397458935 0
1 0 0 0.409407574756432 0.590592425243568 1
0 1 1 0.373170586111014 0.626829413888986 1
0 1 1 0.310933350584392 0.689066649415608 1
1 0 0 0.362800875958311 0.637199124041689 1
1 0 0 0.674104102016101 0.325895897983899 0
1 0 0 0.666314556335879 0.333685443664121 0
1 0 0 0.676283068695165 0.323716931304836 0
1 0 0 0.303925894767447 0.696074105232554 1
0 1 1 0.665425224747297 0.334574775252703 0
1 0 0 0.465167562549387 0.534832437450613 1
1 0 0 0.679076417187291 0.320923582812709 0
0 1 1 0.326338637659648 0.673661362340352 1
1 0 0 0.592921247692072 0.407078752307928 0
0 1 1 0.399967769857324 0.600032230142676 1
1 0 0 0.441967585114074 0.558032414885926 1
1 0 0 0.545040692222114 0.454959307777886 0
1 0 0 0.670459931924038 0.329540068075962 0
0 1 1 0.543412383531527 0.456587616468473 0
0 1 1 0.347217665101695 0.652782334898305 1
0 1 1 0.422450299177776 0.577549700822224 1
0 1 1 0.366881944960532 0.633118055039468 1
0 1 1 0.679885226534018 0.320114773465982 0
1 0 0 0.586046531931151 0.413953468068849 0
0 1 1 0.316179887663226 0.683820112336774 1
0 1 1 0.663877945331018 0.336122054668982 0
1 0 0 0.578379808437583 0.421620191562417 0
0 1 1 0.590533094705727 0.409466905294273 0
1 0 0 0.585539279270629 0.414460720729371 0
0 1 1 0.433464707283053 0.566535292716946 1
1 0 0 0.681198696389266 0.318801303610734 0
0 1 1 0.485968534813689 0.514031465186311 1
