0.0924 0.8370 1.0000 0.0000 
0.8329 0.6374 1.0000 0.0000 
0.4978 0.5938 1.0000 0.0000 
0.8938 0.0496 0.0000 1.0000 
0.7795 0.5646 0.0000 1.0000 
0.2434 0.1817 0.0000 1.0000 
0.6683 0.8860 1.0000 0.0000 
0.5664 0.1207 0.0000 1.0000 
0.6165 0.8269 1.0000 0.0000 
0.4451 0.9289 1.0000 0.0000 
0.9006 0.6297 1.0000 0.0000 
0.5676 0.0693 0.0000 1.0000 
0.2151 0.1177 0.0000 1.0000 
0.3701 0.2451 1.0000 0.0000 
0.2994 0.0820 0.0000 1.0000 
0.2768 0.1084 0.0000 1.0000 
0.0314 0.0117 0.0000 1.0000 
0.6344 0.2252 0.0000 1.0000 
0.3645 0.4106 1.0000 0.0000 
0.2405 0.4095 1.0000 0.0000 
0.2138 0.6030 1.0000 0.0000 
0.8555 0.4696 1.0000 0.0000 
0.2790 0.1520 0.0000 1.0000 
0.9636 0.0657 0.0000 1.0000 
0.0378 0.8766 1.0000 0.0000 
0.0567 0.8144 1.0000 0.0000 
0.8164 0.1939 0.0000 1.0000 
0.3004 0.4525 1.0000 0.0000 
0.4184 0.6861 1.0000 0.0000 
0.1077 0.3485 0.0000 1.0000 
0.5528 0.4631 0.0000 1.0000 
0.1795 0.2934 0.0000 1.0000 
0.0638 0.9918 1.0000 0.0000 
0.0931 0.7542 1.0000 0.0000 
0.8889 0.0332 0.0000 1.0000 
0.8330 0.5406 1.0000 0.0000 
0.9319 0.3548 1.0000 0.0000 
0.9176 0.5465 1.0000 0.0000 
0.7979 0.1728 0.0000 1.0000 
0.1409 0.5657 0.0000 1.0000 
0.4651 0.8288 1.0000 0.0000 
0.8756 0.3872 1.0000 0.0000 
0.4290 0.1560 0.0000 1.0000 
0.5465 0.0955 0.0000 1.0000 
0.1285 0.9571 1.0000 0.0000 
0.4301 0.2313 0.0000 1.0000 
0.9455 0.2333 0.0000 1.0000 
0.0623 0.6126 0.0000 1.0000 
0.2682 0.6452 1.0000 0.0000 
0.5958 0.5653 0.0000 1.0000 
0.7344 0.8715 1.0000 0.0000 
0.9009 0.6773 1.0000 0.0000 
0.3838 0.6064 1.0000 0.0000 
0.1034 0.8093 1.0000 0.0000 
0.4942 0.6613 1.0000 0.0000 
0.3923 0.4892 1.0000 0.0000 
0.3293 0.2663 1.0000 0.0000 
0.0792 0.0647 0.0000 1.0000 
0.6163 0.8824 1.0000 0.0000 
0.4489 0.6819 1.0000 0.0000 
0.9133 0.8518 1.0000 0.0000 
0.9137 0.9962 1.0000 0.0000 
0.4004 0.8479 1.0000 0.0000 
0.2480 0.2095 0.0000 1.0000 
0.4179 0.1660 0.0000 1.0000 
0.8281 0.7410 1.0000 0.0000 
0.9582 0.6154 1.0000 0.0000 
0.8189 0.5639 1.0000 0.0000 
0.6449 0.4421 0.0000 1.0000 
0.7734 0.2340 0.0000 1.0000 
0.0592 0.9340 1.0000 0.0000 
0.8061 0.6780 1.0000 0.0000 
0.8053 0.5198 0.0000 1.0000 
0.8867 0.1193 0.0000 1.0000 
0.7622 0.2812 1.0000 0.0000 
0.2112 0.0520 0.0000 1.0000 
0.0245 0.5482 0.0000 1.0000 
0.6803 0.3170 0.0000 1.0000 
0.4793 0.2732 1.0000 0.0000 
0.9859 0.5600 1.0000 0.0000 
0.7938 0.4206 0.0000 1.0000 
0.8941 0.0694 0.0000 1.0000 
0.3909 0.4206 1.0000 0.0000 
0.4744 0.2758 0.0000 1.0000 
0.0802 0.6720 1.0000 0.0000 
0.0085 0.0689 0.0000 1.0000 
0.8643 0.9769 1.0000 0.0000 
0.0859 0.8217 1.0000 0.0000 
0.7735 0.5114 1.0000 0.0000 
0.6312 0.1057 0.0000 1.0000 
0.3321 0.6638 1.0000 0.0000 
0.2288 0.8491 1.0000 0.0000 
0.0988 0.9120 1.0000 0.0000 
0.7535 0.9234 1.0000 0.0000 
0.4857 0.9565 1.0000 0.0000 
0.1156 0.1402 0.0000 1.0000 
0.6042 0.3142 0.0000 1.0000 
0.6075 0.8845 1.0000 0.0000 
0.1312 0.9833 1.0000 0.0000 
0.3943 0.0993 0.0000 1.0000 
0.9170 0.4359 1.0000 0.0000 
0.5285 0.8466 1.0000 0.0000 
0.0746 0.0619 0.0000 1.0000 
0.9927 0.9214 0.0000 1.0000 
0.9298 0.0257 0.0000 1.0000 
0.9179 0.3823 1.0000 0.0000 
0.5125 0.5703 1.0000 0.0000 
0.9218 0.4431 1.0000 0.0000 
0.4451 0.6920 1.0000 0.0000 
0.0608 0.5225 0.0000 1.0000 
0.2875 0.5058 1.0000 0.0000 
0.8490 0.9394 1.0000 0.0000 
0.9616 0.4231 1.0000 0.0000 
0.3992 0.7728 1.0000 0.0000 
0.5109 0.8300 1.0000 0.0000 
0.3028 0.5524 1.0000 0.0000 
0.2122 0.2324 1.0000 0.0000 
0.4775 0.8110 1.0000 0.0000 
0.7952 0.2405 0.0000 1.0000 
0.4783 0.1823 0.0000 1.0000 
0.8479 0.4886 1.0000 0.0000 
0.8635 0.3767 0.0000 1.0000 
0.8220 0.3261 0.0000 1.0000 
0.7239 0.8312 1.0000 0.0000 
0.6239 0.9576 1.0000 0.0000 
0.3924 0.5093 1.0000 0.0000 
0.3848 0.4022 1.0000 0.0000 
0.8516 0.7756 1.0000 0.0000 
0.0898 0.7288 1.0000 0.0000 
0.3320 0.6367 0.0000 1.0000 
0.4568 0.9707 1.0000 0.0000 
0.3059 0.0468 0.0000 1.0000 
0.1072 0.2593 0.0000 1.0000 
0.7048 0.5267 0.0000 1.0000 
0.1844 0.0523 0.0000 1.0000 
0.4956 0.6857 1.0000 0.0000 
0.1661 0.7454 1.0000 0.0000 
0.5204 0.4868 0.0000 1.0000 
0.0863 0.6647 0.0000 1.0000 
0.9535 0.1332 0.0000 1.0000 
0.8467 0.4385 0.0000 1.0000 
0.8051 0.4637 0.0000 1.0000 
0.0468 0.1507 0.0000 1.0000 
0.4609 0.3800 0.0000 1.0000 
0.3911 0.6517 1.0000 0.0000 
0.3334 0.4900 1.0000 0.0000 
0.1405 0.5218 0.0000 1.0000 
0.4612 0.6014 1.0000 0.0000 
0.9521 0.4512 1.0000 0.0000 
0.2462 0.8515 1.0000 0.0000 
0.1256 0.6658 1.0000 0.0000 
0.2926 0.1206 0.0000 1.0000 
0.5586 0.7915 1.0000 0.0000 
0.0191 0.9733 1.0000 0.0000 
0.1856 0.4952 1.0000 0.0000 
0.9267 0.1691 0.0000 1.0000 
0.6468 0.6339 0.0000 1.0000 
0.5665 0.8326 1.0000 0.0000 
0.3196 0.8621 1.0000 0.0000 
0.5528 0.5016 0.0000 1.0000 
0.5450 0.2961 0.0000 1.0000 
0.7312 0.7709 1.0000 0.0000 
0.4123 0.5400 1.0000 0.0000 
0.1776 0.0125 0.0000 1.0000 
0.7598 0.0926 0.0000 1.0000 
0.5575 0.3992 0.0000 1.0000 
0.5079 0.6525 1.0000 0.0000 
0.5496 0.3108 0.0000 1.0000 
0.2469 0.2051 0.0000 1.0000 
0.8966 0.2298 0.0000 1.0000 
0.8565 0.0081 0.0000 1.0000 
0.3887 0.6305 1.0000 0.0000 
0.5536 0.7251 1.0000 0.0000 
0.2848 0.0518 0.0000 1.0000 
0.3825 0.2098 0.0000 1.0000 
0.9991 0.8724 1.0000 0.0000 
0.4867 0.7482 0.0000 1.0000 
0.6367 0.7408 0.0000 1.0000 
0.5104 0.7108 1.0000 0.0000 
0.6888 0.7773 1.0000 0.0000 
0.9459 0.1766 0.0000 1.0000 
0.3882 0.6027 1.0000 0.0000 
0.4905 0.3088 0.0000 1.0000 
0.7866 0.2878 0.0000 1.0000 
0.1131 0.2170 0.0000 1.0000 
0.2273 0.7393 1.0000 0.0000 
0.9798 0.0435 0.0000 1.0000 
0.5783 0.8891 1.0000 0.0000 
0.7438 0.3589 0.0000 1.0000 
0.9542 0.2913 1.0000 0.0000 
0.3668 0.0816 0.0000 1.0000 
0.8338 0.7950 1.0000 0.0000 
0.7224 0.7166 0.0000 1.0000 
0.9707 0.3774 1.0000 0.0000 
0.6633 0.9259 1.0000 0.0000 
0.5563 0.9012 1.0000 0.0000 
0.6874 0.3977 0.0000 1.0000 
0.8667 0.4725 1.0000 0.0000 
0.7706 0.4371 0.0000 1.0000 
0.5365 0.1511 1.0000 0.0000 
0.7270 0.7024 0.0000 1.0000 
0.0857 0.2240 0.0000 1.0000 
0.8334 0.7719 1.0000 0.0000 
0.3107 0.3272 1.0000 0.0000 
0.2068 0.0664 0.0000 1.0000 
0.4397 0.7593 1.0000 0.0000 
0.2130 0.0233 1.0000 0.0000 
0.6629 0.8255 1.0000 0.0000 
0.1007 0.3030 0.0000 1.0000 
0.5951 0.7937 1.0000 0.0000 
0.7864 0.6210 0.0000 1.0000 
0.3253 0.3888 0.0000 1.0000 
0.5291 0.2898 0.0000 1.0000 
0.1159 0.6693 1.0000 0.0000 
0.7239 0.3241 0.0000 1.0000 
0.6125 0.9924 0.0000 1.0000 
0.5672 0.4089 0.0000 1.0000 
0.7726 0.4077 1.0000 0.0000 
0.7122 0.3613 0.0000 1.0000 
0.3769 0.3824 1.0000 0.0000 
0.2916 0.7693 1.0000 0.0000 
0.8138 0.3891 0.0000 1.0000 
0.0956 0.7311 1.0000 0.0000 
0.5219 0.9660 1.0000 0.0000 
0.0764 0.0678 0.0000 1.0000 
0.8573 0.3881 0.0000 1.0000 
0.1696 0.9924 1.0000 0.0000 
0.9921 0.1738 0.0000 1.0000 
0.0250 0.3272 0.0000 1.0000 
0.5457 0.5921 0.0000 1.0000 
0.2221 0.4869 1.0000 0.0000 
0.2931 0.5607 1.0000 0.0000 
0.0917 0.5028 0.0000 1.0000 
0.9992 0.3941 1.0000 0.0000 
0.8116 0.1533 0.0000 1.0000 
0.7040 0.9826 1.0000 0.0000 
0.4443 0.2461 0.0000 1.0000 
0.4897 0.9487 1.0000 0.0000 
0.7020 0.6998 0.0000 1.0000 
0.7348 0.3664 0.0000 1.0000 
0.7005 0.3121 1.0000 0.0000 
0.8236 0.6431 1.0000 0.0000 
0.3792 0.2596 1.0000 0.0000 
0.6613 0.4929 0.0000 1.0000 
0.1251 0.5154 0.0000 1.0000 
0.9786 0.4359 1.0000 0.0000 
0.5180 0.1539 0.0000 1.0000 
0.5325 0.9518 1.0000 0.0000 
0.4490 0.4414 1.0000 0.0000 
0.5962 0.7392 1.0000 0.0000 
0.9785 0.1594 1.0000 0.0000 
0.4894 0.3397 1.0000 0.0000 
0.7054 0.0001 0.0000 1.0000 
0.8817 0.5425 1.0000 0.0000 
0.9519 0.8671 1.0000 0.0000 
0.4838 0.3402 0.0000 1.0000 
0.1461 0.0180 0.0000 1.0000 
0.6646 0.6771 0.0000 1.0000 
0.1402 0.4799 0.0000 1.0000 
0.5218 0.5941 1.0000 0.0000 
0.6922 0.0558 0.0000 1.0000 
0.6643 0.0606 0.0000 1.0000 
0.8798 0.7065 1.0000 0.0000 
0.3593 0.8098 1.0000 0.0000 
0.2544 0.3181 1.0000 0.0000 
0.6599 0.2217 0.0000 1.0000 
0.0337 0.3257 0.0000 1.0000 
0.3730 0.4738 0.0000 1.0000 
0.4649 0.2363 0.0000 1.0000 
0.9565 0.4195 1.0000 0.0000 
0.7256 0.2667 0.0000 1.0000 
0.4196 0.8704 1.0000 0.0000 
0.8969 0.7442 1.0000 0.0000 
0.5405 0.4598 1.0000 0.0000 
0.3221 0.9586 1.0000 0.0000 
0.5317 0.9302 1.0000 0.0000 
0.9322 0.1292 0.0000 1.0000 
0.8316 0.7784 1.0000 0.0000 
0.9980 0.1716 0.0000 1.0000 
0.3209 0.5205 1.0000 0.0000 
0.9973 0.3950 1.0000 0.0000 
0.0468 0.7705 0.0000 1.0000 
0.9991 0.8985 1.0000 0.0000 
0.1142 0.9425 1.0000 0.0000 
0.7474 0.8699 1.0000 0.0000 
0.3493 0.2575 1.0000 0.0000 
0.5271 0.9774 1.0000 0.0000 
0.9824 0.5124 0.0000 1.0000 
0.7145 0.4259 0.0000 1.0000 
0.3301 0.0733 0.0000 1.0000 
0.4450 0.2623 0.0000 1.0000 
0.2403 0.5224 1.0000 0.0000 
0.3789 0.7460 1.0000 0.0000 
0.5774 0.3313 0.0000 1.0000 
0.8746 0.8864 1.0000 0.0000 
0.4088 0.1009 0.0000 1.0000 
0.4791 0.5612 0.0000 1.0000 
0.3951 0.8792 1.0000 0.0000 
0.2798 0.5580 1.0000 0.0000 
0.4182 0.7373 1.0000 0.0000 
0.1800 0.5468 1.0000 0.0000 
0.5407 0.4425 0.0000 1.0000 
0.2975 0.6071 1.0000 0.0000 
0.0100 0.9498 1.0000 0.0000 
0.0282 0.9976 1.0000 0.0000 
0.6256 0.5161 0.0000 1.0000 
0.0971 0.0463 0.0000 1.0000 
0.4165 0.2118 1.0000 0.0000 
0.6731 0.6440 0.0000 1.0000 
0.8698 0.7694 1.0000 0.0000 
0.8090 0.4285 0.0000 1.0000 
0.1852 0.2901 0.0000 1.0000 
0.0390 0.4735 0.0000 1.0000 
0.1348 0.9817 1.0000 0.0000 
0.5461 0.6208 1.0000 0.0000 
0.7920 0.1387 0.0000 1.0000 
0.3277 0.3045 1.0000 0.0000 
0.5162 0.9356 1.0000 0.0000 
0.6053 0.2823 0.0000 1.0000 
0.6680 0.0968 0.0000 1.0000 
0.7949 0.3415 0.0000 1.0000 
0.7074 0.9108 1.0000 0.0000 
0.2331 0.4897 1.0000 0.0000 
0.1271 0.7204 1.0000 0.0000 
0.2048 0.0823 0.0000 1.0000 
0.6400 0.8244 1.0000 0.0000 
0.9950 0.8956 1.0000 0.0000 
0.7696 0.4772 0.0000 1.0000 
0.0410 0.1152 0.0000 1.0000 
0.6956 0.3881 0.0000 1.0000 
0.2774 0.1486 0.0000 1.0000 
0.7684 0.5642 0.0000 1.0000 
0.6150 0.1295 0.0000 1.0000 
0.7185 0.3394 0.0000 1.0000 
0.2476 0.0950 0.0000 1.0000 
0.0662 0.5658 0.0000 1.0000 
0.8249 0.2115 0.0000 1.0000 
0.6981 0.3444 0.0000 1.0000 
0.9856 0.1261 0.0000 1.0000 
0.8793 0.4824 0.0000 1.0000 
0.9520 0.8163 1.0000 0.0000 
0.9848 0.8464 1.0000 0.0000 
0.3626 0.3543 1.0000 0.0000 
0.8419 0.4778 0.0000 1.0000 
0.3690 0.4299 1.0000 0.0000 
0.4319 0.2567 0.0000 1.0000 
0.4454 0.0612 0.0000 1.0000 
0.3294 0.0886 0.0000 1.0000 
0.3694 0.8752 1.0000 0.0000 
0.0040 0.7400 0.0000 1.0000 
0.9043 0.3072 0.0000 1.0000 
0.4489 0.9693 1.0000 0.0000 
0.7433 0.2956 0.0000 1.0000 
0.9106 0.5291 1.0000 0.0000 
0.4025 0.0320 0.0000 1.0000 
0.1549 0.3261 0.0000 1.0000 
0.3906 0.9587 1.0000 0.0000 
0.3765 0.0854 0.0000 1.0000 
0.7340 0.2244 0.0000 1.0000 
0.2683 0.3369 1.0000 0.0000 
0.8305 0.0108 1.0000 0.0000 
0.9909 0.4917 1.0000 0.0000 
0.5338 0.9788 1.0000 0.0000 
0.3145 0.4640 1.0000 0.0000 
0.4683 0.1266 0.0000 1.0000 
0.9997 0.1053 0.0000 1.0000 
0.1174 0.0433 0.0000 1.0000 
0.6318 0.9933 1.0000 0.0000 
0.5369 0.3298 0.0000 1.0000 
0.1820 0.9067 1.0000 0.0000 
1.0000 0.5082 1.0000 0.0000 
0.6912 0.5644 0.0000 1.0000 
0.3265 0.2875 1.0000 0.0000 
0.6594 0.3264 0.0000 1.0000 
0.7673 0.0721 0.0000 1.0000 
0.1198 0.3687 0.0000 1.0000 
0.8591 0.5977 1.0000 0.0000 
0.1030 0.8734 1.0000 0.0000 
0.9243 0.0430 0.0000 1.0000 
0.4596 0.9039 1.0000 0.0000 
0.1713 0.4120 0.0000 1.0000 
0.8184 0.6024 1.0000 0.0000 
0.3516 0.2327 1.0000 0.0000 
0.8142 0.0717 0.0000 1.0000 
0.9781 0.1230 0.0000 1.0000 
0.0298 0.3830 0.0000 1.0000 
0.0641 0.1398 0.0000 1.0000 
0.2690 0.2354 0.0000 1.0000 
0.6470 0.6131 0.0000 1.0000 
0.7425 0.3985 0.0000 1.0000 
0.4451 0.0280 0.0000 1.0000 
0.4397 0.5389 1.0000 0.0000 
0.7713 0.5458 0.0000 1.0000 
0.5354 0.6473 0.0000 1.0000 
0.5378 0.5991 0.0000 1.0000 
0.4703 0.8649 1.0000 0.0000 
0.9818 0.1875 0.0000 1.0000 
0.8795 0.2847 0.0000 1.0000 
0.6929 0.3264 0.0000 1.0000 
0.7284 0.8778 1.0000 0.0000 
0.5809 0.0766 0.0000 1.0000 
0.4020 0.4333 1.0000 0.0000 
0.4977 0.6810 1.0000 0.0000 
0.1431 0.0724 0.0000 1.0000 
0.7762 0.0986 0.0000 1.0000 
0.0454 0.8771 1.0000 0.0000 
0.4947 0.0831 0.0000 1.0000 
0.0658 0.9202 1.0000 0.0000 
0.8378 0.3082 0.0000 1.0000 
0.2614 0.5353 1.0000 0.0000 
0.8654 0.4285 1.0000 0.0000 
0.2284 0.7826 1.0000 0.0000 
0.0868 0.4590 0.0000 1.0000 
0.5199 0.9575 1.0000 0.0000 
0.9905 0.8733 1.0000 0.0000 
0.7302 0.1353 0.0000 1.0000 
0.1393 0.7570 1.0000 0.0000 
0.0661 0.6871 0.0000 1.0000 
0.3509 0.5732 1.0000 0.0000 
0.8139 0.6520 1.0000 0.0000 
0.0585 0.0048 0.0000 1.0000 
0.8224 0.4429 1.0000 0.0000 
0.3823 0.1034 0.0000 1.0000 
0.8784 0.2713 0.0000 1.0000 
0.2214 0.8651 1.0000 0.0000 
0.4828 0.4866 1.0000 0.0000 
0.9936 0.7621 1.0000 0.0000 
0.8829 0.4605 1.0000 0.0000 
0.1431 0.0501 0.0000 1.0000 
0.9016 0.0305 0.0000 1.0000 
0.2545 0.9004 1.0000 0.0000 
0.9460 0.0187 0.0000 1.0000 
0.4568 0.0284 0.0000 1.0000 
0.2936 0.9286 1.0000 0.0000 
0.3293 0.2771 1.0000 0.0000 
0.1942 0.2247 0.0000 1.0000 
0.1573 0.6115 1.0000 0.0000 
0.9183 0.1032 0.0000 1.0000 
0.5102 0.6344 1.0000 0.0000 
0.6183 0.1140 1.0000 0.0000 
0.9291 0.4090 1.0000 0.0000 
0.2183 0.8689 1.0000 0.0000 
0.1644 0.5189 1.0000 0.0000 
0.7396 0.3141 0.0000 1.0000 
0.1266 0.2030 0.0000 1.0000 
0.0364 0.7187 0.0000 1.0000 
0.0199 0.8109 1.0000 0.0000 
0.2094 0.5474 1.0000 0.0000 
0.7367 0.1727 0.0000 1.0000 
0.3798 0.9567 1.0000 0.0000 
0.0538 0.3110 0.0000 1.0000 
0.6300 0.3022 0.0000 1.0000 
0.3565 0.1009 0.0000 1.0000 
0.2939 0.7699 1.0000 0.0000 
0.7203 0.0264 0.0000 1.0000 
0.7205 0.8022 1.0000 0.0000 
0.4243 0.7412 1.0000 0.0000 
0.2147 0.7484 1.0000 0.0000 
0.1655 0.7478 0.0000 1.0000 
0.8819 0.6230 1.0000 0.0000 
0.6961 0.1739 0.0000 1.0000 
0.5987 0.3476 1.0000 0.0000 
0.1744 0.1894 0.0000 1.0000 
0.4751 0.5513 1.0000 0.0000 
0.4540 0.3178 1.0000 0.0000 
0.7652 0.0874 0.0000 1.0000 
0.3760 0.6606 1.0000 0.0000 
0.4207 0.2845 0.0000 1.0000 
0.4824 0.5566 1.0000 0.0000 
0.5680 0.1685 0.0000 1.0000 
0.6095 0.1573 0.0000 1.0000 
0.7280 0.0093 0.0000 1.0000 
0.3193 0.5617 1.0000 0.0000 
0.6622 0.1685 0.0000 1.0000 
0.1104 0.6507 0.0000 1.0000 
0.4753 0.8037 1.0000 0.0000 
0.3528 0.2394 1.0000 0.0000 
0.6914 0.5620 0.0000 1.0000 
0.4074 0.8134 1.0000 0.0000 
0.3332 0.0355 0.0000 1.0000 
0.7890 0.8331 1.0000 0.0000 
0.1230 0.6755 1.0000 0.0000 
0.3997 0.9594 1.0000 0.0000 
0.5795 0.0907 0.0000 1.0000 
0.0200 0.7908 0.0000 1.0000 
0.7725 0.4459 0.0000 1.0000 
0.7347 0.0877 0.0000 1.0000 
0.4592 0.0776 0.0000 1.0000 
0.2146 0.9456 1.0000 0.0000 
0.1172 0.0724 0.0000 1.0000 
0.1462 0.3755 0.0000 1.0000 
0.7645 0.2640 0.0000 1.0000 
0.7578 0.3907 0.0000 1.0000 
0.1731 0.7699 1.0000 0.0000 
0.2621 0.7719 1.0000 0.0000 
0.6310 0.0057 0.0000 1.0000 
0.0657 0.5659 0.0000 1.0000 
0.8155 0.4858 0.0000 1.0000 
0.0669 0.4777 0.0000 1.0000 
0.1757 0.1873 0.0000 1.0000 
0.3101 0.6530 0.0000 1.0000 
0.3739 0.3104 1.0000 0.0000 
0.9219 0.0877 0.0000 1.0000 
0.2833 0.9211 1.0000 0.0000 
0.8920 0.7760 1.0000 0.0000 
0.2354 0.3099 0.0000 1.0000 
0.9385 0.1552 0.0000 1.0000 
0.8548 0.9720 1.0000 0.0000 
0.9610 0.5729 1.0000 0.0000 
0.0880 0.8506 1.0000 0.0000 
0.4996 0.5162 1.0000 0.0000 
0.4190 0.6705 0.0000 1.0000 
0.0917 0.2999 0.0000 1.0000 
0.9194 0.2657 0.0000 1.0000 
0.1727 0.9123 1.0000 0.0000 
0.6056 0.3365 0.0000 1.0000 
0.9362 0.1319 0.0000 1.0000 
0.6964 0.5436 0.0000 1.0000 
0.2136 0.9810 1.0000 0.0000 
0.5487 0.9378 0.0000 1.0000 
0.9662 0.2149 0.0000 1.0000 
0.1171 0.4672 0.0000 1.0000 
0.3698 0.1169 0.0000 1.0000 
0.6545 0.9770 1.0000 0.0000 
0.5571 0.6261 0.0000 1.0000 
0.1814 0.4216 0.0000 1.0000 
0.8662 0.1122 0.0000 1.0000 
0.3043 0.6344 1.0000 0.0000 
0.3772 0.4246 1.0000 0.0000 
0.5839 0.6255 0.0000 1.0000 
0.4905 0.6624 1.0000 0.0000 
0.1054 0.8440 1.0000 0.0000 
0.2114 0.5562 0.0000 1.0000 
0.6333 0.8842 1.0000 0.0000 
0.0560 0.4886 0.0000 1.0000 
0.1341 0.1904 0.0000 1.0000 
0.3675 0.7581 1.0000 0.0000 
0.2145 0.0527 0.0000 1.0000 
0.1416 0.3474 1.0000 0.0000 
0.4814 0.7386 1.0000 0.0000 
0.8627 0.7476 1.0000 0.0000 
0.4937 0.4564 0.0000 1.0000 
0.7766 0.7535 1.0000 0.0000 
0.4250 0.7395 1.0000 0.0000 
0.0115 0.2981 0.0000 1.0000 
0.2475 0.9117 1.0000 0.0000 
0.5789 0.6252 0.0000 1.0000 
0.2870 0.4121 1.0000 0.0000 
0.4256 0.2480 0.0000 1.0000 
0.3634 0.5952 1.0000 0.0000 
0.6345 0.5491 0.0000 1.0000 
0.1551 0.8172 1.0000 0.0000 
0.7546 0.3650 0.0000 1.0000 
0.3558 0.4167 1.0000 0.0000 
0.5777 0.2855 0.0000 1.0000 
0.3391 0.3009 1.0000 0.0000 
0.8461 0.9721 1.0000 0.0000 
0.8898 0.5994 1.0000 0.0000 
0.4243 0.1663 0.0000 1.0000 
0.3717 0.1612 0.0000 1.0000 
0.1666 0.9927 0.0000 1.0000 
0.5298 0.9507 1.0000 0.0000 
0.4566 0.4974 1.0000 0.0000 
0.3310 0.9801 1.0000 0.0000 
0.9535 0.6562 1.0000 0.0000 
0.6137 0.0459 1.0000 0.0000 
0.4435 0.8928 1.0000 0.0000 
0.7916 0.9029 1.0000 0.0000 
0.5561 0.4191 0.0000 1.0000 
0.3299 0.6966 0.0000 1.0000 
0.1461 0.5557 0.0000 1.0000 
0.2392 0.7842 0.0000 1.0000 
0.4572 0.7458 1.0000 0.0000 
0.8339 0.0713 0.0000 1.0000 
0.9418 0.4708 1.0000 0.0000 
0.5697 0.5966 0.0000 1.0000 
0.1606 0.6777 1.0000 0.0000 
0.0276 0.6240 0.0000 1.0000 
0.6789 0.0475 0.0000 1.0000 
0.6481 0.2932 0.0000 1.0000 
0.4741 0.7275 1.0000 0.0000 
0.7529 0.8905 1.0000 0.0000 
0.7056 0.9725 0.0000 1.0000 
0.1458 0.5676 1.0000 0.0000 
0.3806 0.0562 0.0000 1.0000 
0.1638 0.7698 1.0000 0.0000 
0.0995 0.4359 1.0000 0.0000 
0.1224 0.6669 1.0000 0.0000 
0.4001 0.9978 1.0000 0.0000 
0.8959 0.5707 1.0000 0.0000 
0.1149 0.1251 0.0000 1.0000 
0.7895 0.4521 0.0000 1.0000 
0.2585 0.7985 1.0000 0.0000 
0.2851 0.3704 1.0000 0.0000 
0.8924 0.0612 0.0000 1.0000 
0.5521 0.7240 1.0000 0.0000 
0.3556 0.1474 0.0000 1.0000 
0.8798 0.6919 1.0000 0.0000 
0.9668 0.9803 1.0000 0.0000 
0.8663 0.7014 1.0000 0.0000 
0.1345 0.7670 1.0000 0.0000 
0.1527 0.3861 0.0000 1.0000 
0.2954 0.3123 1.0000 0.0000 
0.4940 0.5229 1.0000 0.0000 
0.8504 0.0016 0.0000 1.0000 
0.1266 0.1881 0.0000 1.0000 
0.8017 0.5399 0.0000 1.0000 
0.6230 0.0672 1.0000 0.0000 
0.8065 0.8756 1.0000 0.0000 
0.4474 0.5705 1.0000 0.0000 
0.5194 0.5809 1.0000 0.0000 
0.5683 0.6403 0.0000 1.0000 
0.9485 0.6759 1.0000 0.0000 
0.6299 0.8983 1.0000 0.0000 
0.0412 0.5312 0.0000 1.0000 
0.9684 0.1040 0.0000 1.0000 
0.8811 0.2330 0.0000 1.0000 
0.2259 0.1012 0.0000 1.0000 
0.2854 0.2723 1.0000 0.0000 
0.2754 0.9238 0.0000 1.0000 
0.6710 0.7834 1.0000 0.0000 
0.2177 0.3972 1.0000 0.0000 
0.0141 0.4000 0.0000 1.0000 
0.1279 0.7968 1.0000 0.0000 
0.7198 0.8412 1.0000 0.0000 
0.4087 0.1154 0.0000 1.0000 
0.6688 0.7594 0.0000 1.0000 
0.4752 0.6534 1.0000 0.0000 
0.4740 0.3005 0.0000 1.0000 
0.4835 0.7301 1.0000 0.0000 
0.2292 0.4808 1.0000 0.0000 
0.7077 0.7217 0.0000 1.0000 
0.6887 0.0105 0.0000 1.0000 
0.2984 0.8031 1.0000 0.0000 
0.8849 0.8463 1.0000 0.0000 
0.0341 0.2341 0.0000 1.0000 
0.7178 0.4122 0.0000 1.0000 
0.8455 0.1264 0.0000 1.0000 
0.2346 0.5795 1.0000 0.0000 
0.4678 0.8584 1.0000 0.0000 
0.3890 0.3791 1.0000 0.0000 
0.2041 0.4329 0.0000 1.0000 
0.0812 0.7315 1.0000 0.0000 
0.0781 0.9456 1.0000 0.0000 
0.9579 0.5676 1.0000 0.0000 
0.2777 0.4729 1.0000 0.0000 
0.0457 0.0173 0.0000 1.0000 
0.0891 0.4105 0.0000 1.0000 
0.0738 0.4520 0.0000 1.0000 
0.6024 0.4116 0.0000 1.0000 
0.8650 0.2251 0.0000 1.0000 
0.7434 0.0943 1.0000 0.0000 
0.5702 0.1653 0.0000 1.0000 
0.0695 0.6329 0.0000 1.0000 
0.0647 0.0110 0.0000 1.0000 
0.2717 0.9714 1.0000 0.0000 
0.5044 0.9484 1.0000 0.0000 
0.3873 0.3787 1.0000 0.0000 
0.8908 0.7357 0.0000 1.0000 
0.1099 0.2405 0.0000 1.0000 
0.5026 0.5535 1.0000 0.0000 
0.0087 0.4842 0.0000 1.0000 
0.1831 0.6071 1.0000 0.0000 
0.6118 0.2108 0.0000 1.0000 
0.3466 0.3681 0.0000 1.0000 
0.5217 0.8500 1.0000 0.0000 
0.4271 0.3302 0.0000 1.0000 
0.8179 0.2466 0.0000 1.0000 
0.3553 0.0319 1.0000 0.0000 
0.9255 0.7500 1.0000 0.0000 
0.6419 0.1344 0.0000 1.0000 
0.1895 0.7091 1.0000 0.0000 
0.8488 0.1437 0.0000 1.0000 
0.1292 0.3909 0.0000 1.0000 
0.9582 0.9705 0.0000 1.0000 
0.5904 0.1103 1.0000 0.0000 
0.5985 0.6664 0.0000 1.0000 
0.6165 0.5888 0.0000 1.0000 
0.6592 0.9514 1.0000 0.0000 
0.7187 0.4377 0.0000 1.0000 
0.4058 0.8125 1.0000 0.0000 
0.1983 0.6657 1.0000 0.0000 
0.0794 0.1952 1.0000 0.0000 
0.1741 0.1601 0.0000 1.0000 
0.4498 0.4409 1.0000 0.0000 
0.1824 0.9800 1.0000 0.0000 
0.1766 0.8538 1.0000 0.0000 
0.7357 0.8855 1.0000 0.0000 
0.7920 0.2622 0.0000 1.0000 
0.5725 0.5927 0.0000 1.0000 
0.9657 0.1531 0.0000 1.0000 
0.4648 0.3013 1.0000 0.0000 
0.8758 0.3319 0.0000 1.0000 
0.3410 0.0907 0.0000 1.0000 
0.5686 0.5487 0.0000 1.0000 
0.3418 0.3316 1.0000 0.0000 
0.1610 0.5531 1.0000 0.0000 
0.2685 0.0966 0.0000 1.0000 
0.0462 0.5681 0.0000 1.0000 
0.3493 0.6944 1.0000 0.0000 
0.4541 0.9205 1.0000 0.0000 
0.7028 0.9134 1.0000 0.0000 
0.0792 0.3377 0.0000 1.0000 
0.0265 0.4772 0.0000 1.0000 
0.3790 0.4511 1.0000 0.0000 
0.4019 0.5372 1.0000 0.0000 
0.8823 0.6617 0.0000 1.0000 
0.0408 0.7888 1.0000 0.0000 
0.9594 0.1685 0.0000 1.0000 
0.6889 0.4989 0.0000 1.0000 
0.0971 0.6663 0.0000 1.0000 
0.7743 0.5422 0.0000 1.0000 
0.1201 0.1480 0.0000 1.0000 
0.3457 0.7837 1.0000 0.0000 
0.4791 0.2261 0.0000 1.0000 
0.4708 0.6525 1.0000 0.0000 
0.6724 0.1516 0.0000 1.0000 
0.0669 0.5705 0.0000 1.0000 
0.3308 0.5323 1.0000 0.0000 
0.3171 0.9508 1.0000 0.0000 
0.0579 0.9210 1.0000 0.0000 
0.1585 0.1787 0.0000 1.0000 
0.6451 0.5206 0.0000 1.0000 
0.5639 0.7525 1.0000 0.0000 
0.6893 0.2791 0.0000 1.0000 
0.5824 0.4461 0.0000 1.0000 
0.7068 0.7422 0.0000 1.0000 
0.2433 0.5410 1.0000 0.0000 
0.6389 0.6315 0.0000 1.0000 
0.9217 0.8955 1.0000 0.0000 
0.4268 0.4284 1.0000 0.0000 
0.9071 0.9163 1.0000 0.0000 
0.4958 0.0391 0.0000 1.0000 
0.6003 0.6576 0.0000 1.0000 
0.9671 0.4776 1.0000 0.0000 
0.9574 0.8991 1.0000 0.0000 
0.7729 0.2189 0.0000 1.0000 
0.9391 0.0688 0.0000 1.0000 
0.8854 0.8651 1.0000 0.0000 
0.2435 0.0881 0.0000 1.0000 
0.8222 0.9300 1.0000 0.0000 
0.8844 0.0577 0.0000 1.0000 
0.6450 0.0416 0.0000 1.0000 
0.5804 0.3931 1.0000 0.0000 
0.1850 0.3456 0.0000 1.0000 
0.7624 0.8725 1.0000 0.0000 
0.2505 0.2140 0.0000 1.0000 
0.1291 0.9457 1.0000 0.0000 
0.3007 0.2476 1.0000 0.0000 
0.6038 0.7223 0.0000 1.0000 
0.2140 0.8838 1.0000 0.0000 
0.7144 0.5306 0.0000 1.0000 
0.5747 0.4673 0.0000 1.0000 
0.3925 0.6343 1.0000 0.0000 
0.2519 0.8111 1.0000 0.0000 
0.0034 0.3167 0.0000 1.0000 
0.7759 0.7481 1.0000 0.0000 
0.2717 0.0475 0.0000 1.0000 
0.1038 0.3573 0.0000 1.0000 
0.6259 0.1782 0.0000 1.0000 
0.3979 0.6736 1.0000 0.0000 
0.7361 0.1927 0.0000 1.0000 
0.9636 0.6076 1.0000 0.0000 
0.9802 0.0463 0.0000 1.0000 
0.2753 0.9162 1.0000 0.0000 
0.1372 0.9898 1.0000 0.0000 
0.8687 0.6290 1.0000 0.0000 
0.7427 0.7350 1.0000 0.0000 
0.2644 0.4929 1.0000 0.0000 
0.3734 0.3370 1.0000 0.0000 
0.3384 0.3453 1.0000 0.0000 
0.2131 0.4380 0.0000 1.0000 
0.1215 0.9991 1.0000 0.0000 
0.9494 0.2727 1.0000 0.0000 
0.7447 0.0670 0.0000 1.0000 
0.5250 0.5908 1.0000 0.0000 
0.9011 0.4570 1.0000 0.0000 
0.4627 0.5334 1.0000 0.0000 
0.6612 0.2868 0.0000 1.0000 
0.7681 0.4791 1.0000 0.0000 
0.3213 0.2437 1.0000 0.0000 
0.4947 0.3701 0.0000 1.0000 
0.0443 0.3809 0.0000 1.0000 
0.5325 0.6487 1.0000 0.0000 
0.9142 0.2759 0.0000 1.0000 
0.9793 0.2632 1.0000 0.0000 
0.5022 0.4169 0.0000 1.0000 
0.0652 0.0215 0.0000 1.0000 
0.8536 0.5759 1.0000 0.0000 
0.8681 0.4789 1.0000 0.0000 
0.9850 0.3001 1.0000 0.0000 
0.0216 0.1377 0.0000 1.0000 
0.0620 0.8438 1.0000 0.0000 
0.5339 0.7949 1.0000 0.0000 
0.0593 0.9603 1.0000 0.0000 
0.1646 0.1529 0.0000 1.0000 
0.6773 0.2806 0.0000 1.0000 
0.4918 0.2018 0.0000 1.0000 
0.2530 0.7463 1.0000 0.0000 
0.6054 0.4568 1.0000 0.0000 
0.8855 0.0871 0.0000 1.0000 
0.1283 0.5086 1.0000 0.0000 
0.6809 0.1886 0.0000 1.0000 
0.4251 0.5165 1.0000 0.0000 
0.8880 0.8999 1.0000 0.0000 
0.5350 0.8896 1.0000 0.0000 
0.8463 0.9875 1.0000 0.0000 
0.1117 0.8074 0.0000 1.0000 
0.2446 0.4314 1.0000 0.0000 
0.2599 0.0932 0.0000 1.0000 
0.4634 0.8708 1.0000 0.0000 
0.4209 0.4266 0.0000 1.0000 
0.5338 0.9175 1.0000 0.0000 
0.1244 0.0201 0.0000 1.0000 
0.9666 0.1932 0.0000 1.0000 
0.8125 0.2806 0.0000 1.0000 
0.0937 0.8905 0.0000 1.0000 
0.6654 0.8100 0.0000 1.0000 
0.2812 0.9439 1.0000 0.0000 
0.7730 0.9520 1.0000 0.0000 
0.4198 0.0424 0.0000 1.0000 
0.5956 0.1509 1.0000 0.0000 
0.2055 0.1805 0.0000 1.0000 
0.2796 0.2379 1.0000 0.0000 
0.0844 0.3068 0.0000 1.0000 
0.0268 0.5275 0.0000 1.0000 
0.4220 0.6448 1.0000 0.0000 
0.9810 0.8543 1.0000 0.0000 
0.1379 0.7903 1.0000 0.0000 
0.4086 0.1229 0.0000 1.0000 
0.4545 0.3623 0.0000 1.0000 
0.5916 0.5924 1.0000 0.0000 
0.2830 0.7138 0.0000 1.0000 
0.0593 0.3319 0.0000 1.0000 
0.9927 0.2095 1.0000 0.0000 
0.3473 0.2253 1.0000 0.0000 
0.1145 0.2234 0.0000 1.0000 
0.2592 0.1295 0.0000 1.0000 
0.9568 0.4485 1.0000 0.0000 
0.0266 0.5558 1.0000 0.0000 
0.6577 0.2646 0.0000 1.0000 
0.1177 0.6127 0.0000 1.0000 
0.1412 0.7857 1.0000 0.0000 
0.9035 0.4132 1.0000 0.0000 
0.8890 0.3015 0.0000 1.0000 
0.1339 0.5551 0.0000 1.0000 
0.3237 0.1290 0.0000 1.0000 
0.5545 0.8409 0.0000 1.0000 
0.3122 0.9504 1.0000 0.0000 
0.6478 0.6505 0.0000 1.0000 
0.9899 0.1155 0.0000 1.0000 
0.3376 0.7517 1.0000 0.0000 
0.9686 0.8538 1.0000 0.0000 
0.3578 0.4487 1.0000 0.0000 
0.2449 0.3324 1.0000 0.0000 
0.9207 0.0716 0.0000 1.0000 
0.5649 0.6711 0.0000 1.0000 
0.9631 0.0693 0.0000 1.0000 
0.5775 0.6425 0.0000 1.0000 
0.3106 0.4135 1.0000 0.0000 
0.0704 0.6877 0.0000 1.0000 
0.6226 0.4091 0.0000 1.0000 
0.3070 0.3807 1.0000 0.0000 
0.2843 0.4454 1.0000 0.0000 
0.7482 0.7312 0.0000 1.0000 
0.3693 0.2912 1.0000 0.0000 
0.5895 0.5810 0.0000 1.0000 
0.9591 0.4716 1.0000 0.0000 
0.6588 0.9696 1.0000 0.0000 
0.1358 0.7105 1.0000 0.0000 
0.2272 0.7298 1.0000 0.0000 
0.3960 0.2403 0.0000 1.0000 
0.1449 0.8254 1.0000 0.0000 
0.9482 0.2790 1.0000 0.0000 
0.4645 0.6479 1.0000 0.0000 
0.3830 0.9053 1.0000 0.0000 
0.4024 0.8144 1.0000 0.0000 
0.6210 0.5549 0.0000 1.0000 
0.9042 0.9504 1.0000 0.0000 
0.2483 0.4812 1.0000 0.0000 
0.5345 0.5143 0.0000 1.0000 
0.1848 0.8578 1.0000 0.0000 
0.6736 0.1431 0.0000 1.0000 
0.6717 0.6383 0.0000 1.0000 
0.8739 0.5498 1.0000 0.0000 
0.8199 0.5738 1.0000 0.0000 
0.1861 0.2329 0.0000 1.0000 
0.4122 0.7331 1.0000 0.0000 
0.8157 0.0754 0.0000 1.0000 
0.9109 0.2716 0.0000 1.0000 
0.4372 0.6814 1.0000 0.0000 
0.8729 0.6026 1.0000 0.0000 
0.8664 0.9043 1.0000 0.0000 
0.8814 0.6268 1.0000 0.0000 
0.7595 0.7225 1.0000 0.0000 
0.1581 0.9490 1.0000 0.0000 
0.0892 0.1358 0.0000 1.0000 
0.8716 0.3477 0.0000 1.0000 
0.6667 0.9042 1.0000 0.0000 
0.1271 0.4392 0.0000 1.0000 
0.9699 0.9214 1.0000 0.0000 
0.9207 0.2208 0.0000 1.0000 
0.6644 0.1041 0.0000 1.0000 
0.0847 0.9477 1.0000 0.0000 
0.2675 0.9702 1.0000 0.0000 
0.9550 0.2444 1.0000 0.0000 
0.4680 0.3225 0.0000 1.0000 
0.0104 0.6650 0.0000 1.0000 
0.8703 0.8118 1.0000 0.0000 
0.5824 0.7403 1.0000 0.0000 
0.9614 0.9270 1.0000 0.0000 
0.3464 0.4476 1.0000 0.0000 
0.5539 0.0570 0.0000 1.0000 
0.3066 0.8882 1.0000 0.0000 
0.3794 0.9187 1.0000 0.0000 
0.6619 0.2929 0.0000 1.0000 
0.6437 0.1211 1.0000 0.0000 
0.6215 0.7401 0.0000 1.0000 
0.0249 0.4053 0.0000 1.0000 
0.7996 0.1003 0.0000 1.0000 
0.7293 0.7437 0.0000 1.0000 
0.0400 0.1462 0.0000 1.0000 
0.0237 0.0464 1.0000 0.0000 
0.2330 0.7848 1.0000 0.0000 
0.8033 0.1345 1.0000 0.0000 
0.7208 0.0276 0.0000 1.0000 
0.6761 0.0676 0.0000 1.0000 
0.1836 0.4100 0.0000 1.0000 
0.1702 0.8340 1.0000 0.0000 
0.1443 0.4158 0.0000 1.0000 
0.0118 0.9833 1.0000 0.0000 
0.9184 0.3726 1.0000 0.0000 
0.3613 0.1813 0.0000 1.0000 
0.0116 0.3815 0.0000 1.0000 
0.5861 0.4604 0.0000 1.0000 
0.6204 0.2983 0.0000 1.0000 
0.1132 0.1931 0.0000 1.0000 
0.0906 0.7151 1.0000 0.0000 
0.7757 0.1983 0.0000 1.0000 
0.9102 0.4012 1.0000 0.0000 
0.8736 0.3700 0.0000 1.0000 
0.3963 0.5521 1.0000 0.0000 
0.2474 0.2659 0.0000 1.0000 
0.1464 0.6941 1.0000 0.0000 
0.6956 0.0570 0.0000 1.0000 
0.7737 0.0287 1.0000 0.0000 
0.7470 0.1993 0.0000 1.0000 
0.2232 0.5175 1.0000 0.0000 
0.7168 0.2451 0.0000 1.0000 
0.1843 0.7831 1.0000 0.0000 
0.0273 0.3707 0.0000 1.0000 
0.0059 0.9785 1.0000 0.0000 
0.3748 0.3550 1.0000 0.0000 
0.3277 0.2713 1.0000 0.0000 
0.6067 0.3701 0.0000 1.0000 
0.6168 0.2585 0.0000 1.0000 
0.0557 0.7272 0.0000 1.0000 
0.1335 0.2172 1.0000 0.0000 
0.6459 0.5332 0.0000 1.0000 
0.0051 0.8742 1.0000 0.0000 
0.5350 0.1284 0.0000 1.0000 
0.6563 0.3044 0.0000 1.0000 
0.5813 0.6214 0.0000 1.0000 
0.8603 0.2528 0.0000 1.0000 
0.8650 0.7903 1.0000 0.0000 
0.2430 0.5703 1.0000 0.0000 
0.6001 0.2945 0.0000 1.0000 
0.6659 0.6611 0.0000 1.0000 
0.9159 0.7305 0.0000 1.0000 
0.1165 0.6662 0.0000 1.0000 
0.3165 0.7491 1.0000 0.0000 
0.7131 0.3141 0.0000 1.0000 
0.8570 0.2628 1.0000 0.0000 
0.5336 0.1805 0.0000 1.0000 
0.8754 0.1762 0.0000 1.0000 
0.5251 0.0143 0.0000 1.0000 
0.7832 0.5760 0.0000 1.0000 
0.2188 0.5703 1.0000 0.0000 
0.4485 0.5718 1.0000 0.0000 
0.6396 0.2795 0.0000 1.0000 
0.9093 0.5867 1.0000 0.0000 
0.0080 0.9572 1.0000 0.0000 
0.5281 0.5496 0.0000 1.0000 
0.9066 0.4399 1.0000 0.0000 
0.9887 0.7742 1.0000 0.0000 
0.2748 0.6299 1.0000 0.0000 
0.0148 0.0457 0.0000 1.0000 
0.8576 0.8679 1.0000 0.0000 
0.8352 0.0132 0.0000 1.0000 
0.2840 0.0532 0.0000 1.0000 
0.8667 0.5291 0.0000 1.0000 
0.3677 0.4917 1.0000 0.0000 
0.7568 0.5352 0.0000 1.0000 
0.8198 0.8783 1.0000 0.0000 
0.0235 0.4221 0.0000 1.0000 
0.5298 0.9178 1.0000 0.0000 
0.1339 0.6361 1.0000 0.0000 
0.6326 0.0342 0.0000 1.0000 
0.3477 0.1228 0.0000 1.0000 
0.5920 0.0784 0.0000 1.0000 
0.9533 0.6392 1.0000 0.0000 
0.3764 0.1982 0.0000 1.0000 
0.2525 0.0853 0.0000 1.0000 
0.6350 0.8860 1.0000 0.0000 
0.5306 0.1748 0.0000 1.0000 
0.6064 0.9327 1.0000 0.0000 
0.3743 0.7635 1.0000 0.0000 
0.6880 0.8389 1.0000 0.0000 
0.1967 0.7729 1.0000 0.0000 
0.8482 0.2159 0.0000 1.0000 
0.0665 0.8528 1.0000 0.0000 
0.0200 0.0682 0.0000 1.0000 
0.7694 0.2608 0.0000 1.0000 
0.6607 0.7002 0.0000 1.0000 
0.1745 0.5188 1.0000 0.0000 
0.3979 0.2020 0.0000 1.0000 
0.0634 0.8499 1.0000 0.0000 
0.5018 0.2276 0.0000 1.0000 
0.2374 0.5913 0.0000 1.0000 
0.4976 0.8498 1.0000 0.0000 
0.5026 0.4383 0.0000 1.0000 
0.2803 0.3399 1.0000 0.0000 
0.0896 0.0380 0.0000 1.0000 
0.3750 0.0523 0.0000 1.0000 
0.7728 0.0035 0.0000 1.0000 
0.6637 0.1945 0.0000 1.0000 
0.2524 0.8872 1.0000 0.0000 
0.1958 0.6114 1.0000 0.0000 
0.1166 0.9009 1.0000 0.0000 
0.2923 0.9250 0.0000 1.0000 
0.7707 0.8751 1.0000 0.0000 
0.2656 0.2134 0.0000 1.0000 
0.5447 0.8420 1.0000 0.0000 
0.6851 0.8647 1.0000 0.0000 
0.2904 0.3404 1.0000 0.0000 
0.4888 0.6244 1.0000 0.0000 
0.1087 0.5811 0.0000 1.0000 
0.3438 0.0087 0.0000 1.0000 
0.1543 0.2735 0.0000 1.0000 
0.2169 0.6461 1.0000 0.0000 
0.4491 0.2231 1.0000 0.0000 
0.0276 0.4352 0.0000 1.0000 
0.2987 0.7200 1.0000 0.0000 
0.4225 0.5176 1.0000 0.0000 
0.5693 0.7315 1.0000 0.0000 
0.3433 0.4098 1.0000 0.0000 
0.7131 0.2015 0.0000 1.0000 
0.9954 0.7992 1.0000 0.0000 
0.1779 0.2426 0.0000 1.0000 
0.3418 0.6854 1.0000 0.0000 
0.9881 0.8637 1.0000 0.0000 
0.0113 0.3146 0.0000 1.0000 
0.2087 0.6257 1.0000 0.0000 
0.6808 0.6886 1.0000 0.0000 
0.1683 0.0565 1.0000 0.0000 
0.4506 0.0681 0.0000 1.0000 
0.1130 0.5823 0.0000 1.0000 
0.6265 0.3888 0.0000 1.0000 
0.9160 0.3452 1.0000 0.0000 
0.9586 0.4648 1.0000 0.0000 
0.2162 0.3363 0.0000 1.0000 
0.7134 0.7478 0.0000 1.0000 
0.2732 0.3068 1.0000 0.0000 
0.5114 0.9796 1.0000 0.0000 
0.4217 0.9486 1.0000 0.0000 
0.8099 0.1032 0.0000 1.0000 
0.9789 0.4995 1.0000 0.0000 
0.0796 0.4235 0.0000 1.0000 
0.5295 0.1488 0.0000 1.0000 
0.0765 0.3269 0.0000 1.0000 
0.0285 0.1685 0.0000 1.0000 
0.7080 0.8264 1.0000 0.0000 
0.3515 0.1236 0.0000 1.0000 
0.1001 0.4558 0.0000 1.0000 
0.1878 0.9224 1.0000 0.0000 
0.0710 0.9190 1.0000 0.0000 
0.7052 0.2765 0.0000 1.0000 
0.0757 0.0834 0.0000 1.0000 
0.5261 0.6802 0.0000 1.0000 
0.7386 0.5786 0.0000 1.0000 
0.7490 0.6289 0.0000 1.0000 
0.1470 0.9226 1.0000 0.0000 
0.2453 0.2691 0.0000 1.0000 
0.0930 0.9707 1.0000 0.0000 
0.8033 0.7002 1.0000 0.0000 
0.0730 0.7676 1.0000 0.0000 
0.8172 0.9730 1.0000 0.0000 
0.4098 0.2315 0.0000 1.0000 
0.0742 0.6775 0.0000 1.0000 
0.2573 0.0117 0.0000 1.0000 
0.0376 0.1867 0.0000 1.0000 
0.2759 0.3494 1.0000 0.0000 
0.2218 0.7144 1.0000 0.0000 
0.2361 0.6850 1.0000 0.0000 
0.3643 0.8837 1.0000 0.0000 
0.2548 0.4959 1.0000 0.0000 
0.9935 0.0407 0.0000 1.0000 
0.8594 0.0047 0.0000 1.0000 
0.5057 0.2482 0.0000 1.0000 
0.0825 0.6881 0.0000 1.0000 
0.4098 0.2817 1.0000 0.0000 
0.6620 0.1260 0.0000 1.0000 
0.8453 0.4713 1.0000 0.0000 
0.1127 0.0174 0.0000 1.0000 
0.1147 0.3999 0.0000 1.0000 
0.8694 0.6301 0.0000 1.0000 
0.6538 0.7295 0.0000 1.0000 
0.6163 0.5897 0.0000 1.0000 
0.5526 0.6761 1.0000 0.0000 
0.3369 0.6956 1.0000 0.0000 
0.7197 0.9367 0.0000 1.0000 
0.8196 0.4968 0.0000 1.0000 
0.5409 0.7152 1.0000 0.0000 
0.6122 0.5986 1.0000 0.0000 
0.8365 0.6452 1.0000 0.0000 
0.7450 0.7363 1.0000 0.0000 
0.0660 0.9892 1.0000 0.0000 
0.4017 0.2299 0.0000 1.0000 
0.6753 0.7425 0.0000 1.0000 
0.0153 0.5269 0.0000 1.0000 
0.8938 0.3454 0.0000 1.0000 
0.4131 0.6886 1.0000 0.0000 
0.7543 0.2616 0.0000 1.0000 
0.8847 0.6103 1.0000 0.0000 
0.3840 0.4935 1.0000 0.0000 
0.0289 0.4052 0.0000 1.0000 
0.1104 0.0514 0.0000 1.0000 
0.2156 0.2896 1.0000 0.0000 
0.0169 0.0198 0.0000 1.0000 
0.9284 0.6907 1.0000 0.0000 
0.0909 0.3820 0.0000 1.0000 
0.2543 0.4128 1.0000 0.0000 
0.8866 0.7096 1.0000 0.0000 
0.6993 0.5921 0.0000 1.0000 
0.8263 0.7410 1.0000 0.0000 
0.6922 0.2340 1.0000 0.0000 
0.6824 0.9514 1.0000 0.0000 
0.5784 0.7359 1.0000 0.0000 
0.0974 0.5980 0.0000 1.0000 
0.4424 0.4460 1.0000 0.0000 
0.9301 0.2427 0.0000 1.0000 
0.6454 0.8451 0.0000 1.0000 
0.9651 0.9095 1.0000 0.0000 
0.5879 0.2380 0.0000 1.0000 
0.3214 0.4571 1.0000 0.0000 
0.3572 0.6944 1.0000 0.0000 
0.4372 0.5068 1.0000 0.0000 
0.6615 0.7907 0.0000 1.0000 
0.9744 0.4288 1.0000 0.0000 
0.3191 0.8751 1.0000 0.0000 
0.0298 0.6556 0.0000 1.0000 
0.9219 0.3368 1.0000 0.0000 
0.0978 0.4302 0.0000 1.0000 
0.6021 0.3518 1.0000 0.0000 
0.0434 0.1956 0.0000 1.0000 
0.4691 0.8255 0.0000 1.0000 
0.9902 0.7947 1.0000 0.0000 
0.8510 0.2792 0.0000 1.0000 
0.3428 0.6757 1.0000 0.0000 
0.9499 0.1563 0.0000 1.0000 
0.6149 0.3325 0.0000 1.0000 
0.3753 0.3040 1.0000 0.0000 
0.4061 0.3215 1.0000 0.0000 
0.9233 0.9525 0.0000 1.0000 
0.2836 0.5791 1.0000 0.0000 
0.5624 0.8146 1.0000 0.0000 
0.6192 0.8984 0.0000 1.0000 
0.2518 0.4738 1.0000 0.0000 
0.9637 0.9262 1.0000 0.0000 
0.1506 0.6833 1.0000 0.0000 
0.3107 0.2121 1.0000 0.0000 
0.2784 0.2339 1.0000 0.0000 
0.8373 0.8195 1.0000 0.0000 
0.8201 0.3972 0.0000 1.0000 
0.8827 0.9925 1.0000 0.0000 
0.2224 0.5148 0.0000 1.0000 
0.6167 0.9317 1.0000 0.0000 
0.3302 0.5188 1.0000 0.0000 
0.0045 0.8692 0.0000 1.0000 
0.3219 0.4440 1.0000 0.0000 
0.2089 0.3114 0.0000 1.0000 
0.5574 0.7380 0.0000 1.0000 
0.4079 0.8914 1.0000 0.0000 
0.0828 0.5229 0.0000 1.0000 
0.4229 0.0978 0.0000 1.0000 
0.1756 0.7446 1.0000 0.0000 
0.1323 0.9753 1.0000 0.0000 
0.8655 0.0927 0.0000 1.0000 
0.2360 0.5409 1.0000 0.0000 
0.5012 0.7687 0.0000 1.0000 
0.5373 0.8895 1.0000 0.0000 
0.7902 0.8820 0.0000 1.0000 
0.4848 0.5863 1.0000 0.0000 
0.0901 0.6599 0.0000 1.0000 
0.4336 0.9681 1.0000 0.0000 
0.4971 0.1683 0.0000 1.0000 
0.6105 0.9489 1.0000 0.0000 
0.7919 0.1001 0.0000 1.0000 
0.3240 0.4099 0.0000 1.0000 
0.7683 0.2917 0.0000 1.0000 
0.6508 0.1668 0.0000 1.0000 
0.8121 0.3734 0.0000 1.0000 
0.1568 0.8415 1.0000 0.0000 
0.6025 0.8987 1.0000 0.0000 
0.7231 0.3239 0.0000 1.0000 
0.4396 0.9970 1.0000 0.0000 
0.6421 0.0597 0.0000 1.0000 
0.6918 0.1626 0.0000 1.0000 
0.3597 0.9507 0.0000 1.0000 
0.0058 0.5840 0.0000 1.0000 
0.3526 0.5562 1.0000 0.0000 
0.0725 0.6267 0.0000 1.0000 
0.9139 0.9517 1.0000 0.0000 
0.2331 0.5770 1.0000 0.0000 
0.1395 0.8331 1.0000 0.0000 
0.9456 0.5305 1.0000 0.0000 
0.4554 0.4824 1.0000 0.0000 
0.0494 0.6414 0.0000 1.0000 
0.7273 0.5728 0.0000 1.0000 
0.1524 0.5940 1.0000 0.0000 
0.9619 0.2294 1.0000 0.0000 
0.6854 0.1936 0.0000 1.0000 
0.3407 0.0357 0.0000 1.0000 
0.0945 0.6726 0.0000 1.0000 
0.4757 0.0523 0.0000 1.0000 
0.6615 0.5732 0.0000 1.0000 
0.0723 0.1994 0.0000 1.0000 
0.0212 0.3994 0.0000 1.0000 
0.8463 0.2464 0.0000 1.0000 
0.9765 0.8126 1.0000 0.0000 
0.0222 0.9903 1.0000 0.0000 
0.7654 0.0091 0.0000 1.0000 
0.9630 0.4821 1.0000 0.0000 
0.9687 0.7820 1.0000 0.0000 
0.2967 0.9157 0.0000 1.0000 
0.9480 0.4613 1.0000 0.0000 
0.8300 0.1565 0.0000 1.0000 
0.6436 0.0341 1.0000 0.0000 
0.2658 0.0309 0.0000 1.0000 
0.7032 0.3651 0.0000 1.0000 
0.3337 0.7951 1.0000 0.0000 
0.1668 0.3329 0.0000 1.0000 
0.5456 0.4502 0.0000 1.0000 
0.4712 0.8749 1.0000 0.0000 
0.5721 0.0493 1.0000 0.0000 
0.5271 0.3755 0.0000 1.0000 
0.8835 0.3298 0.0000 1.0000 
0.3679 0.5965 1.0000 0.0000 
0.0021 0.1775 0.0000 1.0000 
0.2834 0.0847 0.0000 1.0000 
0.8312 0.1178 0.0000 1.0000 
0.4550 0.9706 1.0000 0.0000 
0.8867 0.3500 0.0000 1.0000 
0.1272 0.8015 1.0000 0.0000 
0.8389 0.9344 1.0000 0.0000 
0.4399 0.2141 0.0000 1.0000 
0.5520 0.9676 0.0000 1.0000 
0.0535 0.7575 0.0000 1.0000 
0.9440 0.3484 1.0000 0.0000 
0.4082 0.1774 0.0000 1.0000 
0.6516 0.0932 0.0000 1.0000 
0.1431 0.8196 1.0000 0.0000 
0.7124 0.1450 1.0000 0.0000 
0.1044 0.7278 1.0000 0.0000 
0.6772 0.2004 0.0000 1.0000 
0.6101 0.9847 1.0000 0.0000 
0.4364 0.5555 1.0000 0.0000 
0.0513 0.3745 0.0000 1.0000 
0.2559 0.3135 1.0000 0.0000 
0.1612 0.7253 1.0000 0.0000 
0.2639 0.8941 1.0000 0.0000 
0.4169 0.1764 0.0000 1.0000 
0.2385 0.0781 0.0000 1.0000 
0.3534 0.7974 1.0000 0.0000 
0.2347 0.5237 1.0000 0.0000 
0.8255 0.1280 0.0000 1.0000 
0.4790 0.8788 1.0000 0.0000 
0.1247 0.6210 1.0000 0.0000 
0.5826 0.7874 1.0000 0.0000 
0.8544 0.5853 1.0000 0.0000 
0.2500 0.2510 0.0000 1.0000 
0.9329 0.7336 0.0000 1.0000 
0.3072 0.2642 1.0000 0.0000 
0.4556 0.2473 0.0000 1.0000 
0.1787 0.6952 1.0000 0.0000 
0.4541 0.6729 1.0000 0.0000 
0.8534 0.7061 1.0000 0.0000 
0.0136 0.1575 1.0000 0.0000 
0.1906 0.6670 1.0000 0.0000 
0.3005 0.6720 1.0000 0.0000 
0.5573 0.2629 0.0000 1.0000 
0.9811 0.3028 1.0000 0.0000 
0.5261 0.8175 1.0000 0.0000 
0.9848 0.0612 0.0000 1.0000 
0.2022 0.5272 1.0000 0.0000 
0.4575 0.2008 0.0000 1.0000 
0.4162 0.9508 1.0000 0.0000 
0.9568 0.7628 1.0000 0.0000 
0.4426 0.7150 0.0000 1.0000 
0.6420 0.0954 0.0000 1.0000 
0.4731 0.9089 0.0000 1.0000 
0.1273 0.5171 0.0000 1.0000 
0.6182 0.0315 0.0000 1.0000 
0.2997 0.6551 1.0000 0.0000 
0.4256 0.1669 0.0000 1.0000 
0.4135 0.3555 1.0000 0.0000 
0.8538 0.4243 1.0000 0.0000 
0.0648 0.3474 1.0000 0.0000 
0.9468 0.3125 1.0000 0.0000 
0.3391 0.2244 1.0000 0.0000 
0.2386 0.1032 0.0000 1.0000 
0.4171 0.6927 1.0000 0.0000 
0.3195 0.6505 1.0000 0.0000 
0.3199 0.6684 1.0000 0.0000 
0.5068 0.2521 0.0000 1.0000 
0.5352 0.5084 0.0000 1.0000 
0.6564 0.1291 0.0000 1.0000 
0.5215 0.2095 0.0000 1.0000 
0.0162 0.7528 0.0000 1.0000 
0.2985 0.0685 0.0000 1.0000 
0.1720 0.3890 0.0000 1.0000 
0.2003 0.0761 0.0000 1.0000 
0.3411 0.7092 1.0000 0.0000 
0.8360 0.4302 0.0000 1.0000 
0.9705 0.0757 0.0000 1.0000 
0.8348 0.2316 0.0000 1.0000 
0.2535 0.8142 0.0000 1.0000 
0.9445 0.1579 1.0000 0.0000 
0.2334 0.1658 0.0000 1.0000 
0.0284 0.9926 1.0000 0.0000 
0.0425 0.6554 0.0000 1.0000 
0.6373 0.1695 0.0000 1.0000 
0.9079 0.7797 1.0000 0.0000 
0.1045 0.8844 1.0000 0.0000 
