0.4337 0.2775 0.0000 1.0000 
0.2047 0.4525 1.0000 0.0000 
0.3935 0.0101 0.0000 1.0000 
0.3081 0.3704 1.0000 0.0000 
0.3898 0.1774 0.0000 1.0000 
0.9567 0.8172 1.0000 0.0000 
0.3134 0.3863 1.0000 0.0000 
0.3493 0.2731 1.0000 0.0000 
0.7240 0.1887 0.0000 1.0000 
0.9179 0.1323 0.0000 1.0000 
0.3514 0.8760 1.0000 0.0000 
0.3193 0.8469 1.0000 0.0000 
0.7473 0.7997 1.0000 0.0000 
0.4952 0.1330 0.0000 1.0000 
0.1871 0.6757 0.0000 1.0000 
0.6579 0.0961 0.0000 1.0000 
0.0468 0.1610 0.0000 1.0000 
0.8777 0.8709 1.0000 0.0000 
0.0153 0.3222 0.0000 1.0000 
0.7807 0.3527 0.0000 1.0000 
0.0147 0.7654 0.0000 1.0000 
0.9879 0.2681 1.0000 0.0000 
0.6634 0.9813 0.0000 1.0000 
0.2738 0.1109 0.0000 1.0000 
0.4977 0.2256 0.0000 1.0000 
0.9270 0.5468 1.0000 0.0000 
0.6515 0.3724 0.0000 1.0000 
0.8991 0.8987 1.0000 0.0000 
0.6484 0.9487 1.0000 0.0000 
0.4238 0.8861 1.0000 0.0000 
0.4710 0.6553 1.0000 0.0000 
0.1661 0.0017 0.0000 1.0000 
0.9837 0.9146 0.0000 1.0000 
0.3279 0.7467 1.0000 0.0000 
0.1266 0.3987 0.0000 1.0000 
0.0204 0.1276 0.0000 1.0000 
0.9129 0.2660 0.0000 1.0000 
0.7741 0.0957 0.0000 1.0000 
0.6976 0.5683 1.0000 0.0000 
0.8500 0.9828 1.0000 0.0000 
0.5499 0.9279 1.0000 0.0000 
0.1293 0.0961 0.0000 1.0000 
0.9895 0.1524 1.0000 0.0000 
0.8821 0.0746 0.0000 1.0000 
0.1897 0.1967 0.0000 1.0000 
0.6976 0.9598 0.0000 1.0000 
0.0889 0.2177 0.0000 1.0000 
0.5372 0.4304 0.0000 1.0000 
0.0299 0.0002 0.0000 1.0000 
0.3197 0.3866 1.0000 0.0000 
0.7546 0.2970 0.0000 1.0000 
0.0052 0.0661 0.0000 1.0000 
0.7705 0.5059 0.0000 1.0000 
0.1919 0.1794 0.0000 1.0000 
0.2325 0.0910 0.0000 1.0000 
0.9135 0.8996 1.0000 0.0000 
0.9587 0.6042 1.0000 0.0000 
0.4646 0.0798 0.0000 1.0000 
0.4286 0.8215 1.0000 0.0000 
0.2486 0.3652 1.0000 0.0000 
0.2214 0.1458 0.0000 1.0000 
0.9748 0.9677 1.0000 0.0000 
0.8571 0.1207 0.0000 1.0000 
0.4481 0.5454 1.0000 0.0000 
0.0941 0.4047 0.0000 1.0000 
0.3470 0.2499 1.0000 0.0000 
0.1390 0.9937 1.0000 0.0000 
0.7506 0.5455 1.0000 0.0000 
0.6073 0.6606 0.0000 1.0000 
0.1801 0.3461 0.0000 1.0000 
0.9025 0.7443 1.0000 0.0000 
0.9066 0.4844 1.0000 0.0000 
0.2784 0.3132 1.0000 0.0000 
0.0706 0.8361 0.0000 1.0000 
0.2299 0.0221 0.0000 1.0000 
0.3183 0.0793 1.0000 0.0000 
0.1990 0.2991 0.0000 1.0000 
0.8775 0.1042 1.0000 0.0000 
0.9244 0.8948 1.0000 0.0000 
0.0880 0.4723 0.0000 1.0000 
0.1343 0.7862 1.0000 0.0000 
0.0126 0.2278 0.0000 1.0000 
0.5026 0.2832 0.0000 1.0000 
0.9334 0.8285 1.0000 0.0000 
0.2957 0.8561 1.0000 0.0000 
0.7555 0.1299 0.0000 1.0000 
0.3412 0.9163 1.0000 0.0000 
0.0043 0.2719 0.0000 1.0000 
0.0430 0.8554 1.0000 0.0000 
0.6246 0.5376 0.0000 1.0000 
0.1537 0.6442 0.0000 1.0000 
0.4545 0.0893 1.0000 0.0000 
0.9556 0.9584 1.0000 0.0000 
0.0214 0.3310 0.0000 1.0000 
0.7809 0.8578 1.0000 0.0000 
0.1116 0.3946 0.0000 1.0000 
0.6931 0.1464 0.0000 1.0000 
0.0761 0.2992 0.0000 1.0000 
0.3803 0.6053 1.0000 0.0000 
0.8095 0.8467 1.0000 0.0000 
0.1858 0.9958 1.0000 0.0000 
0.4753 0.3220 0.0000 1.0000 
0.4861 0.1774 0.0000 1.0000 
0.0069 0.4579 0.0000 1.0000 
0.7672 0.5902 0.0000 1.0000 
0.5870 0.4102 0.0000 1.0000 
0.7520 0.1962 0.0000 1.0000 
0.4549 0.1202 0.0000 1.0000 
0.4770 0.4632 1.0000 0.0000 
0.2543 0.0355 0.0000 1.0000 
0.6163 0.4517 0.0000 1.0000 
0.4082 0.7406 1.0000 0.0000 
0.2883 0.2238 1.0000 0.0000 
0.2234 0.5749 1.0000 0.0000 
0.1384 0.1345 0.0000 1.0000 
0.4218 0.0197 0.0000 1.0000 
0.4946 0.2976 0.0000 1.0000 
0.5809 0.7847 1.0000 0.0000 
0.3902 0.6191 1.0000 0.0000 
0.0811 0.5263 0.0000 1.0000 
0.0422 0.0427 0.0000 1.0000 
0.2982 0.5849 1.0000 0.0000 
0.1201 0.4909 0.0000 1.0000 
0.1951 0.8546 0.0000 1.0000 
0.3840 0.5669 1.0000 0.0000 
0.3393 0.4126 1.0000 0.0000 
0.9623 0.7820 1.0000 0.0000 
0.7033 0.9407 0.0000 1.0000 
0.0469 0.7134 0.0000 1.0000 
0.8345 0.0204 0.0000 1.0000 
0.6475 0.5141 0.0000 1.0000 
0.3471 0.0363 0.0000 1.0000 
0.3963 0.9867 1.0000 0.0000 
0.7778 0.4600 1.0000 0.0000 
0.3164 0.5021 1.0000 0.0000 
0.1627 0.8344 1.0000 0.0000 
0.2300 0.1222 0.0000 1.0000 
0.6397 0.2195 1.0000 0.0000 
0.3600 0.3905 1.0000 0.0000 
0.0923 0.2773 1.0000 0.0000 
0.3512 0.2909 0.0000 1.0000 
0.5318 0.2574 1.0000 0.0000 
0.0664 0.0325 0.0000 1.0000 
0.4796 0.5508 1.0000 0.0000 
0.1382 0.5746 0.0000 1.0000 
0.5362 0.4633 0.0000 1.0000 
0.2212 0.9842 1.0000 0.0000 
0.3116 0.8583 1.0000 0.0000 
0.8331 0.1657 0.0000 1.0000 
0.1062 0.3861 0.0000 1.0000 
0.2318 0.3668 1.0000 0.0000 
0.3521 0.3983 0.0000 1.0000 
0.8008 0.0775 0.0000 1.0000 
0.0664 0.7222 0.0000 1.0000 
0.5572 0.5467 0.0000 1.0000 
0.3593 0.8819 1.0000 0.0000 
0.5191 0.2600 0.0000 1.0000 
0.0494 0.0491 0.0000 1.0000 
0.5299 0.2312 0.0000 1.0000 
0.5275 0.6041 1.0000 0.0000 
0.9858 0.1747 0.0000 1.0000 
0.2757 0.9621 1.0000 0.0000 
0.9100 0.1892 0.0000 1.0000 
0.6675 0.1385 0.0000 1.0000 
0.1180 0.3857 0.0000 1.0000 
0.0019 0.3387 0.0000 1.0000 
0.9138 0.2180 0.0000 1.0000 
0.5429 0.6287 1.0000 0.0000 
0.3607 0.8044 1.0000 0.0000 
0.7856 0.6712 1.0000 0.0000 
0.5898 0.2082 0.0000 1.0000 
0.5679 0.4949 0.0000 1.0000 
0.4789 0.2050 0.0000 1.0000 
0.6623 0.2393 0.0000 1.0000 
0.9832 0.3955 1.0000 0.0000 
0.0090 0.2483 0.0000 1.0000 
0.4693 0.1375 0.0000 1.0000 
0.6033 0.6780 0.0000 1.0000 
0.0170 0.5209 0.0000 1.0000 
0.6941 0.6584 0.0000 1.0000 
0.6905 0.7143 0.0000 1.0000 
0.9659 0.2792 1.0000 0.0000 
0.4547 0.4783 1.0000 0.0000 
0.4188 0.7598 1.0000 0.0000 
0.9458 0.3858 0.0000 1.0000 
0.7616 0.7128 1.0000 0.0000 
0.5134 0.3921 0.0000 1.0000 
0.5134 0.0823 0.0000 1.0000 
0.4986 0.8027 1.0000 0.0000 
0.5958 0.8035 1.0000 0.0000 
0.9171 0.8562 1.0000 0.0000 
0.2198 0.3837 1.0000 0.0000 
0.7015 0.6408 0.0000 1.0000 
0.8870 0.8994 1.0000 0.0000 
0.8868 0.9718 1.0000 0.0000 
0.4221 0.8518 1.0000 0.0000 
0.9101 0.5152 1.0000 0.0000 
0.6520 0.3901 0.0000 1.0000 
0.6536 0.4482 0.0000 1.0000 
0.5072 0.7997 1.0000 0.0000 
0.3612 0.3169 1.0000 0.0000 
0.4852 0.6135 1.0000 0.0000 
0.1857 0.7593 1.0000 0.0000 
0.9124 0.0147 0.0000 1.0000 
0.9946 0.7259 1.0000 0.0000 
0.0999 0.6349 0.0000 1.0000 
0.9737 0.2928 1.0000 0.0000 
0.1535 0.9461 1.0000 0.0000 
0.9976 0.9067 1.0000 0.0000 
0.3416 0.3434 1.0000 0.0000 
0.7391 0.6531 0.0000 1.0000 
0.9416 0.7923 1.0000 0.0000 
0.9740 0.4580 1.0000 0.0000 
0.6002 0.6016 0.0000 1.0000 
0.0142 0.2366 0.0000 1.0000 
0.7209 0.4666 0.0000 1.0000 
0.3510 0.4730 1.0000 0.0000 
0.9186 0.7428 1.0000 0.0000 
0.5204 0.4493 0.0000 1.0000 
0.8581 0.2572 0.0000 1.0000 
0.8997 0.0675 0.0000 1.0000 
0.2150 0.5502 1.0000 0.0000 
0.8457 0.5995 1.0000 0.0000 
0.0675 0.0265 0.0000 1.0000 
0.4945 0.0370 0.0000 1.0000 
0.4434 0.6147 1.0000 0.0000 
0.9101 0.2066 0.0000 1.0000 
0.5821 0.5639 0.0000 1.0000 
0.8544 0.1559 0.0000 1.0000 
0.9068 0.1746 0.0000 1.0000 
0.1260 0.0342 0.0000 1.0000 
0.7065 0.3891 0.0000 1.0000 
0.4937 0.5962 1.0000 0.0000 
0.3220 0.3546 1.0000 0.0000 
0.6848 0.4323 0.0000 1.0000 
0.8837 0.2881 0.0000 1.0000 
0.6729 0.4407 0.0000 1.0000 
0.9110 0.4040 1.0000 0.0000 
0.3884 0.3783 1.0000 0.0000 
0.2886 0.8071 1.0000 0.0000 
0.4978 0.3618 1.0000 0.0000 
0.8485 0.1438 0.0000 1.0000 
0.2560 0.3973 1.0000 0.0000 
0.3567 0.3230 1.0000 0.0000 
0.6126 0.0046 1.0000 0.0000 
0.0088 0.9306 1.0000 0.0000 
0.8402 0.9021 0.0000 1.0000 
0.1055 0.1012 0.0000 1.0000 
0.4142 0.0591 0.0000 1.0000 
0.1084 0.5636 1.0000 0.0000 
0.8703 0.7628 1.0000 0.0000 
0.0771 0.3648 0.0000 1.0000 
0.8370 0.2273 0.0000 1.0000 
0.0254 0.9923 0.0000 1.0000 
0.4625 0.8689 0.0000 1.0000 
0.7198 0.5921 0.0000 1.0000 
0.3947 0.0863 0.0000 1.0000 
0.1548 0.9624 1.0000 0.0000 
0.7373 0.4173 0.0000 1.0000 
0.1833 0.8119 1.0000 0.0000 
0.8403 0.6691 1.0000 0.0000 
0.1296 0.0661 0.0000 1.0000 
0.3606 0.6004 1.0000 0.0000 
0.8320 0.8849 1.0000 0.0000 
0.5151 0.9545 1.0000 0.0000 
0.5497 0.5683 0.0000 1.0000 
0.1103 0.3635 0.0000 1.0000 
0.7372 0.2715 0.0000 1.0000 
0.4629 0.4693 0.0000 1.0000 
0.3135 0.6370 1.0000 0.0000 
0.6378 0.7893 0.0000 1.0000 
0.4602 0.8575 1.0000 0.0000 
0.2711 0.9330 1.0000 0.0000 
0.4276 0.5511 1.0000 0.0000 
0.7563 0.7805 1.0000 0.0000 
0.0224 0.0029 0.0000 1.0000 
0.9733 0.5708 0.0000 1.0000 
0.3813 0.2701 1.0000 0.0000 
0.6674 0.0945 0.0000 1.0000 
0.9789 0.1921 0.0000 1.0000 
0.2708 0.9368 1.0000 0.0000 
0.7926 0.2603 0.0000 1.0000 
0.5129 0.5245 0.0000 1.0000 
0.9967 0.8401 0.0000 1.0000 
0.8039 0.1342 1.0000 0.0000 
0.9399 0.6944 1.0000 0.0000 
0.4180 0.3376 1.0000 0.0000 
0.9473 0.8877 1.0000 0.0000 
0.5741 0.2430 0.0000 1.0000 
0.0817 0.4066 0.0000 1.0000 
0.6415 0.6734 0.0000 1.0000 
0.5711 0.9585 1.0000 0.0000 
0.4611 0.7851 0.0000 1.0000 
0.6044 0.6702 0.0000 1.0000 
0.1703 0.6784 1.0000 0.0000 
0.6854 0.2748 0.0000 1.0000 
0.3764 0.0517 0.0000 1.0000 
0.4227 0.6206 1.0000 0.0000 
0.0256 0.9647 1.0000 0.0000 
0.4843 0.3811 0.0000 1.0000 
0.3010 0.7001 1.0000 0.0000 
0.9388 0.0037 1.0000 0.0000 
0.2013 0.6682 1.0000 0.0000 
0.1536 0.6458 1.0000 0.0000 
0.9185 0.4382 1.0000 0.0000 
0.1272 0.9389 1.0000 0.0000 
0.6194 0.7732 1.0000 0.0000 
0.7230 0.9850 1.0000 0.0000 
0.1474 0.8625 0.0000 1.0000 
0.9450 0.1617 0.0000 1.0000 
0.4253 0.4519 1.0000 0.0000 
0.7934 0.5682 0.0000 1.0000 
0.3365 0.8332 1.0000 0.0000 
0.6221 0.1965 0.0000 1.0000 
0.3268 0.3057 1.0000 0.0000 
0.4207 0.5879 1.0000 0.0000 
0.1924 0.1486 0.0000 1.0000 
0.5901 0.5440 0.0000 1.0000 
0.0676 0.3013 0.0000 1.0000 
0.8271 0.5740 1.0000 0.0000 
0.3310 0.9815 1.0000 0.0000 
0.2002 0.2216 0.0000 1.0000 
0.9081 0.2937 0.0000 1.0000 
0.7581 0.3909 0.0000 1.0000 
0.4681 0.2941 0.0000 1.0000 
0.6083 0.7663 1.0000 0.0000 
0.3343 0.4857 1.0000 0.0000 
0.0657 0.3823 0.0000 1.0000 
0.6830 0.6108 0.0000 1.0000 
0.1523 0.2255 0.0000 1.0000 
0.2318 0.9488 1.0000 0.0000 
0.7620 0.9739 1.0000 0.0000 
0.8568 0.4177 0.0000 1.0000 
0.2904 0.3042 1.0000 0.0000 
0.2928 0.4452 1.0000 0.0000 
0.0751 0.3120 0.0000 1.0000 
0.3965 0.2201 1.0000 0.0000 
0.0941 0.1978 0.0000 1.0000 
0.6204 0.7048 0.0000 1.0000 
0.8761 0.1411 0.0000 1.0000 
0.9689 0.9167 1.0000 0.0000 
0.9189 0.5383 1.0000 0.0000 
0.3681 0.9643 1.0000 0.0000 
0.1478 0.8494 1.0000 0.0000 
0.0070 0.6707 0.0000 1.0000 
0.1967 0.5325 1.0000 0.0000 
0.2097 0.6015 1.0000 0.0000 
0.5017 0.1429 0.0000 1.0000 
0.6533 0.8020 1.0000 0.0000 
0.9986 0.5620 1.0000 0.0000 
0.2922 0.4919 1.0000 0.0000 
0.4742 0.0969 0.0000 1.0000 
0.1446 0.8862 1.0000 0.0000 
0.2136 0.7445 1.0000 0.0000 
0.9775 0.5457 1.0000 0.0000 
0.8210 0.0345 0.0000 1.0000 
0.8812 0.4153 1.0000 0.0000 
0.1471 0.0566 0.0000 1.0000 
0.6949 0.9772 1.0000 0.0000 
0.6208 0.7331 0.0000 1.0000 
0.1136 0.4228 0.0000 1.0000 
0.2351 0.8034 0.0000 1.0000 
0.4447 0.3390 0.0000 1.0000 
0.5363 0.1527 1.0000 0.0000 
0.4583 0.7496 1.0000 0.0000 
0.3165 0.3091 0.0000 1.0000 
0.8805 0.7659 1.0000 0.0000 
0.5630 0.6040 0.0000 1.0000 
0.4711 0.5529 1.0000 0.0000 
0.4382 0.4471 1.0000 0.0000 
0.4643 0.7758 1.0000 0.0000 
0.8732 0.9772 1.0000 0.0000 
0.7581 0.2879 0.0000 1.0000 
0.1051 0.3514 1.0000 0.0000 
0.0931 0.4103 0.0000 1.0000 
0.3760 0.9011 1.0000 0.0000 
0.1519 0.8943 1.0000 0.0000 
0.8322 0.7534 1.0000 0.0000 
0.5366 0.8724 1.0000 0.0000 
0.6934 0.0440 0.0000 1.0000 
0.4479 0.8378 1.0000 0.0000 
0.5210 0.1925 1.0000 0.0000 
0.4525 0.1055 0.0000 1.0000 
0.5357 0.8697 1.0000 0.0000 
0.4053 0.5078 1.0000 0.0000 
0.5395 0.4826 0.0000 1.0000 
0.3715 0.0002 0.0000 1.0000 
0.0194 0.8470 1.0000 0.0000 
0.4510 0.3028 0.0000 1.0000 
0.8605 0.0675 0.0000 1.0000 
0.8192 0.1797 0.0000 1.0000 
0.5692 0.4946 0.0000 1.0000 
0.2607 0.2572 0.0000 1.0000 
0.0916 0.6041 0.0000 1.0000 
0.6998 0.5791 0.0000 1.0000 
0.5586 0.8615 1.0000 0.0000 
0.6473 0.8450 1.0000 0.0000 
0.2018 0.1631 0.0000 1.0000 
0.2963 0.0356 0.0000 1.0000 
0.6517 0.7034 0.0000 1.0000 
0.2290 0.3769 1.0000 0.0000 
0.9038 0.1169 0.0000 1.0000 
0.4710 0.8586 0.0000 1.0000 
0.1087 0.3968 0.0000 1.0000 
0.8766 0.6156 1.0000 0.0000 
0.0254 0.5797 0.0000 1.0000 
0.3801 0.4637 1.0000 0.0000 
0.0731 0.8413 1.0000 0.0000 
0.1182 0.4550 0.0000 1.0000 
0.0876 0.4402 1.0000 0.0000 
0.4598 0.6399 1.0000 0.0000 
0.0605 0.3626 0.0000 1.0000 
0.7321 0.4087 0.0000 1.0000 
0.2125 0.3181 0.0000 1.0000 
0.8118 0.2291 0.0000 1.0000 
0.2389 0.3138 1.0000 0.0000 
0.2161 0.5045 1.0000 0.0000 
0.0161 0.3364 1.0000 0.0000 
0.9999 0.0979 0.0000 1.0000 
0.0118 0.7515 0.0000 1.0000 
0.9367 0.9548 1.0000 0.0000 
0.3065 0.7918 1.0000 0.0000 
0.9948 0.0371 0.0000 1.0000 
0.8109 0.0217 0.0000 1.0000 
0.5963 0.6401 0.0000 1.0000 
0.7504 0.0252 0.0000 1.0000 
0.3182 0.4169 1.0000 0.0000 
0.4143 0.2933 0.0000 1.0000 
0.1665 0.5974 1.0000 0.0000 
0.1862 0.0176 0.0000 1.0000 
0.0695 0.7101 0.0000 1.0000 
0.4399 0.1594 0.0000 1.0000 
0.1467 0.1295 0.0000 1.0000 
0.1144 0.6623 1.0000 0.0000 
0.5618 0.6460 0.0000 1.0000 
0.0986 0.6565 0.0000 1.0000 
0.4062 0.3024 1.0000 0.0000 
0.5064 0.3355 0.0000 1.0000 
0.6620 0.0914 0.0000 1.0000 
0.1527 0.2359 0.0000 1.0000 
0.2723 0.3005 1.0000 0.0000 
0.4896 0.7613 1.0000 0.0000 
0.6020 0.2276 0.0000 1.0000 
0.9397 0.1199 0.0000 1.0000 
0.7681 0.4405 0.0000 1.0000 
0.3315 0.9832 1.0000 0.0000 
0.5785 0.1851 0.0000 1.0000 
0.2882 0.9472 1.0000 0.0000 
0.0684 0.8765 1.0000 0.0000 
0.8777 0.8634 0.0000 1.0000 
0.6865 0.4146 0.0000 1.0000 
0.6434 0.2712 0.0000 1.0000 
0.0609 0.9717 1.0000 0.0000 
0.2549 0.8864 1.0000 0.0000 
0.7295 0.4257 0.0000 1.0000 
0.8838 0.3280 1.0000 0.0000 
0.9310 0.2162 0.0000 1.0000 
0.7778 0.6586 1.0000 0.0000 
0.7658 0.4024 0.0000 1.0000 
0.6985 0.8383 0.0000 1.0000 
0.1856 0.2902 0.0000 1.0000 
0.2586 0.8701 1.0000 0.0000 
0.5342 0.7091 1.0000 0.0000 
0.3864 0.7019 1.0000 0.0000 
0.0647 0.3308 0.0000 1.0000 
0.9620 0.7694 1.0000 0.0000 
0.7539 0.1107 0.0000 1.0000 
0.2692 0.9118 1.0000 0.0000 
0.4251 0.0558 0.0000 1.0000 
0.9649 0.6628 1.0000 0.0000 
0.0347 0.2239 0.0000 1.0000 
0.2037 0.4774 1.0000 0.0000 
0.8469 0.1969 0.0000 1.0000 
0.9049 0.4754 1.0000 0.0000 
0.4890 0.8482 1.0000 0.0000 
0.2684 0.1672 0.0000 1.0000 
0.4520 0.6912 1.0000 0.0000 
0.1605 0.7595 1.0000 0.0000 
0.4567 0.4058 1.0000 0.0000 
0.3985 0.9272 1.0000 0.0000 
0.9279 0.4061 1.0000 0.0000 
0.3236 0.8362 1.0000 0.0000 
0.7176 0.9531 1.0000 0.0000 
0.0497 0.6864 0.0000 1.0000 
0.8481 0.9158 1.0000 0.0000 
0.5576 0.9425 1.0000 0.0000 
0.4090 0.4943 1.0000 0.0000 
0.4924 0.0812 0.0000 1.0000 
0.0103 0.9756 1.0000 0.0000 
0.5313 0.0809 0.0000 1.0000 
0.8794 0.1741 1.0000 0.0000 
0.0950 0.4433 0.0000 1.0000 
0.6459 0.4469 0.0000 1.0000 
0.2760 0.9892 0.0000 1.0000 
0.1075 0.0275 0.0000 1.0000 
0.1249 0.4037 0.0000 1.0000 
0.6293 0.2060 0.0000 1.0000 
0.7924 0.8665 1.0000 0.0000 
0.7276 0.9422 0.0000 1.0000 
0.8498 0.1544 0.0000 1.0000 
0.0255 0.3425 0.0000 1.0000 
0.9603 0.4427 1.0000 0.0000 
0.8636 0.8894 1.0000 0.0000 
0.7478 0.5290 0.0000 1.0000 
0.3779 0.9668 1.0000 0.0000 
0.8408 0.8067 1.0000 0.0000 
0.8968 0.0175 0.0000 1.0000 
0.6117 0.2285 0.0000 1.0000 
0.5113 0.7631 1.0000 0.0000 
0.3703 0.7378 1.0000 0.0000 
0.3960 0.6475 1.0000 0.0000 
0.8785 0.1077 0.0000 1.0000 
0.3046 0.6601 1.0000 0.0000 
0.1262 0.6666 1.0000 0.0000 
0.7878 0.7463 1.0000 0.0000 
0.2151 0.7580 1.0000 0.0000 
0.0843 0.1945 0.0000 1.0000 
0.0386 0.5991 0.0000 1.0000 
0.4441 0.2124 0.0000 1.0000 
0.2698 0.4777 1.0000 0.0000 
0.9720 0.3827 1.0000 0.0000 
0.0098 0.3463 0.0000 1.0000 
0.2633 0.9516 1.0000 0.0000 
0.4334 0.1522 0.0000 1.0000 
0.5896 0.9472 1.0000 0.0000 
0.0611 0.5697 0.0000 1.0000 
0.2935 0.2364 1.0000 0.0000 
0.6310 0.7175 0.0000 1.0000 
0.1217 0.6301 1.0000 0.0000 
0.0121 0.4941 0.0000 1.0000 
0.1795 0.8625 1.0000 0.0000 
0.3547 0.6559 1.0000 0.0000 
0.1926 0.3280 0.0000 1.0000 
0.9389 0.1051 0.0000 1.0000 
0.6194 0.5474 0.0000 1.0000 
0.4626 0.7741 1.0000 0.0000 
0.5080 0.2042 0.0000 1.0000 
0.3916 0.8945 1.0000 0.0000 
0.4096 0.7459 1.0000 0.0000 
0.0833 0.7681 0.0000 1.0000 
0.3786 0.8429 1.0000 0.0000 
0.6229 0.7805 1.0000 0.0000 
0.0029 0.3011 0.0000 1.0000 
0.6168 0.1312 0.0000 1.0000 
0.6699 0.4330 0.0000 1.0000 
0.3133 0.9475 1.0000 0.0000 
0.4190 0.4919 1.0000 0.0000 
0.6231 0.2173 0.0000 1.0000 
0.0694 0.0275 0.0000 1.0000 
0.3021 0.7472 1.0000 0.0000 
0.7254 0.9072 1.0000 0.0000 
0.2020 0.4571 1.0000 0.0000 
0.7486 0.4210 0.0000 1.0000 
0.9338 0.4894 1.0000 0.0000 
0.2775 0.8356 1.0000 0.0000 
0.6164 0.7493 0.0000 1.0000 
0.6566 0.6181 0.0000 1.0000 
0.3273 0.3484 1.0000 0.0000 
0.9190 0.9248 1.0000 0.0000 
0.8135 0.0223 0.0000 1.0000 
0.8329 0.2355 0.0000 1.0000 
0.2567 0.9858 1.0000 0.0000 
0.9160 0.7057 1.0000 0.0000 
0.4318 0.4850 1.0000 0.0000 
0.0870 0.8404 1.0000 0.0000 
0.1323 0.9422 0.0000 1.0000 
0.8561 0.4990 1.0000 0.0000 
0.7320 0.6026 0.0000 1.0000 
0.3955 0.7614 1.0000 0.0000 
0.1481 0.5371 0.0000 1.0000 
0.5717 0.5928 0.0000 1.0000 
0.6206 0.2958 1.0000 0.0000 
0.5493 0.8114 1.0000 0.0000 
0.7323 0.6044 0.0000 1.0000 
0.0980 0.4329 0.0000 1.0000 
0.6981 0.5110 0.0000 1.0000 
0.5480 0.8860 1.0000 0.0000 
0.6038 0.1208 0.0000 1.0000 
0.2066 0.4442 1.0000 0.0000 
0.5829 0.7978 1.0000 0.0000 
0.3456 0.4693 1.0000 0.0000 
0.0031 0.5990 0.0000 1.0000 
0.0720 0.9081 0.0000 1.0000 
0.3373 0.9259 1.0000 0.0000 
0.4057 0.7232 1.0000 0.0000 
0.5621 0.0639 0.0000 1.0000 
0.4790 0.6385 1.0000 0.0000 
0.5362 0.3400 0.0000 1.0000 
0.4950 0.2576 0.0000 1.0000 
0.3221 0.2337 0.0000 1.0000 
0.9080 0.3348 1.0000 0.0000 
0.8601 0.7827 1.0000 0.0000 
0.3095 0.6844 1.0000 0.0000 
0.1991 0.2099 0.0000 1.0000 
0.0558 0.8440 1.0000 0.0000 
0.6062 0.3374 0.0000 1.0000 
0.1348 0.0985 0.0000 1.0000 
0.9128 0.9564 1.0000 0.0000 
0.6133 0.3063 0.0000 1.0000 
0.7611 0.9514 1.0000 0.0000 
0.4690 0.8734 0.0000 1.0000 
0.2261 0.9977 1.0000 0.0000 
0.0057 0.6174 0.0000 1.0000 
0.2001 0.1525 0.0000 1.0000 
0.4092 0.5427 1.0000 0.0000 
0.4112 0.1269 0.0000 1.0000 
0.5604 0.5790 0.0000 1.0000 
0.0546 0.3066 0.0000 1.0000 
0.8354 0.2455 0.0000 1.0000 
0.9992 0.5540 1.0000 0.0000 
0.8496 0.2185 1.0000 0.0000 
0.0715 0.8105 1.0000 0.0000 
0.5668 0.0626 0.0000 1.0000 
0.0393 0.7901 1.0000 0.0000 
0.2437 0.2893 0.0000 1.0000 
0.8567 0.0007 0.0000 1.0000 
0.1017 0.8021 1.0000 0.0000 
0.5523 0.5525 0.0000 1.0000 
0.9389 0.8783 1.0000 0.0000 
0.1311 0.8742 1.0000 0.0000 
0.7195 0.7308 0.0000 1.0000 
0.6056 0.0545 0.0000 1.0000 
0.4487 0.7831 1.0000 0.0000 
0.2110 0.2203 0.0000 1.0000 
0.4356 0.0570 0.0000 1.0000 
0.4406 0.4366 1.0000 0.0000 
0.7365 0.7557 1.0000 0.0000 
0.9781 0.1781 0.0000 1.0000 
0.0575 0.0556 0.0000 1.0000 
0.6429 0.9126 1.0000 0.0000 
0.1605 0.4064 0.0000 1.0000 
0.0636 0.3782 0.0000 1.0000 
0.9520 0.2618 1.0000 0.0000 
0.1597 0.6877 1.0000 0.0000 
0.7943 0.0328 0.0000 1.0000 
0.6148 0.2993 0.0000 1.0000 
0.4629 0.6823 1.0000 0.0000 
0.4364 0.1141 1.0000 0.0000 
0.1031 0.7281 1.0000 0.0000 
0.0196 0.6968 0.0000 1.0000 
0.5028 0.3088 0.0000 1.0000 
0.9706 0.0866 1.0000 0.0000 
0.7757 0.7005 1.0000 0.0000 
0.9992 0.0103 0.0000 1.0000 
0.2241 0.9564 1.0000 0.0000 
0.2549 0.5164 1.0000 0.0000 
0.8975 0.6397 1.0000 0.0000 
0.9659 0.2092 0.0000 1.0000 
0.8819 0.7033 1.0000 0.0000 
0.7658 0.2457 0.0000 1.0000 
0.5049 0.7214 1.0000 0.0000 
0.5923 0.4027 0.0000 1.0000 
0.9409 0.8617 1.0000 0.0000 
0.0550 0.9952 1.0000 0.0000 
0.6196 0.1025 0.0000 1.0000 
0.4332 0.6523 1.0000 0.0000 
0.5141 0.6608 1.0000 0.0000 
0.3486 0.4684 1.0000 0.0000 
0.1038 0.4753 0.0000 1.0000 
0.1588 0.2797 0.0000 1.0000 
0.9909 0.9304 1.0000 0.0000 
0.3019 0.0226 0.0000 1.0000 
0.4854 0.2140 1.0000 0.0000 
0.4669 0.9759 1.0000 0.0000 
0.2188 0.9495 1.0000 0.0000 
0.6206 0.5365 0.0000 1.0000 
0.9238 0.9895 1.0000 0.0000 
0.3149 0.6493 0.0000 1.0000 
0.6344 0.0249 1.0000 0.0000 
0.6508 0.0959 0.0000 1.0000 
0.1101 0.6417 0.0000 1.0000 
0.8348 0.2394 0.0000 1.0000 
0.5177 0.2133 0.0000 1.0000 
0.5654 0.5674 0.0000 1.0000 
0.8967 0.4910 1.0000 0.0000 
0.0105 0.5812 0.0000 1.0000 
0.1430 0.5169 0.0000 1.0000 
0.7672 0.4274 0.0000 1.0000 
0.8509 0.1800 0.0000 1.0000 
0.8290 0.9594 1.0000 0.0000 
0.7870 0.5439 0.0000 1.0000 
0.3989 0.2340 0.0000 1.0000 
0.5854 0.7187 1.0000 0.0000 
0.5956 0.9147 1.0000 0.0000 
0.1296 0.6835 0.0000 1.0000 
0.4707 0.5399 1.0000 0.0000 
0.8361 0.7267 0.0000 1.0000 
0.1951 0.2832 0.0000 1.0000 
0.0633 0.9208 1.0000 0.0000 
0.5247 0.5265 0.0000 1.0000 
0.1016 0.4827 0.0000 1.0000 
0.6784 0.2098 0.0000 1.0000 
0.9248 0.8298 1.0000 0.0000 
0.6487 0.7168 0.0000 1.0000 
0.0858 0.4911 0.0000 1.0000 
0.1341 0.4769 0.0000 1.0000 
0.9932 0.2454 1.0000 0.0000 
0.5072 0.7027 1.0000 0.0000 
0.2858 0.9430 1.0000 0.0000 
0.6903 0.7018 0.0000 1.0000 
0.2078 0.9557 1.0000 0.0000 
0.9090 0.0289 0.0000 1.0000 
0.5319 0.1003 0.0000 1.0000 
0.3316 0.6086 0.0000 1.0000 
0.3223 0.0026 0.0000 1.0000 
0.8936 0.3990 1.0000 0.0000 
0.8587 0.4964 1.0000 0.0000 
0.6211 0.9926 1.0000 0.0000 
0.2236 0.6647 1.0000 0.0000 
0.8019 0.0001 0.0000 1.0000 
0.6112 0.2647 0.0000 1.0000 
0.1537 0.3169 0.0000 1.0000 
0.3515 0.1303 0.0000 1.0000 
0.7224 0.3194 0.0000 1.0000 
0.8182 0.1955 0.0000 1.0000 
0.8162 0.2623 0.0000 1.0000 
0.3748 0.2792 1.0000 0.0000 
0.0821 0.3919 0.0000 1.0000 
0.7739 0.5225 1.0000 0.0000 
0.7876 0.2028 0.0000 1.0000 
0.7678 0.2498 0.0000 1.0000 
0.6293 0.3153 0.0000 1.0000 
0.5722 0.4014 0.0000 1.0000 
0.2769 0.0611 0.0000 1.0000 
0.7689 0.6268 0.0000 1.0000 
0.4049 0.4557 1.0000 0.0000 
0.0683 0.7208 0.0000 1.0000 
0.3315 0.1260 0.0000 1.0000 
0.9614 0.0723 0.0000 1.0000 
0.3054 0.1711 0.0000 1.0000 
0.5889 0.8196 1.0000 0.0000 
0.6666 0.8989 1.0000 0.0000 
0.1859 0.2231 0.0000 1.0000 
0.3812 0.6120 1.0000 0.0000 
0.0040 0.0139 0.0000 1.0000 
0.8665 0.2632 0.0000 1.0000 
0.6933 0.4569 0.0000 1.0000 
0.8015 0.6511 1.0000 0.0000 
0.3745 0.1835 0.0000 1.0000 
0.6644 0.3349 0.0000 1.0000 
0.0901 0.9781 1.0000 0.0000 
0.7296 0.1891 0.0000 1.0000 
0.3920 0.9725 1.0000 0.0000 
0.7714 0.0712 0.0000 1.0000 
0.0453 0.9174 1.0000 0.0000 
0.3496 0.9767 1.0000 0.0000 
0.5810 0.3078 0.0000 1.0000 
0.8078 0.4104 0.0000 1.0000 
0.0977 0.8149 1.0000 0.0000 
0.3346 0.6274 1.0000 0.0000 
0.8078 0.5281 0.0000 1.0000 
0.6841 0.3605 0.0000 1.0000 
0.0377 0.4505 0.0000 1.0000 
0.6568 0.6409 0.0000 1.0000 
0.6112 0.7016 0.0000 1.0000 
0.9127 0.6622 1.0000 0.0000 
0.3214 0.3793 1.0000 0.0000 
0.1814 0.6697 1.0000 0.0000 
0.3432 0.2232 0.0000 1.0000 
0.6842 0.2036 0.0000 1.0000 
0.8765 0.4000 1.0000 0.0000 
0.8159 0.3538 0.0000 1.0000 
0.4166 0.6633 1.0000 0.0000 
0.2742 0.5870 1.0000 0.0000 
0.7565 0.8648 1.0000 0.0000 
0.4700 0.7988 1.0000 0.0000 
0.3870 0.8749 1.0000 0.0000 
0.6969 0.9644 1.0000 0.0000 
0.2275 0.6719 1.0000 0.0000 
0.5062 0.0661 0.0000 1.0000 
0.1788 0.9121 1.0000 0.0000 
0.6802 0.6099 0.0000 1.0000 
0.5439 0.6644 0.0000 1.0000 
0.8805 0.7886 1.0000 0.0000 
0.2983 0.7832 1.0000 0.0000 
0.9580 0.8874 1.0000 0.0000 
0.1271 0.3825 0.0000 1.0000 
0.8535 0.5433 1.0000 0.0000 
0.3307 0.1123 0.0000 1.0000 
0.1177 0.2505 0.0000 1.0000 
0.0222 0.9224 1.0000 0.0000 
0.4392 0.8909 1.0000 0.0000 
0.9409 0.0796 0.0000 1.0000 
0.7582 0.5660 1.0000 0.0000 
0.8455 0.2058 0.0000 1.0000 
0.9434 0.1364 0.0000 1.0000 
0.6418 0.0995 0.0000 1.0000 
0.2240 0.0101 0.0000 1.0000 
0.9689 0.1414 0.0000 1.0000 
0.9729 0.2256 1.0000 0.0000 
0.9761 0.6743 1.0000 0.0000 
0.9261 0.6760 1.0000 0.0000 
0.1220 0.4614 0.0000 1.0000 
0.3385 0.0365 0.0000 1.0000 
0.7375 0.4362 0.0000 1.0000 
0.5051 0.7055 1.0000 0.0000 
0.1865 0.8692 1.0000 0.0000 
0.8714 0.0437 0.0000 1.0000 
0.9185 0.9370 1.0000 0.0000 
0.8453 0.2896 0.0000 1.0000 
0.3892 0.4612 1.0000 0.0000 
0.4258 0.6984 1.0000 0.0000 
0.6769 0.1426 0.0000 1.0000 
0.2964 0.6440 1.0000 0.0000 
0.4100 0.1089 0.0000 1.0000 
0.8792 0.8923 1.0000 0.0000 
0.8609 0.8676 1.0000 0.0000 
0.8264 0.1837 0.0000 1.0000 
0.6414 0.5151 0.0000 1.0000 
0.7296 0.6951 0.0000 1.0000 
0.0192 0.0325 0.0000 1.0000 
0.2714 0.7427 1.0000 0.0000 
0.7696 0.7753 1.0000 0.0000 
0.9796 0.5946 1.0000 0.0000 
0.4471 0.5826 1.0000 0.0000 
0.3998 0.3593 0.0000 1.0000 
0.8369 0.3637 1.0000 0.0000 
0.7733 0.4231 0.0000 1.0000 
0.9043 0.4072 1.0000 0.0000 
0.6401 0.6651 0.0000 1.0000 
0.7680 0.6759 1.0000 0.0000 
0.2649 0.8476 1.0000 0.0000 
0.5076 0.3930 0.0000 1.0000 
0.9121 0.5507 1.0000 0.0000 
0.0503 0.2307 0.0000 1.0000 
0.2565 0.3019 1.0000 0.0000 
0.0607 0.5651 0.0000 1.0000 
0.1055 0.3434 0.0000 1.0000 
0.1434 0.5837 1.0000 0.0000 
0.3256 0.0006 0.0000 1.0000 
0.7925 0.3194 0.0000 1.0000 
0.7724 0.0471 0.0000 1.0000 
0.6716 0.0991 0.0000 1.0000 
0.6039 0.7230 1.0000 0.0000 
0.4337 0.6657 1.0000 0.0000 
0.0826 0.7429 1.0000 0.0000 
0.3759 0.6738 1.0000 0.0000 
0.9109 0.9920 1.0000 0.0000 
0.9445 0.0761 0.0000 1.0000 
0.2904 0.0575 0.0000 1.0000 
0.4629 0.2007 0.0000 1.0000 
0.1524 0.8723 1.0000 0.0000 
0.4542 0.8140 1.0000 0.0000 
0.8785 0.4715 1.0000 0.0000 
0.0043 0.7312 0.0000 1.0000 
0.2465 0.6858 0.0000 1.0000 
0.8651 0.2415 0.0000 1.0000 
0.3595 0.7163 1.0000 0.0000 
0.8228 0.2547 0.0000 1.0000 
0.8902 0.8197 1.0000 0.0000 
0.7475 0.9899 0.0000 1.0000 
0.7724 0.7023 1.0000 0.0000 
0.4058 0.2554 0.0000 1.0000 
0.3322 0.3311 1.0000 0.0000 
0.0121 0.0908 1.0000 0.0000 
0.7290 0.4065 0.0000 1.0000 
0.5396 0.3166 0.0000 1.0000 
0.8826 0.8269 1.0000 0.0000 
0.3106 0.7006 1.0000 0.0000 
0.8004 0.4051 0.0000 1.0000 
0.5113 0.9634 1.0000 0.0000 
0.9914 0.0860 0.0000 1.0000 
0.0861 0.5395 0.0000 1.0000 
0.7391 0.1931 0.0000 1.0000 
0.3230 0.4760 1.0000 0.0000 
0.0598 0.7964 1.0000 0.0000 
0.1326 0.4720 0.0000 1.0000 
0.2388 0.7347 1.0000 0.0000 
0.6078 0.3630 0.0000 1.0000 
0.5921 0.1191 0.0000 1.0000 
0.1716 0.3020 1.0000 0.0000 
0.3010 0.2397 1.0000 0.0000 
0.4483 0.1147 0.0000 1.0000 
0.5955 0.6646 0.0000 1.0000 
0.4547 0.6155 1.0000 0.0000 
0.4110 0.2658 0.0000 1.0000 
0.7584 0.5952 0.0000 1.0000 
0.5217 0.2513 0.0000 1.0000 
0.3878 0.8978 1.0000 0.0000 
0.6173 0.1577 0.0000 1.0000 
0.7293 0.0677 0.0000 1.0000 
0.5728 0.7837 1.0000 0.0000 
0.4752 0.6696 1.0000 0.0000 
0.3920 0.1789 0.0000 1.0000 
0.3050 0.3617 1.0000 0.0000 
0.5316 0.9935 1.0000 0.0000 
0.2764 0.5983 1.0000 0.0000 
0.8146 0.5303 0.0000 1.0000 
0.9848 0.0902 0.0000 1.0000 
0.7539 0.0279 0.0000 1.0000 
0.2450 0.7253 1.0000 0.0000 
0.9206 0.2473 0.0000 1.0000 
0.2017 0.5944 1.0000 0.0000 
0.5317 0.8079 1.0000 0.0000 
0.7068 0.2506 0.0000 1.0000 
0.2124 0.6349 0.0000 1.0000 
0.6146 0.7990 1.0000 0.0000 
0.4808 0.8093 1.0000 0.0000 
0.4131 0.0681 0.0000 1.0000 
0.6550 0.5747 0.0000 1.0000 
0.6656 0.1392 0.0000 1.0000 
0.6267 0.4840 1.0000 0.0000 
0.9075 0.9581 1.0000 0.0000 
0.9719 0.9608 1.0000 0.0000 
0.7841 0.6289 0.0000 1.0000 
0.2862 0.6962 0.0000 1.0000 
0.5384 0.7327 1.0000 0.0000 
0.0519 0.2930 0.0000 1.0000 
0.6449 0.6798 0.0000 1.0000 
0.6282 0.5823 0.0000 1.0000 
0.5953 0.3773 0.0000 1.0000 
0.6712 0.4148 0.0000 1.0000 
0.3188 0.3359 1.0000 0.0000 
0.8085 0.9027 1.0000 0.0000 
0.1984 0.9111 1.0000 0.0000 
0.8226 0.2706 0.0000 1.0000 
0.3234 0.4055 1.0000 0.0000 
0.0556 0.7559 0.0000 1.0000 
0.3434 0.9881 1.0000 0.0000 
0.5878 0.9822 1.0000 0.0000 
0.3607 0.1444 1.0000 0.0000 
0.8473 0.9041 1.0000 0.0000 
0.0047 0.8337 1.0000 0.0000 
0.2547 0.1769 0.0000 1.0000 
0.7657 0.5738 0.0000 1.0000 
0.6918 0.2024 0.0000 1.0000 
0.1380 0.9992 1.0000 0.0000 
0.0504 0.3488 0.0000 1.0000 
0.4942 0.1911 0.0000 1.0000 
0.2743 0.5619 1.0000 0.0000 
0.9719 0.3355 1.0000 0.0000 
0.8203 0.6146 1.0000 0.0000 
0.0987 0.1110 0.0000 1.0000 
0.9767 0.7616 1.0000 0.0000 
0.4211 0.6120 1.0000 0.0000 
0.0978 0.8010 1.0000 0.0000 
0.0505 0.4420 0.0000 1.0000 
0.1354 0.3820 0.0000 1.0000 
0.9718 0.8900 1.0000 0.0000 
0.4417 0.1695 0.0000 1.0000 
0.2300 0.3947 0.0000 1.0000 
0.8844 0.0189 0.0000 1.0000 
0.9984 0.6173 1.0000 0.0000 
0.4612 0.9598 1.0000 0.0000 
0.7519 0.5601 0.0000 1.0000 
0.9891 0.7993 1.0000 0.0000 
0.6810 0.5576 0.0000 1.0000 
0.2764 0.4629 1.0000 0.0000 
0.1090 0.4682 0.0000 1.0000 
0.1716 0.0499 0.0000 1.0000 
0.9040 0.5698 1.0000 0.0000 
0.7719 0.0621 0.0000 1.0000 
0.2958 0.5221 1.0000 0.0000 
0.0252 0.4056 0.0000 1.0000 
0.7727 0.6995 1.0000 0.0000 
0.7004 0.4588 0.0000 1.0000 
0.1279 0.4115 0.0000 1.0000 
0.6443 0.1987 0.0000 1.0000 
0.7149 0.5475 0.0000 1.0000 
0.9859 0.5522 1.0000 0.0000 
0.7714 0.5014 0.0000 1.0000 
0.6081 0.9803 1.0000 0.0000 
0.8139 0.5133 0.0000 1.0000 
0.3374 0.8817 1.0000 0.0000 
0.2569 0.5436 0.0000 1.0000 
0.5302 0.0214 0.0000 1.0000 
0.7271 0.8633 1.0000 0.0000 
0.9748 0.8989 1.0000 0.0000 
0.6252 0.7763 0.0000 1.0000 
0.1275 0.0830 1.0000 0.0000 
0.1165 0.3103 0.0000 1.0000 
0.8070 0.2508 0.0000 1.0000 
0.5920 0.4688 0.0000 1.0000 
0.7404 0.3880 0.0000 1.0000 
0.3888 0.5857 0.0000 1.0000 
0.2794 0.1291 0.0000 1.0000 
0.5402 0.6129 1.0000 0.0000 
0.4964 0.4374 1.0000 0.0000 
0.1626 0.6946 1.0000 0.0000 
0.1916 0.1204 0.0000 1.0000 
0.9932 0.3261 1.0000 0.0000 
0.2444 0.5470 1.0000 0.0000 
0.5185 0.7591 1.0000 0.0000 
0.1801 0.8115 1.0000 0.0000 
0.3060 0.6498 1.0000 0.0000 
0.9547 0.7728 1.0000 0.0000 
0.8520 0.0376 0.0000 1.0000 
0.7580 0.6035 0.0000 1.0000 
0.8494 0.7929 1.0000 0.0000 
0.1938 0.0189 0.0000 1.0000 
0.3564 0.8847 1.0000 0.0000 
0.8157 0.5731 1.0000 0.0000 
0.0903 0.9483 1.0000 0.0000 
0.3417 0.2504 1.0000 0.0000 
0.1510 0.4817 0.0000 1.0000 
0.7585 0.9920 1.0000 0.0000 
0.0944 0.3743 0.0000 1.0000 
0.2458 0.5159 1.0000 0.0000 
0.1790 0.5956 1.0000 0.0000 
0.1537 0.0840 0.0000 1.0000 
0.1888 0.0951 0.0000 1.0000 
0.2331 0.1141 0.0000 1.0000 
0.6460 0.2627 0.0000 1.0000 
0.8960 0.1320 0.0000 1.0000 
0.3065 0.6463 1.0000 0.0000 
0.7518 0.8790 1.0000 0.0000 
0.1543 0.9240 1.0000 0.0000 
0.5400 0.0825 0.0000 1.0000 
0.5065 0.9154 1.0000 0.0000 
0.0169 0.6491 0.0000 1.0000 
0.1966 0.1749 0.0000 1.0000 
0.4324 0.7634 1.0000 0.0000 
0.4859 0.8380 0.0000 1.0000 
0.7739 0.1412 0.0000 1.0000 
0.0181 0.1112 0.0000 1.0000 
0.8281 0.9460 1.0000 0.0000 
0.3859 0.8747 1.0000 0.0000 
0.1642 0.3278 1.0000 0.0000 
0.5243 0.2080 0.0000 1.0000 
0.1349 0.5049 0.0000 1.0000 
0.7347 0.6926 0.0000 1.0000 
0.1938 0.8325 1.0000 0.0000 
0.4435 0.0017 0.0000 1.0000 
0.8924 0.2671 0.0000 1.0000 
0.3940 0.1641 0.0000 1.0000 
0.6108 0.2778 0.0000 1.0000 
0.7839 0.9905 1.0000 0.0000 
0.7846 0.5322 0.0000 1.0000 
0.5373 0.0512 0.0000 1.0000 
0.9758 0.9459 1.0000 0.0000 
0.0315 0.8685 1.0000 0.0000 
0.5330 0.3017 0.0000 1.0000 
0.5646 0.9828 1.0000 0.0000 
0.7602 0.4416 0.0000 1.0000 
0.7143 0.6629 0.0000 1.0000 
0.8946 0.1696 0.0000 1.0000 
0.5921 0.8013 1.0000 0.0000 
0.1604 0.2637 1.0000 0.0000 
0.1699 0.6626 1.0000 0.0000 
0.0763 0.6236 0.0000 1.0000 
0.6514 0.0722 0.0000 1.0000 
0.3767 0.9941 1.0000 0.0000 
0.8884 0.0579 0.0000 1.0000 
0.8984 0.2492 0.0000 1.0000 
0.4929 0.6112 0.0000 1.0000 
0.0533 0.0260 0.0000 1.0000 
0.2121 0.1326 0.0000 1.0000 
0.5193 0.8571 1.0000 0.0000 
0.7730 0.5211 0.0000 1.0000 
0.1377 0.4403 0.0000 1.0000 
0.5643 0.1110 0.0000 1.0000 
0.5050 0.9137 0.0000 1.0000 
0.9754 0.5015 1.0000 0.0000 
0.4489 0.3478 0.0000 1.0000 
0.9873 0.5588 1.0000 0.0000 
0.1485 0.9279 1.0000 0.0000 
0.5408 0.3546 1.0000 0.0000 
0.2013 0.6405 1.0000 0.0000 
0.8221 0.3083 0.0000 1.0000 
0.4798 0.5523 1.0000 0.0000 
0.4161 0.4896 1.0000 0.0000 
0.1737 0.1890 0.0000 1.0000 
0.6722 0.5526 1.0000 0.0000 
0.1449 0.2476 0.0000 1.0000 
0.2179 0.8253 1.0000 0.0000 
0.2067 0.6985 1.0000 0.0000 
0.0097 0.0854 0.0000 1.0000 
0.8617 0.8945 1.0000 0.0000 
0.6274 0.2485 0.0000 1.0000 
0.4875 0.3090 0.0000 1.0000 
0.1407 0.6064 1.0000 0.0000 
0.0685 0.4226 0.0000 1.0000 
0.1896 0.9367 1.0000 0.0000 
0.3668 0.8501 1.0000 0.0000 
0.2963 0.6414 1.0000 0.0000 
0.8400 0.2160 0.0000 1.0000 
0.7472 0.5993 0.0000 1.0000 
0.9612 0.6570 1.0000 0.0000 
0.0222 0.2961 0.0000 1.0000 
0.2094 0.0369 0.0000 1.0000 
0.4058 0.0707 1.0000 0.0000 
0.7132 0.6684 0.0000 1.0000 
0.6660 0.0704 0.0000 1.0000 
0.0591 0.3215 0.0000 1.0000 
0.6594 0.2414 0.0000 1.0000 
0.5466 0.8890 1.0000 0.0000 
0.6683 0.5901 0.0000 1.0000 
0.2189 0.9207 1.0000 0.0000 
0.4328 0.2075 0.0000 1.0000 
0.9531 0.4193 1.0000 0.0000 
0.0194 0.5958 0.0000 1.0000 
0.4043 0.1683 0.0000 1.0000 
0.8895 0.6680 1.0000 0.0000 
0.5360 0.1165 0.0000 1.0000 
0.7566 0.9213 1.0000 0.0000 
0.5429 0.4624 0.0000 1.0000 
0.2597 0.5893 1.0000 0.0000 
0.9116 0.2249 0.0000 1.0000 
0.3494 0.6869 1.0000 0.0000 
0.2907 0.5981 1.0000 0.0000 
0.1011 0.5074 0.0000 1.0000 
0.8771 0.4390 1.0000 0.0000 
0.5813 0.0812 0.0000 1.0000 
0.3345 0.8432 0.0000 1.0000 
0.0580 0.2962 0.0000 1.0000 
0.4117 0.6943 1.0000 0.0000 
0.1421 0.4184 0.0000 1.0000 
0.8047 0.6804 0.0000 1.0000 
0.1834 0.4892 1.0000 0.0000 
0.0340 0.2649 0.0000 1.0000 
0.6923 0.8517 1.0000 0.0000 
0.0468 0.7233 1.0000 0.0000 
0.5349 0.1270 0.0000 1.0000 
0.4913 0.5825 1.0000 0.0000 
0.8889 0.9245 1.0000 0.0000 
0.7107 0.9418 1.0000 0.0000 
0.2441 0.5360 1.0000 0.0000 
0.0148 0.7291 0.0000 1.0000 
0.7650 0.8041 1.0000 0.0000 
0.9073 0.6484 0.0000 1.0000 
0.4290 0.7505 1.0000 0.0000 
0.0584 0.7385 0.0000 1.0000 
0.0581 0.9269 1.0000 0.0000 
0.3162 0.8444 1.0000 0.0000 
0.5033 0.7205 1.0000 0.0000 
0.4896 0.9737 1.0000 0.0000 
0.9553 0.4402 1.0000 0.0000 
0.2102 0.5416 1.0000 0.0000 
0.8117 0.7255 1.0000 0.0000 
0.9329 0.6551 1.0000 0.0000 
0.1674 0.7545 1.0000 0.0000 
0.7961 0.0547 0.0000 1.0000 
0.4518 0.0435 0.0000 1.0000 
0.4669 0.0192 0.0000 1.0000 
0.9931 0.4465 1.0000 0.0000 
0.4903 0.4789 1.0000 0.0000 
0.1704 0.1246 0.0000 1.0000 
0.4889 0.9152 1.0000 0.0000 
0.5761 0.8784 1.0000 0.0000 
0.0658 0.3346 0.0000 1.0000 
0.2051 0.2543 0.0000 1.0000 
0.6699 0.1463 0.0000 1.0000 
0.7755 0.8322 0.0000 1.0000 
0.0850 0.7111 1.0000 0.0000 
0.2071 0.4494 1.0000 0.0000 
0.5478 0.9082 1.0000 0.0000 
0.0386 0.1043 0.0000 1.0000 
0.3100 0.9081 1.0000 0.0000 
0.0382 0.3846 0.0000 1.0000 
0.4402 0.9652 1.0000 0.0000 
0.9189 0.0910 1.0000 0.0000 
0.8414 0.9712 0.0000 1.0000 
0.5460 0.1308 0.0000 1.0000 
0.6568 0.8717 1.0000 0.0000 
0.2115 0.4277 1.0000 0.0000 
0.7937 0.0038 0.0000 1.0000 
0.8142 0.6984 1.0000 0.0000 
0.2501 0.3282 1.0000 0.0000 
0.6602 0.8357 1.0000 0.0000 
0.3187 0.6646 1.0000 0.0000 
0.4233 0.0300 0.0000 1.0000 
0.1137 0.1155 0.0000 1.0000 
0.0927 0.1173 1.0000 0.0000 
0.2714 0.2923 1.0000 0.0000 
0.8276 0.0680 1.0000 0.0000 
0.7897 0.3207 0.0000 1.0000 
0.7189 0.5540 0.0000 1.0000 
0.0230 0.8958 1.0000 0.0000 
0.1543 0.3995 0.0000 1.0000 
0.9307 0.4839 1.0000 0.0000 
0.9529 0.3056 1.0000 0.0000 
0.5012 0.0055 0.0000 1.0000 
0.6301 0.5138 0.0000 1.0000 
0.6881 0.6252 0.0000 1.0000 
0.4483 0.0684 0.0000 1.0000 
0.4443 0.0877 0.0000 1.0000 
0.2403 0.7656 1.0000 0.0000 
0.8870 0.2323 1.0000 0.0000 
0.8710 0.1006 0.0000 1.0000 
0.7741 0.7362 1.0000 0.0000 
0.8175 0.0438 0.0000 1.0000 
0.8066 0.7591 1.0000 0.0000 
0.9020 0.8890 1.0000 0.0000 
0.1018 0.0071 0.0000 1.0000 
0.6417 0.2339 0.0000 1.0000 
0.2388 0.6077 1.0000 0.0000 
0.6828 0.3906 0.0000 1.0000 
0.9059 0.8374 1.0000 0.0000 
0.0300 0.6768 0.0000 1.0000 
0.1399 0.2316 1.0000 0.0000 
0.6464 0.9881 1.0000 0.0000 
0.4105 0.3368 1.0000 0.0000 
0.9185 0.9230 1.0000 0.0000 
0.6400 0.0730 0.0000 1.0000 
0.4742 0.8730 1.0000 0.0000 
0.9466 0.0108 0.0000 1.0000 
0.2870 0.1411 1.0000 0.0000 
0.4498 0.0443 1.0000 0.0000 
0.6712 0.5532 0.0000 1.0000 
0.4604 0.6315 1.0000 0.0000 
0.0868 0.9873 1.0000 0.0000 
0.0792 0.0111 0.0000 1.0000 
0.2828 0.7286 1.0000 0.0000 
0.8235 0.6495 1.0000 0.0000 
0.9779 0.0080 1.0000 0.0000 
0.4749 0.5820 1.0000 0.0000 
0.9232 0.7222 1.0000 0.0000 
0.0919 0.0667 0.0000 1.0000 
0.9628 0.2157 0.0000 1.0000 
0.1392 0.0963 0.0000 1.0000 
0.1820 0.1225 0.0000 1.0000 
0.9946 0.8722 1.0000 0.0000 
0.6463 0.6448 0.0000 1.0000 
0.7395 0.3551 0.0000 1.0000 
0.3197 0.6424 1.0000 0.0000 
0.8341 0.9839 1.0000 0.0000 
0.8227 0.8637 1.0000 0.0000 
0.9843 0.8904 1.0000 0.0000 
0.1322 0.2834 0.0000 1.0000 
0.5502 0.1875 0.0000 1.0000 
0.8355 0.9690 0.0000 1.0000 
0.4150 0.1565 0.0000 1.0000 
0.5714 0.5023 0.0000 1.0000 
0.7867 0.3201 0.0000 1.0000 
0.6568 0.3203 1.0000 0.0000 
0.0641 0.8900 1.0000 0.0000 
0.8124 0.7300 1.0000 0.0000 
0.6078 0.6561 0.0000 1.0000 
0.0291 0.3764 0.0000 1.0000 
0.1235 0.8764 1.0000 0.0000 
0.5514 0.1873 0.0000 1.0000 
0.2562 0.1559 0.0000 1.0000 
0.1040 0.6465 1.0000 0.0000 
0.3128 0.8995 1.0000 0.0000 
0.1142 0.5658 0.0000 1.0000 
0.9504 0.4416 1.0000 0.0000 
0.1374 0.9907 1.0000 0.0000 
0.1064 0.3069 0.0000 1.0000 
0.3661 0.6223 1.0000 0.0000 
0.0779 0.4004 0.0000 1.0000 
0.2805 0.8878 1.0000 0.0000 
0.4017 0.3796 1.0000 0.0000 
0.7455 0.8373 1.0000 0.0000 
0.2951 0.9806 1.0000 0.0000 
0.4122 0.1574 0.0000 1.0000 
0.6484 0.8519 0.0000 1.0000 
0.6904 0.5217 0.0000 1.0000 
0.0965 0.7815 1.0000 0.0000 
0.2149 0.9254 1.0000 0.0000 
0.6831 0.1324 0.0000 1.0000 
0.3852 0.0875 0.0000 1.0000 
0.6293 0.4548 0.0000 1.0000 
0.1066 0.4237 0.0000 1.0000 
0.9047 0.0206 0.0000 1.0000 
0.4098 0.7122 1.0000 0.0000 
0.6296 0.8196 1.0000 0.0000 
0.1556 0.6594 1.0000 0.0000 
0.6610 0.2694 0.0000 1.0000 
0.7042 0.4141 1.0000 0.0000 
0.4720 0.0649 0.0000 1.0000 
0.3277 0.1777 0.0000 1.0000 
0.1357 0.1036 0.0000 1.0000 
0.1957 0.8795 1.0000 0.0000 
0.4454 0.2228 0.0000 1.0000 
0.8443 0.6626 1.0000 0.0000 
0.3883 0.3117 1.0000 0.0000 
0.5745 0.4445 0.0000 1.0000 
0.1428 0.5846 1.0000 0.0000 
0.5092 0.1892 0.0000 1.0000 
0.8280 0.7832 1.0000 0.0000 
0.9626 0.1944 0.0000 1.0000 
0.5068 0.3856 1.0000 0.0000 
0.5532 0.0184 0.0000 1.0000 
0.0752 0.6882 0.0000 1.0000 
0.5711 0.8177 1.0000 0.0000 
0.4598 0.4621 1.0000 0.0000 
0.6317 0.7443 0.0000 1.0000 
0.1522 0.9034 1.0000 0.0000 
0.0448 0.5906 1.0000 0.0000 
0.1957 0.5453 1.0000 0.0000 
0.5949 0.6830 0.0000 1.0000 
0.0671 0.0468 0.0000 1.0000 
0.0007 0.3970 0.0000 1.0000 
0.7943 0.1599 0.0000 1.0000 
0.5654 0.6993 1.0000 0.0000 
0.3117 0.0641 0.0000 1.0000 
0.7628 0.6833 0.0000 1.0000 
0.8266 0.0798 0.0000 1.0000 
0.4941 0.9097 1.0000 0.0000 
0.8201 0.4274 0.0000 1.0000 
0.4165 0.8022 0.0000 1.0000 
0.8285 0.2623 0.0000 1.0000 
0.5281 0.0179 0.0000 1.0000 
0.4090 0.9251 1.0000 0.0000 
0.8245 0.7808 1.0000 0.0000 
0.1361 0.0164 0.0000 1.0000 
0.9925 0.6178 1.0000 0.0000 
0.8882 0.4627 1.0000 0.0000 
0.3191 0.3182 1.0000 0.0000 
0.2380 0.3653 1.0000 0.0000 
0.3702 0.6419 1.0000 0.0000 
0.4974 0.6920 1.0000 0.0000 
0.2029 0.8551 1.0000 0.0000 
0.7957 0.2862 0.0000 1.0000 
0.8156 0.4089 0.0000 1.0000 
0.8558 0.2692 0.0000 1.0000 
0.6888 0.8687 1.0000 0.0000 
0.4989 0.9068 1.0000 0.0000 
0.8710 0.9697 0.0000 1.0000 
0.1115 0.8322 1.0000 0.0000 
0.2957 0.1453 0.0000 1.0000 
0.2703 0.5717 1.0000 0.0000 
0.7450 0.6820 0.0000 1.0000 
0.9556 0.9137 1.0000 0.0000 
0.1257 0.7483 1.0000 0.0000 
0.8945 0.3089 0.0000 1.0000 
0.7115 0.7229 0.0000 1.0000 
0.9030 0.3265 1.0000 0.0000 
0.7748 0.8488 1.0000 0.0000 
0.1868 0.9917 1.0000 0.0000 
0.8033 0.7999 1.0000 0.0000 
0.5756 0.6568 0.0000 1.0000 
0.8622 0.6467 1.0000 0.0000 
0.2641 0.6384 1.0000 0.0000 
0.0639 0.5001 0.0000 1.0000 
0.8656 0.5031 1.0000 0.0000 
0.6628 0.0189 0.0000 1.0000 
0.1071 0.0422 0.0000 1.0000 
0.5328 0.9150 1.0000 0.0000 
0.9184 0.1159 0.0000 1.0000 
0.1927 0.8438 1.0000 0.0000 
0.9057 0.8601 1.0000 0.0000 
0.4074 0.8323 1.0000 0.0000 
