1 0 0 0.842306025275338 0.157693974724663 0
1 0 0 0.741108970074983 0.258891029925017 0
1 0 0 0.666208127901202 0.333791872098798 0
0 1 1 0.126747722101071 0.873252277898929 1
0 1 1 0.661567781881691 0.338432218118309 0
0 1 1 0.173929938449827 0.826070061550173 1
1 0 0 0.891505119388584 0.108494880611416 0
0 1 1 0.151705228315384 0.848294771684616 1
1 0 0 0.862453049799347 0.137546950200653 0
1 0 0 0.900407959223693 0.0995920407763068 0
1 0 0 0.739444478087062 0.260555521912938 0
0 1 1 0.121685212291955 0.878314787708046 1
0 1 1 0.130984526655754 0.869015473344246 1
1 0 0 0.236065910559104 0.763934089440896 1
0 1 1 0.115951204879256 0.884048795120744 1
0 1 1 0.128828146563205 0.871171853436795 1
0 1 1 0.0771721120241498 0.92282788797585 1
0 1 1 0.239438094091416 0.760561905908584 1
1 0 0 0.422732434019115 0.577267565980885 1
1 0 0 0.407363137457265 0.592636862542735 1
1 0 0 0.648233521602141 0.351766478397859 0
1 0 0 0.555219027157666 0.444780972842334 0
0 1 1 0.155470529336732 0.844529470663268 1
0 1 1 0.139492009553085 0.860507990446915 1
1 0 0 0.861621878264776 0.138378121735224 0
1 0 0 0.826250425496923 0.173749574503077 0
0 1 1 0.225545762062081 0.774454237937919 1
1 0 0 0.469486696804047 0.530513303195953 1
1 0 0 0.752039546244353 0.247960453755647 0
0 1 1 0.319300266070757 0.680699733929243 1
0 1 1 0.512336920025661 0.487663079974339 0
0 1 1 0.266734724908104 0.733265275091896 1
1 0 0 0.910411438019619 0.0895885619803807 0
1 0 0 0.785140748789751 0.214859251210249 0
0 1 1 0.117818198849916 0.882181801150084 1
1 0 0 0.63960675413607 0.36039324586393 0
1 0 0 0.415908860555422 0.584091139444578 1
1 0 0 0.654860622010046 0.345139377989954 0
0 1 1 0.205696921973304 0.794303078026696 1
0 1 1 0.596124234679427 0.403875765320573 0
1 0 0 0.856358821005193 0.143641178994807 0
1 0 0 0.451062654995303 0.548937345004697 1
0 1 1 0.167335421651571 0.832664578348429 1
0 1 1 0.135162242960889 0.864837757039111 1
1 0 0 0.900445241274665 0.0995547587253354 0
0 1 1 0.22821690309427 0.77178309690573 1
0 1 1 0.275000788021587 0.724999211978413 1
0 1 1 0.643703321487734 0.356296678512266 0
1 0 0 0.699636251147117 0.300363748852883 0
0 1 1 0.643830467214639 0.356169532785361 0
1 0 0 0.887940731627669 0.112059268372331 0
1 0 0 0.780833990546288 0.219166009453712 0
1 0 0 0.669040938276055 0.330959061723945 0
1 0 0 0.825663776286573 0.174336223713427 0
1 0 0 0.735430177557593 0.264569822442408 0
1 0 0 0.527618851715313 0.472381148284687 0
1 0 0 0.252900459362608 0.747099540637392 1
0 1 1 0.098819165023642 0.901180834976358 1
1 0 0 0.888172206860416 0.111827793139584 0
1 0 0 0.750693232672326 0.249306767327674 0
1 0 0 0.886266365663859 0.113733634336141 0
1 0 0 0.932342900345822 0.0676570996541782 0
1 0 0 0.86339972651929 0.13660027348071 0
0 1 1 0.195615601398937 0.804384398601063 1
0 1 1 0.173805787138326 0.826194212861674 1
1 0 0 0.822926502026375 0.177073497973625 0
1 0 0 0.730807666769428 0.269192333230572 0
1 0 0 0.664628362665653 0.335371637334347 0
0 1 1 0.495749558295829 0.504250441704171 1
0 1 1 0.260094657722251 0.739905342277749 1
1 0 0 0.889110129364047 0.110889870635953 0
1 0 0 0.77461911355651 0.22538088644349 0
0 1 1 0.611993918064348 0.388006081935652 0
0 1 1 0.170248042553578 0.829751957446422 1
1 0 0 0.309073313028344 0.690926686971656 1
0 1 1 0.0984334993034828 0.901566500696517 1
0 1 1 0.561277705661279 0.438722294338721 0
0 1 1 0.341903442523059 0.658096557476941 1
1 0 0 0.273292662377534 0.726707337622466 1
1 0 0 0.676614252811129 0.323385747188871 0
0 1 1 0.484924871412074 0.515075128587926 1
0 1 1 0.138030759304354 0.861969240695646 1
1 0 0 0.438640501348197 0.561359498651803 1
0 1 1 0.275618194842959 0.724381805157041 1
1 0 0 0.709951241219679 0.290048758780321 0
0 1 1 0.0979516607670567 0.902048339232943 1
1 0 0 0.92653598994266 0.0734640100573398 0
1 0 0 0.832612873969959 0.167387126030041 0
1 0 0 0.598369061896636 0.401630938103364 0
0 1 1 0.145824397769964 0.854175602230036 1
1 0 0 0.723981645082557 0.276018354917443 0
1 0 0 0.856045659273306 0.143954340726694 0
1 0 0 0.881213097058663 0.118786902941338 0
1 0 0 0.907943348413745 0.0920566515862546 0
1 0 0 0.91107916519426 0.0889208348057398 0
0 1 1 0.138947735377933 0.861052264622067 1
0 1 1 0.33068882027111 0.66931117972889 1
1 0 0 0.88870524336133 0.11129475663867 0
1 0 0 0.90961362686497 0.0903863731350295 0
0 1 1 0.129615643111142 0.870384356888858 1
1 0 0 0.51893426840936 0.48106573159064 0
1 0 0 0.868457403011664 0.131542596988336 0
0 1 1 0.0974865137475404 0.90251348625246 1
0 1 1 0.914033166873657 0.0859668331263426 0
0 1 1 0.115868104094156 0.884131895905844 1
1 0 0 0.449568515677973 0.550431484322027 1
1 0 0 0.641049022571555 0.358950977428445 0
1 0 0 0.528813564169982 0.471186435830018 0
1 0 0 0.759312010860815 0.240687989139185 0
0 1 1 0.532596082044128 0.467403917955872 0
1 0 0 0.537049666184937 0.462950333815063 0
1 0 0 0.915689642271405 0.084310357728595 0
1 0 0 0.50759283206155 0.49240716793845 0
1 0 0 0.818834341293608 0.181165658706392 0
1 0 0 0.859199827910454 0.140800172089546 0
1 0 0 0.597373624871103 0.402626375128897 0
1 0 0 0.212018575598692 0.787981424401308 1
1 0 0 0.847039856645933 0.152960143354068 0
0 1 1 0.268596526104128 0.731403473895872 1
0 1 1 0.19022161894369 0.80977838105631 1
1 0 0 0.578331708788783 0.421668291211217 0
0 1 1 0.436075312492123 0.563924687507877 1
0 1 1 0.367901218761163 0.632098781238837 1
1 0 0 0.869323453390283 0.130676546609717 0
1 0 0 0.915232808620369 0.0847671913796313 0
1 0 0 0.553413228801713 0.446586771198287 0
1 0 0 0.414268660728129 0.585731339271871 1
1 0 0 0.845678174949887 0.154321825050113 0
1 0 0 0.763926402693224 0.236073597306776 0
0 1 1 0.696669001396281 0.303330998603719 0
1 0 0 0.914724098779234 0.0852759012207664 0
0 1 1 0.0998161852996831 0.900183814700317 1
0 1 1 0.227583885372651 0.772416114627349 1
0 1 1 0.609535667908759 0.39046433209124 0
0 1 1 0.0975244383997373 0.902475561600263 1
1 0 0 0.757712837044448 0.242287162955552 0
1 0 0 0.783285165642737 0.216714834357264 0
0 1 1 0.539223624552502 0.460776375447498 0
0 1 1 0.702999687761647 0.297000312238353 0
0 1 1 0.184942756557809 0.815057243442191 1
0 1 1 0.514227860044893 0.485772139955107 0
0 1 1 0.541978435081158 0.458021564918842 0
0 1 1 0.141568617005447 0.858431382994553 1
0 1 1 0.394813013589716 0.605186986410283 1
1 0 0 0.717267378678695 0.282732621321305 0
1 0 0 0.521958219675078 0.478041780324923 0
0 1 1 0.540769088059452 0.459230911940548 0
1 0 0 0.671104443221996 0.328895556778004 0
1 0 0 0.542720898979612 0.457279101020388 0
1 0 0 0.858135217370432 0.141864782629568 0
1 0 0 0.707741155943166 0.292258844056834 0
0 1 1 0.136652594471665 0.863347405528335 1
1 0 0 0.839809024409379 0.160190975590621 0
1 0 0 0.902797320289242 0.0972026797107577 0
1 0 0 0.511715062411728 0.488284937588272 0
0 1 1 0.212322323686741 0.787677676313258 1
0 1 1 0.722015130876978 0.277984869123022 0
1 0 0 0.86308520040339 0.13691479959661 0
1 0 0 0.866991298298813 0.133008701701187 0
0 1 1 0.561755864329724 0.438244135670276 0
0 1 1 0.304108938543051 0.695891061456949 1
1 0 0 0.836531638685205 0.163468361314795 0
1 0 0 0.594135943144863 0.405864056855137 0
0 1 1 0.0818944262271291 0.918105573772871 1
0 1 1 0.144829212534469 0.855170787465531 1
0 1 1 0.430096175196148 0.569903824803851 1
1 0 0 0.728142325685764 0.271857674314236 0
0 1 1 0.32115958284112 0.678840417158879 1
0 1 1 0.191995846965277 0.808004153034723 1
0 1 1 0.266888506685907 0.733111493314093 1
0 1 1 0.104386353548863 0.895613646451137 1
1 0 0 0.695453365537169 0.304546634462831 0
1 0 0 0.794297578718667 0.205702421281333 0
0 1 1 0.101136720831975 0.898863279168025 1
0 1 1 0.205660142786264 0.794339857213736 1
1 0 0 0.897473797163724 0.102526202836276 0
0 1 1 0.80702716373747 0.19297283626253 0
0 1 1 0.811203937870429 0.188796062129571 0
1 0 0 0.780062018672558 0.219937981327442 0
1 0 0 0.838186191331043 0.161813808668957 0
0 1 1 0.220385216263302 0.779614783736698 1
1 0 0 0.665376784239205 0.334623215760795 0
0 1 1 0.312887317969479 0.687112682030521 1
0 1 1 0.318941556700384 0.681058443299616 1
0 1 1 0.191974660644741 0.808025339355259 1
1 0 0 0.782767409731901 0.217232590268099 0
0 1 1 0.127595320881164 0.872404679118836 1
1 0 0 0.889545262480063 0.110454737519937 0
0 1 1 0.399874242418098 0.600125757581901 1
1 0 0 0.340269870020361 0.659730129979639 1
0 1 1 0.118823586797757 0.881176413202243 1
1 0 0 0.855655536367653 0.144344463632347 0
0 1 1 0.799167194534814 0.200832805465186 0
1 0 0 0.449303037547299 0.550696962452701 1
1 0 0 0.906114587090123 0.0938854129098774 0
1 0 0 0.893605781417246 0.106394218582754 0
0 1 1 0.442985300143709 0.557014699856291 1
1 0 0 0.560218866647006 0.439781133352994 0
0 1 1 0.503659187139385 0.496340812860615 0
1 0 0 0.170651344927274 0.829348655072726 1
0 1 1 0.788611317567442 0.211388682432558 0
0 1 1 0.195693554727666 0.804306445272335 1
1 0 0 0.842572530752278 0.157427469247722 0
1 0 0 0.31564166567809 0.68435833432191 1
0 1 1 0.104594458148987 0.895405541851013 1
1 0 0 0.811979008620252 0.188020991379748 0
1 0 0 0.0869895771317913 0.913010422868209 1
1 0 0 0.863808866525059 0.136191133474941 0
0 1 1 0.269299000515981 0.730700999484019 1
1 0 0 0.843029407234729 0.156970592765271 0
0 1 1 0.721540676537201 0.278459323462799 0
0 1 1 0.390776781098737 0.609223218901263 1
0 1 1 0.295710755576478 0.704289244423522 1
1 0 0 0.710417496173663 0.289582503826337 0
0 1 1 0.354886690154624 0.645113309845376 1
0 1 1 0.924841992265915 0.0751580077340845 0
0 1 1 0.443669194961193 0.556330805038807 1
1 0 0 0.465814719102518 0.534185280897482 1
0 1 1 0.399436799520366 0.600563200479634 1
1 0 0 0.388519214443231 0.611480785556769 1
1 0 0 0.809773535411504 0.190226464588496 0
0 1 1 0.446467253261376 0.553532746738624 1
1 0 0 0.766325041331286 0.233674958668714 0
1 0 0 0.915061262675643 0.0849387373243575 0
0 1 1 0.10008116301771 0.89991883698229 1
0 1 1 0.450101093002706 0.549898906997294 1
1 0 0 0.913603110520668 0.0863968894793319 0
0 1 1 0.221467352491697 0.778532647508303 1
0 1 1 0.287665562200118 0.712334437799882 1
0 1 1 0.669052297845424 0.330947702154576 0
1 0 0 0.505153455032207 0.494846544967793 0
1 0 0 0.60656881310549 0.39343118689451 0
0 1 1 0.510639597491104 0.489360402508896 0
1 0 0 0.47416693570335 0.52583306429665 1
0 1 1 0.190759472656667 0.809240527343333 1
1 0 0 0.92436762160006 0.0756323783999404 0
0 1 1 0.243246878652311 0.756753121347689 1
1 0 0 0.908643889371835 0.0913561106281654 0
0 1 1 0.784807104154142 0.215192895845858 0
0 1 1 0.40843257842568 0.59156742157432 1
1 0 0 0.338198502910911 0.661801497089089 1
1 0 0 0.74555272483214 0.25444727516786 0
1 0 0 0.250667040914318 0.749332959085682 1
0 1 1 0.562969569830107 0.437030430169893 0
0 1 1 0.53086312558943 0.46913687441057 0
1 0 0 0.526024977639247 0.473975022360753 0
0 1 1 0.171462331626184 0.828537668373816 1
1 0 0 0.910889599692095 0.089110400307905 0
1 0 0 0.47218669645351 0.52781330354649 1
1 0 0 0.807562144451227 0.192437855548773 0
1 0 0 0.207985365692527 0.792014634307473 1
1 0 0 0.348603246950267 0.651396753049733 1
0 1 1 0.0950973389238686 0.904902661076131 1
1 0 0 0.646681798794736 0.353318201205265 0
1 0 0 0.893866622107305 0.106133377892695 0
0 1 1 0.348647426769626 0.651352573230374 1
0 1 1 0.0828622587474859 0.917137741252514 1
0 1 1 0.763247600672659 0.236752399327341 0
0 1 1 0.486605993590363 0.513394006409637 1
1 0 0 0.669000110156383 0.330999889843617 0
0 1 1 0.120413735377937 0.879586264622063 1
0 1 1 0.121659565494711 0.878340434505289 1
1 0 0 0.801970725183884 0.198029274816116 0
1 0 0 0.840209760992723 0.159790239007277 0
1 0 0 0.299884455824722 0.700115544175278 1
0 1 1 0.238293381421903 0.761706618578097 1
0 1 1 0.286915409252585 0.713084590747415 1
0 1 1 0.505528637351908 0.494471362648092 0
0 1 1 0.235726304716897 0.764273695283103 1
1 0 0 0.502273525659128 0.497726474340872 0
0 1 1 0.289562904946363 0.710437095053637 1
1 0 0 0.87522994164547 0.12477005835453 0
1 0 0 0.828955028869755 0.171044971130245 0
1 0 0 0.506620906777922 0.493379093222078 0
1 0 0 0.907003001424327 0.0929969985756731 0
1 0 0 0.903580825805904 0.0964191741940954 0
0 1 1 0.180477640981503 0.819522359018497 1
1 0 0 0.846271739633823 0.153728260366178 0
0 1 1 0.220031780755235 0.779968219244765 1
1 0 0 0.559650014276997 0.440349985723003 0
1 0 0 0.475136438046761 0.524863561953239 1
0 1 1 0.7946050624608 0.2053949375392 0
1 0 0 0.906821152794875 0.0931788472051251 0
1 0 0 0.894486810962932 0.105513189037068 0
1 0 0 0.887754426388634 0.112245573611366 0
1 0 0 0.246023318461102 0.753976681538898 1
1 0 0 0.918581829447118 0.0814181705528818 0
0 1 1 0.621892316819201 0.378107683180799 0
0 1 1 0.482716089561416 0.517283910438584 1
0 1 1 0.112973252454333 0.887026747545667 1
0 1 1 0.259122912877591 0.740877087122409 1
1 0 0 0.552926311540365 0.447073688459635 0
1 0 0 0.79843699474083 0.20156300525917 0
0 1 1 0.347962203244201 0.652037796755799 1
1 0 0 0.898660207066326 0.101339792933674 0
0 1 1 0.131219045077516 0.868780954922485 1
0 1 1 0.626946042136203 0.373053957863797 0
1 0 0 0.878295754059805 0.121704245940195 0
1 0 0 0.601813481295352 0.398186518704648 0
1 0 0 0.794433265581654 0.205566734418346 0
1 0 0 0.576962802476943 0.423037197523057 0
0 1 1 0.484157610968593 0.515842389031407 1
1 0 0 0.661251871255219 0.338748128744782 0
1 0 0 0.893693679896683 0.106306320103317 0
1 0 0 0.911279296340018 0.0887207036599823 0
0 1 1 0.588048857934628 0.411951142065372 0
0 1 1 0.0919001035480649 0.908099896451935 1
1 0 0 0.209995796127376 0.790004203872624 1
0 1 1 0.734042978081945 0.265957021918055 0
1 0 0 0.842965848662588 0.157034151337412 0
0 1 1 0.496935089626623 0.503064910373377 1
0 1 1 0.263866912893489 0.736133087106511 1
0 1 1 0.466553450087459 0.533446549912541 1
1 0 0 0.909175876660928 0.0908241233390719 0
1 0 0 0.699856299958948 0.300143700041052 0
0 1 1 0.178202102362923 0.821797897637077 1
1 0 0 0.292173240847422 0.707826759152579 1
1 0 0 0.904998777238303 0.095001222761697 0
0 1 1 0.294867566030022 0.705132433969978 1
0 1 1 0.142382887135848 0.857617112864152 1
0 1 1 0.38390122088047 0.61609877911953 1
1 0 0 0.90218982691005 0.0978101730899498 0
1 0 0 0.510040447873724 0.489959552126276 0
1 0 0 0.75947364126482 0.24052635873518 0
0 1 1 0.111963956717306 0.888036043282694 1
1 0 0 0.862197986715201 0.137802013284799 0
1 0 0 0.905690814613849 0.0943091853861511 0
0 1 1 0.55524371263764 0.44475628736236 0
0 1 1 0.121206869694169 0.878793130305831 1
0 1 1 0.431637097091997 0.568362902908003 1
0 1 1 0.153114118264162 0.846885881735837 1
0 1 1 0.659953496617917 0.340046503382083 0
0 1 1 0.16043529822046 0.83956470177954 1
0 1 1 0.372869090942132 0.627130909057868 1
0 1 1 0.120260971955205 0.879739028044795 1
0 1 1 0.588053897222561 0.411946102777439 0
0 1 1 0.24255980873834 0.75744019126166 1
0 1 1 0.376798067016549 0.623201932983451 1
0 1 1 0.181724250229614 0.818275749770386 1
0 1 1 0.574115178814477 0.425884821185523 0
1 0 0 0.871819443378882 0.128180556621118 0
1 0 0 0.886626372586981 0.113373627413019 0
1 0 0 0.352550335743102 0.647449664256898 1
0 1 1 0.564090258815935 0.435909741184065 0
1 0 0 0.448095951255737 0.551904048744263 1
0 1 1 0.252475510777697 0.747524489222303 1
0 1 1 0.112099518115771 0.887900481884229 1
0 1 1 0.120696737887076 0.879303262112924 1
1 0 0 0.875415349286803 0.124584650713197 0
0 1 1 0.766951218005372 0.233048781994628 0
0 1 1 0.353867002015488 0.646132997984512 1
1 0 0 0.91407891982826 0.0859210801717401 0
0 1 1 0.323489093147037 0.676510906852963 1
1 0 0 0.634203256209977 0.365796743790023 0
0 1 1 0.097127053975709 0.902872946024291 1
0 1 1 0.298997145472756 0.701002854527244 1
1 0 0 0.909051443392581 0.0909485566074187 0
0 1 1 0.121200755748157 0.878799244251843 1
0 1 1 0.247116615342257 0.752883384657743 1
1 0 0 0.322340686637189 0.677659313362811 1
1 0 0 0.10452613213655 0.89547386786345 1
1 0 0 0.597890820166555 0.402109179833445 0
1 0 0 0.919167191919756 0.0808328080802439 0
1 0 0 0.485974559972043 0.514025440027957 1
0 1 1 0.149908434772275 0.850091565227725 1
0 1 1 0.167438378319214 0.832561621680786 1
0 1 1 0.0914128172256446 0.908587182774355 1
1 0 0 0.92551119793095 0.0744888020690496 0
0 1 1 0.341840609213879 0.658159390786121 1
1 0 0 0.882160976369026 0.117839023630975 0
1 0 0 0.618814581866908 0.381185418133093 0
0 1 1 0.65249440845599 0.34750559154401 0
1 0 0 0.274073960512369 0.725926039487631 1
0 1 1 0.350807060419866 0.649192939580134 1
0 1 1 0.132989753316547 0.867010246683453 1
0 1 1 0.343988295117841 0.656011704882159 1
1 0 0 0.704561369695597 0.295438630304403 0
1 0 0 0.862960203760854 0.137039796239146 0
0 1 1 0.124614427418882 0.875385572581118 1
1 0 0 0.891302737414238 0.108697262585762 0
0 1 1 0.402734300862358 0.597265699137642 1
1 0 0 0.705700946870819 0.294299053129181 0
1 0 0 0.223207662248898 0.776792337751102 1
0 1 1 0.135194873904784 0.864805126095216 1
0 1 1 0.178914212530698 0.821085787469302 1
0 1 1 0.351572211817361 0.648427788182639 1
0 1 1 0.136017774148879 0.863982225851121 1
0 1 1 0.219031788280303 0.780968211719697 1
0 1 1 0.70117847450149 0.29882152549851 0
0 1 1 0.450380410582718 0.549619589417282 1
0 1 1 0.0970558166925806 0.902944183307419 1
1 0 0 0.595797877825228 0.404202122174772 0
0 1 1 0.639292106328883 0.360707893671117 0
0 1 1 0.725491222210153 0.274508777789847 0
0 1 1 0.676012027629185 0.323987972370815 0
1 0 0 0.874766635573936 0.125233364426064 0
0 1 1 0.233115388592777 0.766884611407223 1
0 1 1 0.324814401943428 0.675185598056572 1
0 1 1 0.354309917335718 0.645690082664282 1
1 0 0 0.890302843165379 0.109697156834621 0
0 1 1 0.126215816199609 0.873784183800391 1
1 0 0 0.456263839765661 0.543736160234339 1
1 0 0 0.753794135325088 0.246205864674912 0
0 1 1 0.10473175168819 0.89526824831181 1
0 1 1 0.149511767629131 0.850488232370869 1
1 0 0 0.862216985415719 0.137783014584281 0
0 1 1 0.125597234022536 0.874402765977464 1
1 0 0 0.883555971009441 0.116444028990559 0
0 1 1 0.347971659144535 0.652028340855465 1
1 0 0 0.57167605312491 0.42832394687509 0
1 0 0 0.503454321274425 0.496545678725575 0
1 0 0 0.815166973285598 0.184833026714402 0
0 1 1 0.453222441198064 0.546777558801936 1
1 0 0 0.912352453731797 0.0876475462682031 0
1 0 0 0.897536048233267 0.102463951766733 0
0 1 1 0.171677751232181 0.828322248767819 1
1 0 0 0.790583432607546 0.209416567392454 0
0 1 1 0.723730938511367 0.276269061488633 0
1 0 0 0.627630549587408 0.372369450412591 0
1 0 0 0.752818925527226 0.247181074472774 0
0 1 1 0.0757096114737058 0.924290388526294 1
1 0 0 0.517178790512249 0.48282120948775 0
0 1 1 0.13128091108598 0.86871908891402 1
0 1 1 0.309595036971738 0.690404963028262 1
1 0 0 0.864127252743788 0.135872747256212 0
1 0 0 0.534621979766565 0.465378020233435 0
1 0 0 0.845081804744815 0.154918195255185 0
1 0 0 0.546678266163756 0.453321733836244 0
0 1 1 0.0950704785802062 0.904929521419794 1
0 1 1 0.117038368445942 0.882961631554058 1
1 0 0 0.88221012285758 0.11778987714242 0
0 1 1 0.113118826105021 0.886881173894979 1
0 1 1 0.0976425042282736 0.902357495771726 1
1 0 0 0.895255659826552 0.104744340173448 0
1 0 0 0.263694505097622 0.736305494902378 1
0 1 1 0.204122531770123 0.795877468229877 1
1 0 0 0.652189696344485 0.347810303655515 0
0 1 1 0.160933857317047 0.839066142682953 1
1 0 0 0.710560269391621 0.289439730608379 0
1 0 0 0.150404040879703 0.849595959120297 1
1 0 0 0.485513173453582 0.514486826546418 1
1 0 0 0.865888810944575 0.134111189055425 0
1 0 0 0.539838387320665 0.460161612679335 0
0 1 1 0.344657520804693 0.655342479195307 1
0 1 1 0.182053084738554 0.817946915261446 1
0 1 1 0.75082948373184 0.24917051626816 0
1 0 0 0.821815460150002 0.178184539849998 0
1 0 0 0.581039515372834 0.418960484627166 0
0 1 1 0.201048949385828 0.798951050614172 1
1 0 0 0.908084682456639 0.0919153175433615 0
0 1 1 0.27327103319525 0.72672896680475 1
0 1 1 0.319503949291524 0.680496050708476 1
0 1 1 0.128598913186584 0.871401086813416 1
1 0 0 0.810337564340623 0.189662435659377 0
0 1 1 0.107197139203826 0.892802860796174 1
1 0 0 0.8541602878028 0.145839712197199 0
1 0 0 0.797786164053079 0.202213835946921 0
1 0 0 0.789095908748281 0.210904091251719 0
0 1 1 0.785156356864409 0.214843643135591 0
1 0 0 0.731620484623453 0.268379515376547 0
0 1 1 0.199091386707059 0.800908613292941 1
1 0 0 0.369836010294426 0.630163989705574 1
0 1 1 0.175043328907356 0.824956671092645 1
1 0 0 0.614736838299145 0.385263161700855 0
1 0 0 0.319418986115239 0.680581013884761 1
0 1 1 0.141953857215307 0.858046142784693 1
1 0 0 0.724669946490082 0.275330053509918 0
0 1 1 0.279692045807448 0.720307954192552 1
1 0 0 0.621784501433614 0.378215498566386 0
0 1 1 0.185680629500308 0.814319370499692 1
0 1 1 0.179962421905284 0.820037578094716 1
0 1 1 0.0998125737826504 0.90018742621735 1
1 0 0 0.610582168337676 0.389417831662324 0
0 1 1 0.192311361247195 0.807688638752805 1
0 1 1 0.690643797348613 0.309356202651387 0
1 0 0 0.842697855073466 0.157302144926534 0
1 0 0 0.229361998942194 0.770638001057806 1
0 1 1 0.649715268971689 0.350284731028311 0
1 0 0 0.844869367338204 0.155130632661796 0
0 1 1 0.0960150501370221 0.903984949862978 1
1 0 0 0.873020400670291 0.126979599329709 0
1 0 0 0.717208952188189 0.282791047811811 0
1 0 0 0.909562628298114 0.0904373717018859 0
0 1 1 0.134087977175796 0.865912022824204 1
0 1 1 0.807896597671267 0.192103402328733 0
0 1 1 0.515336494427879 0.484663505572121 0
0 1 1 0.140494110594575 0.859505889405425 1
0 1 1 0.121011520652279 0.878988479347722 1
1 0 0 0.899025640509986 0.100974359490014 0
0 1 1 0.103686592843698 0.896313407156302 1
0 1 1 0.354973329197826 0.645026670802174 1
0 1 1 0.290434826254867 0.709565173745133 1
0 1 1 0.442005313313879 0.557994686686121 1
1 0 0 0.802620945265302 0.197379054734698 0
1 0 0 0.809722442434509 0.190277557565491 0
0 1 1 0.0946705111860527 0.905329488813947 1
0 1 1 0.58813058712543 0.41186941287457 0
0 1 1 0.571201686659851 0.428798313340149 0
0 1 1 0.475161693774177 0.524838306225823 1
0 1 1 0.173662252509169 0.826337747490831 1
0 1 1 0.711353224969848 0.288646775030152 0
1 0 0 0.303119824385229 0.696880175614771 1
0 1 1 0.150839160956964 0.849160839043036 1
1 0 0 0.891926743590224 0.108073256409776 0
1 0 0 0.847952679221274 0.152047320778726 0
0 1 1 0.289223007676346 0.710776992323654 1
0 1 1 0.201409852864209 0.798590147135791 1
1 0 0 0.925061090075629 0.0749389099243709 0
1 0 0 0.688091202332305 0.311908797667695 0
1 0 0 0.849966949227026 0.150033050772974 0
1 0 0 0.57420389967694 0.42579610032306 0
0 1 1 0.737822897993427 0.262177102006573 0
0 1 1 0.265354691438728 0.734645308561272 1
0 1 1 0.307423432862635 0.692576567137366 1
1 0 0 0.884235652539669 0.115764347460332 0
0 1 1 0.357159278692271 0.642840721307729 1
0 1 1 0.182762456313544 0.817237543686456 1
0 1 1 0.628907090002731 0.371092909997269 0
1 0 0 0.911222201115975 0.0887777988840255 0
0 1 1 0.906740511129572 0.0932594888704281 0
0 1 1 0.25808420125867 0.74191579874133 1
0 1 1 0.467322026731039 0.532677973268961 1
0 1 1 0.138483736989852 0.861516263010148 1
1 0 0 0.921656771589835 0.0783432284101651 0
0 1 1 0.706268042826391 0.293731957173609 0
0 1 1 0.41600229299602 0.58399770700398 1
0 1 1 0.163895865432284 0.836104134567716 1
1 0 0 0.691614695609804 0.308385304390196 0
1 0 0 0.442186655788337 0.557813344211663 1
0 1 1 0.708106949857008 0.291893050142992 0
1 0 0 0.736158136996142 0.263841863003858 0
1 0 0 0.847076851644566 0.152923148355433 0
0 1 1 0.592134753405735 0.407865246594265 0
1 0 0 0.889502446678414 0.110497553321586 0
0 1 1 0.488156960706354 0.511843039293646 1
0 1 1 0.173157731455994 0.826842268544006 1
1 0 0 0.80652912166851 0.19347087833149 0
0 1 1 0.0988431980900822 0.901156801909918 1
1 0 0 0.321515674623027 0.678484325376973 1
1 0 0 0.799692634368361 0.200307365631639 0
1 0 0 0.829165101156543 0.170834898843457 0
0 1 1 0.496834737788383 0.503165262211618 1
1 0 0 0.828132578258761 0.17186742174124 0
1 0 0 0.796575621787593 0.203424378212407 0
0 1 1 0.256446493206964 0.743553506793036 1
1 0 0 0.886813153099809 0.113186846900191 0
0 1 1 0.707387452768393 0.292612547231607 0
1 0 0 0.415829195455634 0.584170804544366 1
0 1 1 0.243409474582195 0.756590525417805 1
1 0 0 0.654416887166898 0.345583112833102 0
0 1 1 0.628902532296324 0.371097467703676 0
1 0 0 0.833654883264637 0.166345116735363 0
0 1 1 0.408845162692683 0.591154837307317 1
1 0 0 0.429512677691248 0.570487322308752 1
0 1 1 0.295695286231716 0.704304713768284 1
1 0 0 0.289423351110741 0.710576648889259 1
1 0 0 0.924883902724605 0.0751160972753952 0
1 0 0 0.709093413867357 0.290906586132643 0
0 1 1 0.174420491330071 0.825579508669929 1
0 1 1 0.167368152970773 0.832631847029227 1
0 1 1 0.913604937023971 0.0863950629760287 0
1 0 0 0.91045054344318 0.0895494565568202 0
1 0 0 0.54551597012244 0.45448402987756 0
1 0 0 0.914217987527631 0.0857820124723696 0
1 0 0 0.767248399018608 0.232751600981393 0
1 0 0 0.111947391026854 0.888052608973146 1
1 0 0 0.886143078289259 0.113856921710741 0
1 0 0 0.902000477772348 0.0979995222276516 0
0 1 1 0.455546936032614 0.544453063967386 1
0 1 1 0.754386538829104 0.245613461170896 0
0 1 1 0.584310837056187 0.415689162943813 0
0 1 1 0.816897081090391 0.183102918909609 0
1 0 0 0.803410899712047 0.196589100287953 0
0 1 1 0.135981228199324 0.864018771800676 1
1 0 0 0.566411899931675 0.433588100068325 0
0 1 1 0.676328369723505 0.323671630276495 0
1 0 0 0.722696115106874 0.277303884893126 0
0 1 1 0.653308856478345 0.346691143521655 0
0 1 1 0.115605952950391 0.884394047049609 1
0 1 1 0.311153148863571 0.688846851136429 1
1 0 0 0.790701674628005 0.209298325371995 0
1 0 0 0.89615480977569 0.10384519022431 0
0 1 1 0.921642052807487 0.0783579471925129 0
1 0 0 0.598941670345225 0.401058329654775 0
0 1 1 0.107002578644083 0.892997421355917 1
1 0 0 0.801897136543341 0.198102863456659 0
1 0 0 0.424960170926876 0.575039829073124 1
1 0 0 0.708612116986917 0.291387883013083 0
1 0 0 0.921212680323729 0.0787873196762708 0
1 0 0 0.679601552412639 0.32039844758736 0
0 1 1 0.13017822554875 0.86982177445125 1
0 1 1 0.52534345249744 0.47465654750256 0
1 0 0 0.827553856825002 0.172446143174998 0
1 0 0 0.363732896172661 0.636267103827339 1
0 1 1 0.133172449138856 0.866827550861144 1
1 0 0 0.793340864815482 0.206659135184518 0
0 1 1 0.15694999563897 0.84305000436103 1
1 0 0 0.790925489821358 0.209074510178642 0
1 0 0 0.929649560601606 0.0703504393983937 0
1 0 0 0.797275891573271 0.20272410842673 0
1 0 0 0.79791465802756 0.20208534197244 0
0 1 1 0.368493245650359 0.631506754349641 1
1 0 0 0.297501667553692 0.702498332446308 1
1 0 0 0.581918905181128 0.418081094818872 0
0 1 1 0.101237845286376 0.898762154713624 1
0 1 1 0.171067450855608 0.828932549144392 1
0 1 1 0.635486316304674 0.364513683695326 0
1 0 0 0.123194626487428 0.876805373512572 1
1 0 0 0.892179623057855 0.107820376942145 0
1 0 0 0.634554356697734 0.365445643302266 0
1 0 0 0.653881828018405 0.346118171981595 0
0 1 1 0.721504758249602 0.278495241750398 0
1 0 0 0.783066451106179 0.216933548893821 0
1 0 0 0.894995369086263 0.105004630913737 0
0 1 1 0.541574455462529 0.458425544537471 0
0 1 1 0.164545339667655 0.835454660332345 1
0 1 1 0.268696578904242 0.731303421095758 1
0 1 1 0.122516483548785 0.877483516451215 1
1 0 0 0.254975685524938 0.745024314475062 1
0 1 1 0.89272399058136 0.10727600941864 0
1 0 0 0.84091659804279 0.15908340195721 0
1 0 0 0.389318700192369 0.610681299807631 1
0 1 1 0.370357536775692 0.629642463224308 1
1 0 0 0.818790601134441 0.181209398865559 0
1 0 0 0.873962578542532 0.126037421457468 0
0 1 1 0.139675023723789 0.860324976276211 1
0 1 1 0.825798074242359 0.174201925757641 0
1 0 0 0.726245467105458 0.273754532894542 0
0 1 1 0.301986399371176 0.698013600628824 1
1 0 0 0.793416439842536 0.206583560157464 0
1 0 0 0.498032975970392 0.501967024029607 1
0 1 1 0.801927975955347 0.198072024044653 0
0 1 1 0.0988484342437964 0.901151565756204 1
1 0 0 0.832771953620221 0.167228046379779 0
1 0 0 0.88284486021659 0.11715513978341 0
0 1 1 0.200139040639871 0.799860959360129 1
0 1 1 0.46530634351826 0.53469365648174 1
0 1 1 0.17265510560459 0.82734489439541 1
1 0 0 0.622864634711452 0.377135365288548 0
1 0 0 0.871567137684624 0.128432862315376 0
1 0 0 0.385769417038725 0.614230582961275 1
0 1 1 0.433057276472842 0.566942723527158 1
1 0 0 0.765558034267142 0.234441965732858 0
1 0 0 0.894426871486924 0.105573128513076 0
1 0 0 0.682211837074666 0.317788162925334 0
1 0 0 0.493402685177666 0.506597314822334 1
0 1 1 0.0794988412914655 0.920501158708534 1
0 1 1 0.391603917905799 0.608396082094201 1
0 1 1 0.442663964665453 0.557336035334547 1
0 1 1 0.451275841004043 0.548724158995957 1
0 1 1 0.259349019622118 0.740650980377882 1
1 0 0 0.144959263266797 0.855040736733203 1
0 1 1 0.183434354600552 0.816565645399448 1
0 1 1 0.667397809761237 0.332602190238763 0
0 1 1 0.0779204424334617 0.922079557566538 1
1 0 0 0.909795386059161 0.090204613940839 0
1 0 0 0.90897777999306 0.09102222000694 0
1 0 0 0.385108478399527 0.614891521600473 1
0 1 1 0.823032963652713 0.176967036347287 0
0 1 1 0.211200270140962 0.788799729859038 1
1 0 0 0.620272448769477 0.379727551230523 0
0 1 1 0.476875072210565 0.523124927789435 1
1 0 0 0.649756866535979 0.350243133464021 0
0 1 1 0.224308106693325 0.775691893306675 1
0 1 1 0.367514732295569 0.632485267704431 1
1 0 0 0.869845156232889 0.130154843767111 0
0 1 1 0.330978295434468 0.669021704565532 1
0 1 1 0.276976398783281 0.723023601216719 1
1 0 0 0.0953393927010672 0.904660607298933 1
1 0 0 0.834226498304893 0.165773501695107 0
0 1 1 0.165443935847391 0.834556064152609 1
1 0 0 0.754405806385776 0.245594193614224 0
0 1 1 0.185902812836091 0.814097187163909 1
0 1 1 0.371743630638133 0.628256369361867 1
0 1 1 0.926996217722497 0.0730037822775026 0
1 0 0 0.146474829613543 0.853525170386457 1
0 1 1 0.748674920196086 0.251325079803914 0
0 1 1 0.672415815117554 0.327584184882446 0
1 0 0 0.914273118455805 0.0857268815441956 0
0 1 1 0.498563875717449 0.501436124282551 1
1 0 0 0.844229869802127 0.155770130197873 0
1 0 0 0.714181715164086 0.285818284835914 0
1 0 0 0.173124287800797 0.826875712199203 1
0 1 1 0.154641776695803 0.845358223304197 1
1 0 0 0.471672855439371 0.528327144560629 1
1 0 0 0.90999590638296 0.09000409361704 0
1 0 0 0.856090923976429 0.143909076023571 0
1 0 0 0.893636734455807 0.106363265544193 0
0 1 1 0.291147452797718 0.708852547202282 1
0 1 1 0.672417134525256 0.327582865474744 0
0 1 1 0.201691778014582 0.798308221985418 1
1 0 0 0.301958140465063 0.698041859534937 1
0 1 1 0.380920013132076 0.619079986867924 1
0 1 1 0.122332627391846 0.877667372608154 1
0 1 1 0.621541856614396 0.378458143385604 0
1 0 0 0.3237704685404 0.6762295314596 1
1 0 0 0.582735992345612 0.417264007654388 0
0 1 1 0.122058936156064 0.877941063843936 1
0 1 1 0.588691772461757 0.411308227538243 0
1 0 0 0.753996432646431 0.246003567353569 0
1 0 0 0.897566743290912 0.102433256709088 0
1 0 0 0.902976795190427 0.0970232048095733 0
0 1 1 0.304394611182564 0.695605388817436 1
0 1 1 0.469893856710703 0.530106143289297 1
1 0 0 0.476694717360218 0.523305282639782 1
1 0 0 0.589605084703152 0.410394915296848 0
0 1 1 0.76656094881557 0.23343905118443 0
1 0 0 0.807771650140587 0.192228349859413 0
0 1 1 0.214272145418837 0.785727854581163 1
0 1 1 0.57358946677559 0.42641053322441 0
0 1 1 0.705702956889718 0.294297043110282 0
0 1 1 0.63537194814055 0.36462805185945 0
0 1 1 0.143878203142659 0.856121796857341 1
1 0 0 0.822944018206075 0.177055981793925 0
0 1 1 0.227497192877995 0.772502807122005 1
1 0 0 0.724957323686339 0.27504267631366 0
0 1 1 0.179878956468676 0.820121043531324 1
0 1 1 0.593843808350393 0.406156191649607 0
1 0 0 0.575635024487406 0.424364975512594 0
1 0 0 0.904159735077945 0.0958402649220548 0
1 0 0 0.883593857132022 0.116406142867978 0
0 1 1 0.166391225046222 0.833608774953778 1
0 1 1 0.595756940154229 0.404243059845771 0
1 0 0 0.81489200739754 0.18510799260246 0
0 1 1 0.299525730798569 0.700474269201431 1
0 1 1 0.493699929730589 0.506300070269411 1
0 1 1 0.816494604607927 0.183505395392073 0
1 0 0 0.576793494896602 0.423206505103398 0
0 1 1 0.719031847881013 0.280968152118987 0
1 0 0 0.903426701078668 0.0965732989213318 0
1 0 0 0.452767388926441 0.547232611073559 1
1 0 0 0.910037841074961 0.0899621589250388 0
0 1 1 0.103874966895465 0.896125033104535 1
0 1 1 0.740712980010404 0.259287019989596 0
1 0 0 0.577818314231186 0.422181685768814 0
1 0 0 0.90576244481866 0.0942375551813402 0
0 1 1 0.245180156494333 0.754819843505667 1
0 1 1 0.14008545051066 0.85991454948934 1
1 0 0 0.89077974581986 0.10922025418014 0
0 1 1 0.116548820082268 0.883451179917732 1
1 0 0 0.912053718578409 0.0879462814215908 0
0 1 1 0.130761785959745 0.869238214040255 1
0 1 1 0.111208883724791 0.888791116275209 1
1 0 0 0.424951265652406 0.575048734347594 1
0 1 1 0.323880555052438 0.676119444947562 1
1 0 0 0.889396447889998 0.110603552110002 0
0 1 1 0.199420749746385 0.800579250253615 1
1 0 0 0.89620465975507 0.103795340244929 0
1 0 0 0.232636312277215 0.767363687722785 1
0 1 1 0.795563451463482 0.204436548536518 0
1 0 0 0.872972607682382 0.127027392317618 0
0 1 1 0.615284699367433 0.384715300632567 0
0 1 1 0.52031231000662 0.47968768999338 0
1 0 0 0.699704900331114 0.300295099668886 0
1 0 0 0.835187984620356 0.164812015379644 0
0 1 1 0.274590480959996 0.725409519040004 1
1 0 0 0.824545920969404 0.175454079030596 0
0 1 1 0.0987973648800033 0.901202635119997 1
0 1 1 0.328993230395452 0.671006769604548 1
0 1 1 0.197458918021671 0.802541081978329 1
1 0 0 0.738927165295882 0.261072834704118 0
0 1 1 0.218094179245098 0.781905820754902 1
1 0 0 0.723682202081406 0.276317797918594 0
0 1 1 0.129154096414413 0.870845903585587 1
1 0 0 0.88968045027811 0.11031954972189 0
1 0 0 0.911865925197651 0.0881340748023486 0
1 0 0 0.736224600568178 0.263775399431822 0
1 0 0 0.813731212873887 0.186268787126113 0
1 0 0 0.517741681240702 0.482258318759299 0
1 0 0 0.333340508093721 0.666659491906279 1
1 0 0 0.339368649354823 0.660631350645177 1
0 1 1 0.44061414786946 0.55938585213054 1
1 0 0 0.914350942042354 0.0856490579576456 0
1 0 0 0.318269798397703 0.681730201602297 1
0 1 1 0.129014597281768 0.870985402718232 1
1 0 0 0.665573021260302 0.334426978739698 0
1 0 0 0.544344828798845 0.455655171201155 0
1 0 0 0.591529149161649 0.408470850838351 0
0 1 1 0.305324583787323 0.694675416212677 1
1 0 0 0.557500919977643 0.442499080022357 0
1 0 0 0.230747454762465 0.769252545237535 1
0 1 1 0.386273429836864 0.613726570163136 1
0 1 1 0.350565374354544 0.649434625645456 1
1 0 0 0.726618273164629 0.273381726835371 0
0 1 1 0.318373079825551 0.681626920174449 1
1 0 0 0.310537500226383 0.689462499773617 1
0 1 1 0.446562464939068 0.553437535060932 1
0 1 1 0.0815649754844269 0.918435024515573 1
1 0 0 0.681176036919456 0.318823963080544 0
1 0 0 0.56838308853747 0.43161691146253 0
1 0 0 0.353964082088711 0.646035917911289 1
0 1 1 0.132579008749487 0.867420991250513 1
1 0 0 0.844736724817737 0.155263275182263 0
1 0 0 0.840527833623376 0.159472166376624 0
1 0 0 0.899359782882423 0.100640217117577 0
0 1 1 0.149450820131432 0.850549179868568 1
0 1 1 0.300049870676413 0.699950129323587 1
0 1 1 0.207110795710594 0.792889204289406 1
1 0 0 0.790149098278503 0.209850901721497 0
1 0 0 0.510280747918177 0.489719252081823 0
0 1 1 0.148384354447802 0.851615645552198 1
1 0 0 0.522455277495223 0.477544722504777 0
0 1 1 0.210205395871073 0.789794604128927 1
1 0 0 0.566320754697885 0.433679245302115 0
1 0 0 0.903930228934426 0.0960697710655741 0
1 0 0 0.888158093220103 0.111841906779897 0
1 0 0 0.928828240546944 0.0711717594530564 0
0 1 1 0.824863418055937 0.175136581944063 0
1 0 0 0.435737485201375 0.564262514798625 1
0 1 1 0.119865839906451 0.880134160093549 1
1 0 0 0.877214768899737 0.122785231100262 0
0 1 1 0.449785310487125 0.550214689512875 1
1 0 0 0.899060647172254 0.100939352827745 0
0 1 1 0.0829294018315775 0.917070598168422 1
0 1 1 0.237209927544934 0.762790072455066 1
0 1 1 0.313365417834773 0.686634582165227 1
0 1 1 0.871094726553143 0.128905273446857 0
0 1 1 0.855767448386295 0.144232551613705 0
1 0 0 0.900574005586816 0.0994259944131838 0
1 0 0 0.917473059049501 0.0825269409504985 0
0 1 1 0.102296145274725 0.897703854725274 1
1 0 0 0.174337672159803 0.825662327840197 1
0 1 1 0.170630179800902 0.829369820199098 1
1 0 0 0.222143403567858 0.777856596432142 1
0 1 1 0.27177008005547 0.72822991994453 1
0 1 1 0.535109761776005 0.464890238223995 0
1 0 0 0.713141255608618 0.286858744391382 0
1 0 0 0.889771245135086 0.110228754864914 0
1 0 0 0.814921439742214 0.185078560257786 0
0 1 1 0.144223194984865 0.855776805015135 1
0 1 1 0.372195338076365 0.627804661923635 1
1 0 0 0.673887168221863 0.326112831778137 0
0 1 1 0.765790993648711 0.234209006351289 0
0 1 1 0.296074489342588 0.703925510657412 1
1 0 0 0.255137527622516 0.744862472377484 1
1 0 0 0.216350518335469 0.783649481664531 1
0 1 1 0.197242035612691 0.802757964387309 1
0 1 1 0.140155824017684 0.859844175982316 1
1 0 0 0.539769518022364 0.460230481977636 0
1 0 0 0.57113515624088 0.428864843759121 0
0 1 1 0.280901038877979 0.719098961122021 1
0 1 1 0.64946406780141 0.35053593219859 0
1 0 0 0.811924385037898 0.188075614962102 0
1 0 0 0.487978803617167 0.512021196382833 1
0 1 1 0.34546019209635 0.65453980790365 1
0 1 1 0.582185602315835 0.417814397684165 0
0 1 1 0.143357548772784 0.856642451227216 1
0 1 1 0.866771709699107 0.133228290300893 0
1 0 0 0.903898892566654 0.0961011074333456 0
0 1 1 0.738038577161136 0.261961422838864 0
0 1 1 0.174157230543708 0.825842769456292 1
1 0 0 0.799931551798706 0.200068448201294 0
1 0 0 0.889137278189032 0.110862721810968 0
1 0 0 0.471184744118431 0.528815255881569 1
1 0 0 0.314878771221762 0.685121228778238 1
0 1 1 0.140786624827393 0.859213375172607 1
0 1 1 0.750251515560489 0.249748484439511 0
0 1 1 0.14167422441634 0.85832577558366 1
0 1 1 0.72441261547395 0.27558738452605 0
1 0 0 0.420358072249254 0.579641927750746 1
0 1 1 0.724648224396622 0.275351775603378 0
0 1 1 0.450358499269573 0.549641500730427 1
1 0 0 0.378676359301309 0.621323640698691 1
1 0 0 0.458409867917112 0.541590132082888 1
0 1 1 0.811407452428247 0.188592547571754 0
1 0 0 0.281961298870942 0.718038701129058 1
0 1 1 0.661077047160307 0.338922952839693 0
1 0 0 0.569404842453403 0.430595157546597 0
1 0 0 0.919685473267919 0.0803145267320806 0
1 0 0 0.751451987028062 0.248548012971938 0
1 0 0 0.775036748846456 0.224963251153545 0
0 1 1 0.233724947356355 0.766275052643645 1
1 0 0 0.838156989175254 0.161843010824747 0
1 0 0 0.325281065528843 0.674718934471157 1
1 0 0 0.719907369921886 0.280092630078114 0
1 0 0 0.889102912467113 0.110897087532887 0
1 0 0 0.845167672810338 0.154832327189662 0
0 1 1 0.6342939168616 0.3657060831384 0
1 0 0 0.920334976827668 0.0796650231723318 0
1 0 0 0.500759931587379 0.499240068412621 0
0 1 1 0.575694772761272 0.424305227238728 0
1 0 0 0.858614891851774 0.141385108148226 0
0 1 1 0.173701542767514 0.826298457232486 1
0 1 1 0.728500173470198 0.271499826529802 0
1 0 0 0.654272981167358 0.345727018832642 0
1 0 0 0.675655522750812 0.324344477249188 0
0 1 1 0.210515825841627 0.789484174158373 1
1 0 0 0.790862671365626 0.209137328634374 0
0 1 1 0.137441458955659 0.862558541044341 1
0 1 1 0.313108315185417 0.686891684814583 1
1 0 0 0.749348457517845 0.250651542482155 0
1 0 0 0.710841431512769 0.289158568487231 0
1 0 0 0.904808867062543 0.0951911329374566 0
1 0 0 0.735169268133822 0.264830731866178 0
1 0 0 0.805861841091906 0.194138158908094 0
1 0 0 0.898442072638354 0.101557927361646 0
0 1 1 0.134963939553535 0.865036060446466 1
0 1 1 0.400171274123939 0.599828725876061 1
1 0 0 0.898469967496872 0.101530032503128 0
0 1 1 0.43235020381405 0.56764979618595 1
1 0 0 0.9134227243283 0.0865772756717004 0
0 1 1 0.25991791549789 0.74008208450211 1
0 1 1 0.146726564561558 0.853273435438442 1
1 0 0 0.895491064145346 0.104508935854653 0
1 0 0 0.909268607374851 0.0907313926251488 0
1 0 0 0.287569066618622 0.712430933381378 1
0 1 1 0.32619566835865 0.67380433164135 1
0 1 1 0.69634836008285 0.30365163991715 0
1 0 0 0.866134412012867 0.133865587987133 0
1 0 0 0.80747407849359 0.19252592150641 0
1 0 0 0.914920289884018 0.0850797101159817 0
1 0 0 0.468416463829339 0.531583536170661 1
0 1 1 0.114783961542129 0.885216038457871 1
1 0 0 0.878821106255211 0.121178893744789 0
1 0 0 0.894338169659897 0.105661830340104 0
0 1 1 0.312145284917774 0.687854715082226 1
1 0 0 0.156493362817436 0.843506637182564 1
0 1 1 0.809752725064669 0.190247274935331 0
0 1 1 0.378114242920363 0.621885757079637 1
0 1 1 0.151987156314815 0.848012843685185 1
0 1 1 0.818888273038488 0.181111726961512 0
0 1 1 0.138489395806029 0.861510604193971 1
1 0 0 0.0894007607553176 0.910599239244683 1
1 0 0 0.816935904553769 0.183064095446231 0
1 0 0 0.17587571170232 0.82412428829768 1
0 1 1 0.107786346851933 0.892213653148067 1
0 1 1 0.125950541619726 0.874049458380274 1
0 1 1 0.401612636514548 0.598387363485452 1
1 0 0 0.844593618974989 0.155406381025011 0
0 1 1 0.404520160435525 0.595479839564475 1
1 0 0 0.906066766767378 0.0939332332326224 0
1 0 0 0.437087286120246 0.562912713879754 1
0 1 1 0.18141279739079 0.81858720260921 1
0 1 1 0.347780693051552 0.652219306948448 1
0 1 1 0.512706387816354 0.487293612183646 0
0 1 1 0.314056969354114 0.685943030645886 1
0 1 1 0.173805389333721 0.826194610666279 1
1 0 0 0.751960370254593 0.248039629745407 0
0 1 1 0.226163660435523 0.773836339564477 1
1 0 0 0.47311496894991 0.52688503105009 1
0 1 1 0.428675550896901 0.571324449103099 1
1 0 0 0.607224040499416 0.392775959500584 0
0 1 1 0.245436931071927 0.754563068928073 1
1 0 0 0.737247845802323 0.262752154197677 0
0 1 1 0.12119482730986 0.878805172690141 1
1 0 0 0.110536565771759 0.889463434228241 1
0 1 1 0.224834876109019 0.775165123890981 1
1 0 0 0.544751033090922 0.455248966909078 0
0 1 1 0.266210100058575 0.733789899941425 1
1 0 0 0.812767205089345 0.187232794910655 0
0 1 1 0.336744426523 0.663255573477 1
1 0 0 0.90420706725504 0.0957929327449601 0
1 0 0 0.35471344225698 0.64528655774302 1
1 0 0 0.257749393076724 0.742250606923276 1
0 1 1 0.398684396125218 0.601315603874782 1
0 1 1 0.270734643644182 0.729265356355818 1
0 1 1 0.759869160577455 0.240130839422545 0
1 0 0 0.193640133347304 0.806359866652696 1
0 1 1 0.611176679146288 0.388823320853712 0
1 0 0 0.85885937765928 0.14114062234072 0
0 1 1 0.154939074911141 0.845060925088859 1
0 1 1 0.324679486447232 0.675320513552768 1
0 1 1 0.703713517675078 0.296286482324922 0
0 1 1 0.28753197571221 0.71246802428779 1
1 0 0 0.854626975280391 0.145373024719609 0
1 0 0 0.612803193155347 0.387196806844653 0
0 1 1 0.307872323948461 0.692127676051539 1
0 1 1 0.749224040464028 0.250775959535972 0
0 1 1 0.821052298887973 0.178947701112027 0
0 1 1 0.70734331537093 0.29265668462907 0
1 0 0 0.796605184840635 0.203394815159365 0
0 1 1 0.341841047427429 0.658158952572571 1
1 0 0 0.298021651177199 0.701978348822801 1
0 1 1 0.192691479254219 0.807308520745781 1
0 1 1 0.214466504485709 0.785533495514291 1
0 1 1 0.0943257035814204 0.90567429641858 1
0 1 1 0.674518359924922 0.325481640075078 0
1 0 0 0.610123009614398 0.389876990385602 0
1 0 0 0.636179239296748 0.363820760703252 0
0 1 1 0.295202805206548 0.704797194793452 1
1 0 0 0.697833399755927 0.302166600244073 0
1 0 0 0.896484133156691 0.103515866843309 0
0 1 1 0.618263909891564 0.381736090108436 0
1 0 0 0.522960149007981 0.477039850992019 0
1 0 0 0.851710979078983 0.148289020921017 0
1 0 0 0.684083199314131 0.315916800685869 0
0 1 1 0.0888226464522441 0.911177353547756 1
1 0 0 0.890889642540355 0.109110357459645 0
0 1 1 0.105825068096037 0.894174931903963 1
0 1 1 0.101736772860061 0.898263227139939 1
0 1 1 0.629581637742393 0.370418362257607 0
1 0 0 0.528062347623816 0.471937652376184 0
0 1 1 0.625267524646739 0.374732475353261 0
1 0 0 0.893709016357492 0.106290983642508 0
0 1 1 0.398921308705371 0.601078691294629 1
1 0 0 0.899054296367752 0.100945703632248 0
1 0 0 0.677266806720731 0.322733193279269 0
0 1 1 0.107196435356966 0.892803564643034 1
0 1 1 0.14086648574434 0.85913351425566 1
0 1 1 0.127772848286268 0.872227151713733 1
1 0 0 0.752357781648069 0.247642218351931 0
0 1 1 0.195661922694265 0.804338077305735 1
0 1 1 0.115523683315483 0.884476316684517 1
1 0 0 0.890331888941919 0.109668111058081 0
0 1 1 0.188013564254842 0.811986435745158 1
1 0 0 0.906730883459985 0.0932691165400152 0
1 0 0 0.81083762928231 0.18916237071769 0
1 0 0 0.871567046805863 0.128432953194137 0
1 0 0 0.806270813493479 0.193729186506521 0
0 1 1 0.248736405058856 0.751263594941144 1
1 0 0 0.850113310983133 0.149886689016867 0
0 1 1 0.098086760925531 0.901913239074469 1
0 1 1 0.2874382926157 0.7125617073843 1
0 1 1 0.782219563123919 0.217780436876081 0
1 0 0 0.540792259316042 0.459207740683958 0
0 1 1 0.200361772991039 0.799638227008961 1
1 0 0 0.848348969846333 0.151651030153668 0
0 1 1 0.230715302006106 0.769284697993894 1
0 1 1 0.63706566592715 0.36293433407285 0
1 0 0 0.868693265021079 0.131306734978921 0
0 1 1 0.474313092537332 0.525686907462668 1
1 0 0 0.327123084607731 0.672876915392269 1
0 1 1 0.0883903048083293 0.911609695191671 1
0 1 1 0.104978020008214 0.895021979991786 1
0 1 1 0.0990579053558801 0.90094209464412 1
0 1 1 0.214008148816268 0.785991851183732 1
1 0 0 0.876196210059347 0.123803789940653 0
1 0 0 0.655927147624854 0.344072852375146 0
1 0 0 0.876921477880264 0.123078522119736 0
0 1 1 0.893803638920856 0.106196361079144 0
1 0 0 0.890743975891607 0.109256024108393 0
0 1 1 0.200010961346994 0.799989038653006 1
1 0 0 0.866854154363297 0.133145845636703 0
1 0 0 0.883234159221972 0.116765840778028 0
1 0 0 0.328692830842816 0.671307169157184 1
1 0 0 0.698332889760782 0.301667110239218 0
0 1 1 0.611405983831174 0.388594016168826 0
0 1 1 0.0858751108804256 0.914124889119574 1
0 1 1 0.244736673792665 0.755263326207335 1
1 0 0 0.695753144086767 0.304246855913233 0
1 0 0 0.222350170002348 0.777649829997652 1
0 1 1 0.415936918933656 0.584063081066344 1
1 0 0 0.772148767280897 0.227851232719103 0
1 0 0 0.56737797526827 0.43262202473173 0
1 0 0 0.800164086801973 0.199835913198027 0
1 0 0 0.419295941765717 0.580704058234283 1
0 1 1 0.224065916073831 0.775934083926169 1
1 0 0 0.865275284007377 0.134724715992623 0
0 1 1 0.218248519173942 0.781751480826058 1
1 0 0 0.745207253666445 0.254792746333555 0
1 0 0 0.893760347333692 0.106239652666308 0
0 1 1 0.273080524999986 0.726919475000014 1
1 0 0 0.673107914500137 0.326892085499863 0
1 0 0 0.774210441803038 0.225789558196961 0
1 0 0 0.0987073978238642 0.901292602176136 1
0 1 1 0.115716382167979 0.884283617832021 1
0 1 1 0.613249027269234 0.386750972730766 0
0 1 1 0.424669667725844 0.575330332274156 1
1 0 0 0.401980238153393 0.598019761846607 1
1 0 0 0.56073579775184 0.43926420224816 0
0 1 1 0.316390686955588 0.683609313044412 1
0 1 1 0.820692772566844 0.179307227433156 0
1 0 0 0.289426055712104 0.710573944287896 1
1 0 0 0.918832530397991 0.0811674696020091 0
1 0 0 0.906612145268586 0.0933878547314142 0
0 1 1 0.154427516637797 0.845572483362203 1
1 0 0 0.606070222967597 0.393929777032403 0
0 1 1 0.406901528710597 0.593098471289403 1
0 1 1 0.168574641485226 0.831425358514774 1
0 1 1 0.292226657696469 0.707773342303531 1
0 1 1 0.151677128700691 0.848322871299309 1
1 0 0 0.866256019036138 0.133743980963862 0
0 1 1 0.141568375788882 0.858431624211118 1
0 1 1 0.450602194941781 0.549397805058219 1
1 0 0 0.889021767912098 0.110978232087902 0
1 0 0 0.883235306791818 0.116764693208182 0
0 1 1 0.29829709415894 0.70170290584106 1
0 1 1 0.107028714282837 0.892971285717163 1
0 1 1 0.755303157200241 0.244696842799759 0
0 1 1 0.673010639407436 0.326989360592564 0
0 1 1 0.725982725986386 0.274017274013614 0
1 0 0 0.887629501634704 0.112370498365296 0
0 1 1 0.248368710394024 0.751631289605976 1
1 0 0 0.904176361357178 0.0958236386428218 0
1 0 0 0.792159514587353 0.207840485412646 0
1 0 0 0.794169194010758 0.205830805989241 0
1 0 0 0.924442352901226 0.0755576470987743 0
0 1 1 0.226815974780517 0.773184025219483 1
0 1 1 0.714901071610631 0.285098928389369 0
0 1 1 0.0841242002847083 0.915875799715292 1
0 1 1 0.164464736861313 0.835535263138687 1
1 0 0 0.337711840853423 0.662288159146576 1
1 0 0 0.761624582194026 0.238375417805974 0
1 0 0 0.736192102396854 0.263807897603146 0
1 0 0 0.879093774878749 0.120906225121251 0
1 0 0 0.520538964721423 0.479461035278577 0
0 1 1 0.126711494440748 0.873288505559252 1
0 1 1 0.102965818617147 0.897034181382854 1
0 1 1 0.250516947729205 0.749483052270795 1
0 1 1 0.726041737764918 0.273958262235082 0
1 0 0 0.275729945768813 0.724270054231187 1
0 1 1 0.160863154509261 0.839136845490739 1
1 0 0 0.556213341899793 0.443786658100207 0
0 1 1 0.0815898250406367 0.918410174959363 1
0 1 1 0.381288320979501 0.618711679020499 1
0 1 1 0.737300416736453 0.262699583263547 0
0 1 1 0.804205246932413 0.195794753067587 0
0 1 1 0.67330221621638 0.32669778378362 0
1 0 0 0.753751196583514 0.246248803416486 0
1 0 0 0.754083698493694 0.245916301506307 0
0 1 1 0.911332439360658 0.0886675606393415 0
0 1 1 0.585469334626071 0.414530665373929 0
1 0 0 0.785758178274878 0.214241821725122 0
1 0 0 0.68260989971782 0.31739010028218 0
1 0 0 0.748531131188859 0.251468868811141 0
1 0 0 0.814764364333849 0.185235635666151 0
1 0 0 0.909658798369156 0.0903412016308444 0
0 1 1 0.224693033876042 0.775306966123958 1
0 1 1 0.81475121192757 0.18524878807243 0
0 1 1 0.533060308199139 0.466939691800861 0
0 1 1 0.399655897322124 0.600344102677876 1
1 0 0 0.75386194140328 0.24613805859672 0
0 1 1 0.286851493296108 0.713148506703893 1
1 0 0 0.719518528643938 0.280481471356062 0
1 0 0 0.532270849491395 0.467729150508605 0
0 1 1 0.378364126832036 0.621635873167964 1
0 1 1 0.0944451331755965 0.905554866824404 1
1 0 0 0.266121996496408 0.733878003503592 1
0 1 1 0.079474769318846 0.920525230681154 1
1 0 0 0.79331665863683 0.20668334136317 0
0 1 1 0.356818767010571 0.643181232989429 1
1 0 0 0.413002404554672 0.586997595445328 1
1 0 0 0.804647780701316 0.195352219298684 0
0 1 1 0.68386529808033 0.31613470191967 0
1 0 0 0.822788797753201 0.1772112022468 0
1 0 0 0.252846384864481 0.747153615135519 1
1 0 0 0.914898596945162 0.0851014030548382 0
1 0 0 0.804032201310648 0.195967798689352 0
0 1 1 0.630343161617079 0.369656838382921 0
1 0 0 0.47742401637059 0.52257598362941 1
0 1 1 0.283400761148143 0.716599238851857 1
0 1 1 0.872716626066991 0.127283373933009 0
1 0 0 0.909495447316272 0.0905045526837279 0
0 1 1 0.24768868130865 0.75231131869135 1
1 0 0 0.477824203682901 0.522175796317099 1
1 0 0 0.75463252658879 0.24536747341121 0
1 0 0 0.555277217754165 0.444722782245835 0
0 1 1 0.844737606273882 0.155262393726118 0
1 0 0 0.51640156858831 0.48359843141169 0
1 0 0 0.873291665044016 0.126708334955984 0
0 1 1 0.688254841399032 0.311745158600968 0
1 0 0 0.392005394974766 0.607994605025234 1
0 1 1 0.417474046217028 0.582525953782972 1
1 0 0 0.375371201550583 0.624628798449417 1
0 1 1 0.171105918685608 0.828894081314392 1
0 1 1 0.854789941730947 0.145210058269053 0
1 0 0 0.862775208427713 0.137224791572287 0
0 1 1 0.315684721726738 0.684315278273262 1
1 0 0 0.736372068679049 0.26362793132095 0
0 1 1 0.203234338380364 0.796765661619636 1
0 1 1 0.353403125170564 0.646596874829436 1
1 0 0 0.296201462442297 0.703798537557703 1
1 0 0 0.318789389708485 0.681210610291515 1
0 1 1 0.921390290896885 0.0786097091031148 0
1 0 0 0.627528428039917 0.372471571960083 0
1 0 0 0.853322685259853 0.146677314740147 0
0 1 1 0.894687866756895 0.105312133243105 0
1 0 0 0.491482703707772 0.508517296292228 1
1 0 0 0.914725658897384 0.0852743411026162 0
1 0 0 0.727280872311228 0.272719127688772 0
1 0 0 0.202265824032301 0.797734175967699 1
1 0 0 0.218440089745136 0.781559910254864 1
1 0 0 0.868481945473658 0.131518054526342 0
0 1 1 0.457644674669497 0.542355325330503 1
1 0 0 0.930812418593913 0.0691875814060875 0
0 1 1 0.541124608565683 0.458875391434317 0
1 0 0 0.906711402820621 0.0932885971793789 0
1 0 0 0.558570175245462 0.441429824754538 0
0 1 1 0.85611649805313 0.14388350194687 0
1 0 0 0.460937759060177 0.539062240939823 1
0 1 1 0.288225804042889 0.711774195957111 1
0 1 1 0.804190080306137 0.195809919693863 0
1 0 0 0.884185270229312 0.115814729770688 0
0 1 1 0.535605269772132 0.464394730227868 0
0 1 1 0.130206113244142 0.869793886755858 1
1 0 0 0.783321555601711 0.216678444398289 0
1 0 0 0.906975227539172 0.0930247724608283 0
0 1 1 0.150838558594793 0.849161441405207 1
1 0 0 0.575849964002907 0.424150035997093 0
0 1 1 0.822102736132102 0.177897263867898 0
1 0 0 0.888225616443017 0.111774383556983 0
0 1 1 0.894136950535642 0.105863049464358 0
1 0 0 0.656569333335964 0.343430666664036 0
0 1 1 0.698477834209253 0.301522165790746 0
1 0 0 0.913310838834878 0.0866891611651219 0
0 1 1 0.180740747939984 0.819259252060016 1
1 0 0 0.912156820512592 0.0878431794874077 0
0 1 1 0.151380299197798 0.848619700802202 1
0 1 1 0.41729955566376 0.58270044433624 1
0 1 1 0.321515445367747 0.678484554632253 1
0 1 1 0.190110767220853 0.809889232779147 1
0 1 1 0.425998113100763 0.574001886899237 1
1 0 0 0.848241520829931 0.151758479170068 0
1 0 0 0.894213219414855 0.105786780585145 0
0 1 1 0.35464507489168 0.64535492510832 1
1 0 0 0.921966219241521 0.0780337807584792 0
0 1 1 0.120151730372464 0.879848269627536 1
0 1 1 0.189677056544112 0.810322943455888 1
0 1 1 0.905445300108513 0.0945546998914869 0
0 1 1 0.603721265329684 0.396278734670316 0
1 0 0 0.607450923752328 0.392549076247672 0
0 1 1 0.660854438376582 0.339145561623418 0
1 0 0 0.920930989701579 0.0790690102984209 0
1 0 0 0.619739222900111 0.380260777099889 0
1 0 0 0.842471078146587 0.157528921853413 0
1 0 0 0.639402583671014 0.360597416328986 0
1 0 0 0.52611371590798 0.47388628409202 0
0 1 1 0.674875259267874 0.325124740732126 0
0 1 1 0.665489183132929 0.334510816867071 0
1 0 0 0.631377371184919 0.368622628815081 0
1 0 0 0.272429289313156 0.727570710686844 1
0 1 1 0.214872512870574 0.785127487129426 1
0 1 1 0.0964036299878178 0.903596370012182 1
0 1 1 0.711835466941915 0.288164533058085 0
0 1 1 0.109145398308098 0.890854601691902 1
0 1 1 0.659502840123436 0.340497159876564 0
0 1 1 0.175801952516277 0.824198047483723 1
0 1 1 0.370395288020829 0.629604711979171 1
0 1 1 0.279438533492521 0.720561466507479 1
1 0 0 0.871093135235723 0.128906864764277 0
1 0 0 0.908708625120193 0.0912913748798069 0
0 1 1 0.101177171351189 0.898822828648811 1
1 0 0 0.582921385011683 0.417078614988317 0
1 0 0 0.855070445883609 0.144929554116391 0
0 1 1 0.890239074619375 0.109760925380625 0
1 0 0 0.555075922377675 0.444924077622325 0
0 1 1 0.194658654109945 0.805341345890055 1
1 0 0 0.107588657765462 0.892411342234538 1
0 1 1 0.09173242720674 0.90826757279326 1
0 1 1 0.403138097050515 0.596861902949485 1
1 0 0 0.829693167160195 0.170306832839805 0
0 1 1 0.307630657036321 0.692369342963679 1
0 1 1 0.494851385091889 0.505148614908111 1
1 0 0 0.879389340129909 0.120610659870091 0
1 0 0 0.111779399970294 0.888220600029706 1
0 1 1 0.39658062418396 0.60341937581604 1
0 1 1 0.379180785191288 0.620819214808712 1
1 0 0 0.65633830316301 0.34366169683699 0
0 1 1 0.156076789376816 0.843923210623184 1
0 1 1 0.116617815042487 0.883382184957513 1
0 1 1 0.165651146805381 0.83434885319462 1
1 0 0 0.91464742264176 0.0853525773582401 0
0 1 1 0.404729932924975 0.595270067075025 1
1 0 0 0.821928431117678 0.178071568882322 0
1 0 0 0.91389849595174 0.0861015040482597 0
0 1 1 0.213705544203382 0.786294455796618 1
0 1 1 0.916331582738191 0.0836684172618091 0
0 1 1 0.784949399657371 0.215050600342629 0
1 0 0 0.409061680673598 0.590938319326402 1
0 1 1 0.18162380277279 0.81837619722721 1
0 1 1 0.139298652157076 0.860701347842925 1
1 0 0 0.834497722336712 0.165502277663287 0
1 0 0 0.17766966057243 0.82233033942757 1
1 0 0 0.764137237455194 0.235862762544806 0
0 1 1 0.220214872666451 0.779785127333549 1
1 0 0 0.922706848268806 0.0772931517311938 0
1 0 0 0.615598006547646 0.384401993452354 0
0 1 1 0.34373070309386 0.65626929690614 1
1 0 0 0.29499175448179 0.70500824551821 1
1 0 0 0.766363385952846 0.233636614047154 0
1 0 0 0.879801312653257 0.120198687346743 0
0 1 1 0.181466497976257 0.818533502023743 1
0 1 1 0.111366339752438 0.888633660247562 1
1 0 0 0.832246151776149 0.167753848223851 0
1 0 0 0.553974650610778 0.446025349389222 0
0 1 1 0.172566508157161 0.827433491842839 1
1 0 0 0.881431806990859 0.118568193009141 0
1 0 0 0.659664324789794 0.340335675210206 0
1 0 0 0.838621804707968 0.161378195292032 0
1 0 0 0.691327479274965 0.308672520725035 0
0 1 1 0.231623639543013 0.768376360456987 1
0 1 1 0.824108287697378 0.175891712302623 0
1 0 0 0.248967559177654 0.751032440822346 1
0 1 1 0.245332703792395 0.754667296207605 1
1 0 0 0.740895696384368 0.259104303615632 0
1 0 0 0.742889280895083 0.257110719104917 0
1 0 0 0.799900272531018 0.200099727468982 0
1 0 0 0.14392944845518 0.85607055154482 1
1 0 0 0.714767327778158 0.285232672221842 0
1 0 0 0.729252113267761 0.270747886732239 0
0 1 1 0.269853744002902 0.730146255997098 1
1 0 0 0.356756077027811 0.643243922972189 1
1 0 0 0.853176441277184 0.146823558722816 0
0 1 1 0.137959230849403 0.862040769150597 1
1 0 0 0.554764013573478 0.445235986426522 0
0 1 1 0.203777702874067 0.796222297125933 1
1 0 0 0.907193437040625 0.0928065629593748 0
1 0 0 0.843577133362657 0.156422866637343 0
0 1 1 0.778566257794881 0.221433742205119 0
0 1 1 0.14014245785413 0.85985754214587 1
0 1 1 0.893758655324158 0.106241344675842 0
0 1 1 0.533262250950797 0.466737749049203 0
0 1 1 0.105325755512526 0.894674244487473 1
1 0 0 0.71253548716049 0.28746451283951 0
0 1 1 0.174986029190428 0.825013970809572 1
1 0 0 0.359453423396918 0.640546576603082 1
1 0 0 0.496683400924747 0.503316599075253 1
1 0 0 0.313782301141234 0.686217698858766 1
1 0 0 0.36482894906128 0.63517105093872 1
1 0 0 0.214923351383447 0.785076648616553 1
0 1 1 0.124155765693744 0.875844234306256 1
1 0 0 0.757778017609055 0.242221982390946 0
1 0 0 0.709706203207946 0.290293796792054 0
1 0 0 0.727455027455754 0.272544972544246 0
0 1 1 0.254488390079532 0.745511609920468 1
0 1 1 0.568384541963463 0.431615458036537 0
0 1 1 0.162667268277706 0.837332731722294 1
0 1 1 0.216077957136314 0.783922042863686 1
0 1 1 0.778513447124354 0.221486552875646 0
0 1 1 0.109336578518953 0.890663421481047 1
0 1 1 0.374090112118969 0.625909887881031 1
0 1 1 0.108800011030637 0.891199988969363 1
1 0 0 0.766237589234375 0.233762410765625 0
0 1 1 0.502359789150453 0.497640210849547 0
0 1 1 0.146031946560889 0.853968053439111 1
0 1 1 0.263135291974373 0.736864708025627 1
0 1 1 0.837183668541403 0.162816331458597 0
1 0 0 0.204141474881755 0.795858525118246 1
0 1 1 0.162040933577526 0.837959066422474 1
1 0 0 0.909673219486157 0.0903267805138428 0
0 1 1 0.689243797010837 0.310756202989163 0
0 1 1 0.191327678391838 0.808672321608162 1
1 0 0 0.850830046048816 0.149169953951184 0
1 0 0 0.868563368401011 0.131436631598989 0
