0 1 1 0.273633220030157 0.726366779969843 1
1 0 0 0.458367878719944 0.541632121280056 1
0 1 1 0.0880515935589195 0.91194840644108 1
1 0 0 0.366193576305359 0.633806423694641 1
0 1 1 0.180399548711057 0.819600451288943 1
1 0 0 0.872460640194963 0.127539359805037 0
1 0 0 0.386364805427061 0.613635194572939 1
1 0 0 0.26137745229472 0.73862254770528 1
0 1 1 0.213585572664171 0.786414427335829 1
0 1 1 0.181843115374526 0.818156884625474 1
1 0 0 0.875039883802827 0.124960116197173 0
1 0 0 0.859163481653286 0.140836518346714 0
1 0 0 0.8540801429952 0.1459198570048 0
0 1 1 0.155626116637488 0.844373883362512 1
0 1 1 0.7230861874576 0.2769138125424 0
0 1 1 0.141401759238144 0.858598240761856 1
0 1 1 0.14795606997277 0.85204393002723 1
1 0 0 0.892809361021398 0.107190638978602 0
0 1 1 0.281472608035174 0.718527391964826 1
0 1 1 0.396195201079601 0.603804798920399 1
0 1 1 0.78850469383752 0.21149530616248 0
1 0 0 0.316950679523015 0.683049320476985 1
0 1 1 0.923061915215828 0.0769380847841721 0
0 1 1 0.130112270748307 0.869887729251693 1
0 1 1 0.228495324715768 0.771504675284232 1
1 0 0 0.656162515025882 0.343837484974118 0
0 1 1 0.406566270644708 0.593433729355292 1
1 0 0 0.903866989331092 0.0961330106689083 0
1 0 0 0.913141115584962 0.0868588844150383 0
1 0 0 0.882484804874825 0.117515195125175 0
1 0 0 0.727677909698658 0.272322090301342 0
0 1 1 0.0778391467831895 0.922160853216811 1
0 1 1 0.911643627545919 0.0883563724540814 0
1 0 0 0.795561748084204 0.204438251915796 0
0 1 1 0.381075161844572 0.618924838155428 1
0 1 1 0.126908621613078 0.873091378386922 1
0 1 1 0.307057859502366 0.692942140497634 1
0 1 1 0.147542159784619 0.852457840215381 1
1 0 0 0.657602068564844 0.342397931435155 0
1 0 0 0.927740772654823 0.0722592273451772 0
1 0 0 0.903360133164517 0.0966398668354827 0
0 1 1 0.115432602129098 0.884567397870903 1
1 0 0 0.202925057245142 0.797074942754858 1
0 1 1 0.140476573157782 0.859523426842218 1
0 1 1 0.181575714709396 0.818424285290604 1
0 1 1 0.917813013758686 0.0821869862413138 0
0 1 1 0.190889540416494 0.809110459583506 1
0 1 1 0.468045575566971 0.531954424433029 1
0 1 1 0.0734114235199129 0.926588576480087 1
1 0 0 0.38734849379708 0.61265150620292 1
0 1 1 0.326249038022533 0.673750961977467 1
0 1 1 0.0966462938803606 0.903353706119639 1
0 1 1 0.591277917152022 0.408722082847978 0
0 1 1 0.168969462706922 0.831030537293078 1
0 1 1 0.117496615028265 0.882503384971735 1
1 0 0 0.904620310753741 0.0953796892462591 0
1 0 0 0.720003414288666 0.279996585711334 0
0 1 1 0.122393256400348 0.877606743599652 1
1 0 0 0.850563866510007 0.149436133489993 0
1 0 0 0.353513443643082 0.646486556356919 1
0 1 1 0.148146884968109 0.851853115031891 1
1 0 0 0.926662423772685 0.0733375762273148 0
0 1 1 0.169323360458996 0.830676639541004 1
1 0 0 0.604665448262095 0.395334551737905 0
0 1 1 0.385009298226058 0.614990701773942 1
1 0 0 0.23863429816465 0.76136570183535 1
1 0 0 0.913169835219998 0.0868301647800019 0
1 0 0 0.636710453839606 0.363289546160394 0
0 1 1 0.744083040727263 0.255916959272738 0
0 1 1 0.323955629057005 0.676044370942995 1
1 0 0 0.829305734964213 0.170694265035787 0
1 0 0 0.579631847965686 0.420368152034314 0
1 0 0 0.296850326086537 0.703149673913463 1
0 1 1 0.840594313863429 0.159405686136571 0
0 1 1 0.0870900380547428 0.912909961945257 1
1 0 0 0.115446767211167 0.884553232788833 1
0 1 1 0.274373494342519 0.725626505657481 1
1 0 0 0.159145002803593 0.840854997196407 1
1 0 0 0.903273426306134 0.096726573693866 0
0 1 1 0.470697056436812 0.529302943563188 1
1 0 0 0.811863783255163 0.188136216744837 0
0 1 1 0.19349689128789 0.80650310871211 1
0 1 1 0.286029931529253 0.713970068470747 1
1 0 0 0.876779186902497 0.123220813097503 0
1 0 0 0.862855360538744 0.137144639461256 0
0 1 1 0.169455976463465 0.830544023536535 1
1 0 0 0.892058853665875 0.107941146334125 0
0 1 1 0.23078515680278 0.76921484319722 1
1 0 0 0.850391761265283 0.149608238734716 0
0 1 1 0.614221638614566 0.385778361385434 0
0 1 1 0.687886453578888 0.312113546421112 0
1 0 0 0.127038286958028 0.872961713041972 1
1 0 0 0.923764273823421 0.0762357261765794 0
0 1 1 0.291376620130678 0.708623379869322 1
1 0 0 0.883890010444809 0.116109989555191 0
0 1 1 0.374424065864517 0.625575934135483 1
0 1 1 0.17738449419029 0.822615505809711 1
0 1 1 0.263206473879953 0.736793526120047 1
1 0 0 0.667457386233784 0.332542613766216 0
1 0 0 0.880125660835252 0.119874339164748 0
1 0 0 0.915089562263673 0.084910437736327 0
0 1 1 0.326406759649903 0.673593240350097 1
0 1 1 0.18698422468662 0.81301577531338 1
0 1 1 0.442668176477212 0.557331823522788 1
0 1 1 0.688349488569687 0.311650511430313 0
0 1 1 0.447646441502854 0.552353558497146 1
0 1 1 0.222420793632248 0.777579206367752 1
0 1 1 0.145115477086716 0.854884522913284 1
1 0 0 0.503800206604527 0.496199793395473 0
0 1 1 0.0931401538418353 0.906859846158165 1
0 1 1 0.504950372145196 0.495049627854804 0
1 0 0 0.796275533408894 0.203724466591106 0
1 0 0 0.210438222486909 0.789561777513091 1
1 0 0 0.616226973040494 0.383773026959506 0
0 1 1 0.1367442906484 0.8632557093516 1
0 1 1 0.0927716386491248 0.907228361350875 1
0 1 1 0.300910609189123 0.699089390810877 1
1 0 0 0.836869093229856 0.163130906770144 0
1 0 0 0.683491502351851 0.316508497648149 0
0 1 1 0.539826519987486 0.460173480012514 0
0 1 1 0.0886078641732055 0.911392135826794 1
1 0 0 0.635865314549396 0.364134685450604 0
0 1 1 0.498508322987809 0.501491677012191 1
0 1 1 0.857406681350563 0.142593318649437 0
1 0 0 0.623726144275941 0.376273855724059 0
1 0 0 0.42244347874162 0.57755652125838 1
1 0 0 0.854762615516985 0.145237384483015 0
0 1 1 0.912134620515099 0.0878653794849006 0
0 1 1 0.746850493025953 0.253149506974047 0
0 1 1 0.109133925743601 0.890866074256399 1
0 1 1 0.587939895471435 0.412060104528565 0
0 1 1 0.0968710818640377 0.903128918135962 1
1 0 0 0.917928095221819 0.0820719047781809 0
1 0 0 0.5341596119635 0.4658403880365 0
1 0 0 0.535538883111241 0.464461116888759 0
1 0 0 0.844469476929283 0.155530523070717 0
0 1 1 0.134305336193373 0.865694663806627 1
1 0 0 0.2345504607244 0.7654495392756 1
1 0 0 0.396772192322621 0.603227807677379 1
1 0 0 0.243121812250849 0.756878187749151 1
0 1 1 0.279956029474128 0.720043970525872 1
1 0 0 0.262003082923415 0.737996917076585 1
0 1 1 0.0855400715237677 0.914459928476232 1
1 0 0 0.614613550952857 0.385386449047143 0
0 1 1 0.6067288317839 0.3932711682161 0
0 1 1 0.510677861067088 0.489322138932912 0
1 0 0 0.912462916789788 0.087537083210212 0
1 0 0 0.864729811247174 0.135270188752826 0
0 1 1 0.20237445782266 0.79762554217734 1
0 1 1 0.363405828139706 0.636594171860294 1
1 0 0 0.353694201055975 0.646305798944025 1
0 1 1 0.405659544837072 0.594340455162928 1
0 1 1 0.137886767038107 0.862113232961893 1
0 1 1 0.756348047235365 0.243651952764635 0
0 1 1 0.617943571079789 0.382056428920211 0
1 0 0 0.878070899491778 0.121929100508222 0
0 1 1 0.263395619089485 0.736604380910515 1
0 1 1 0.0913341590192278 0.908665840980772 1
0 1 1 0.23633439052154 0.76366560947846 1
1 0 0 0.680415400379933 0.319584599620067 0
0 1 1 0.221826635650294 0.778173364349706 1
1 0 0 0.906816707836595 0.0931832921634046 0
0 1 1 0.228801068999952 0.771198931000048 1
0 1 1 0.169949256176119 0.830050743823881 1
0 1 1 0.364230317236968 0.635769682763032 1
0 1 1 0.297897224175328 0.702102775824672 1
0 1 1 0.256519006851286 0.743480993148714 1
1 0 0 0.707654954189023 0.292345045810977 0
1 0 0 0.837016106509719 0.162983893490281 0
1 0 0 0.767426527755593 0.232573472244407 0
0 1 1 0.220284045720287 0.779715954279713 1
0 1 1 0.554967615097153 0.445032384902847 0
0 1 1 0.208886977029073 0.791113022970927 1
0 1 1 0.255480306358365 0.744519693641635 1
1 0 0 0.474225535023762 0.525774464976238 1
0 1 1 0.210217756102228 0.789782243897772 1
0 1 1 0.157076976104712 0.842923023895288 1
0 1 1 0.759367096349963 0.240632903650037 0
0 1 1 0.52546680191421 0.47453319808579 0
0 1 1 0.749036746944568 0.250963253055432 0
0 1 1 0.795300601381611 0.204699398618389 0
1 0 0 0.327408556875609 0.672591443124391 1
1 0 0 0.520754851279342 0.479245148720659 0
1 0 0 0.811011704930866 0.188988295069134 0
0 1 1 0.457271107690466 0.542728892309534 1
1 0 0 0.798875235439232 0.201124764560768 0
0 1 1 0.4160517016754 0.5839482983246 1
0 1 1 0.126046747437285 0.873953252562715 1
1 0 0 0.843336649406109 0.156663350593891 0
1 0 0 0.84875193795454 0.15124806204546 0
1 0 0 0.888277284337433 0.111722715662567 0
1 0 0 0.372805379604014 0.627194620395986 1
0 1 1 0.733334636508499 0.266665363491501 0
1 0 0 0.903743090032979 0.0962569099670209 0
1 0 0 0.925721092872814 0.0742789071271859 0
1 0 0 0.866342465313322 0.133657534686678 0
1 0 0 0.617641145478191 0.382358854521809 0
0 1 1 0.429217321335651 0.570782678664349 1
0 1 1 0.504618169703181 0.495381830296819 0
1 0 0 0.842009357304869 0.157990642695131 0
1 0 0 0.3091014739682 0.6908985260318 1
1 0 0 0.686523998762533 0.313476001237467 0
1 0 0 0.795490729469497 0.204509270530503 0
0 1 1 0.109769070500859 0.890230929499141 1
1 0 0 0.822631164857292 0.177368835142708 0
0 1 1 0.672650054171701 0.327349945828299 0
1 0 0 0.34406641921583 0.65593358078417 1
1 0 0 0.897180111983353 0.102819888016647 0
1 0 0 0.909488406669828 0.0905115933301723 0
1 0 0 0.337468229293612 0.662531770706388 1
0 1 1 0.747856536177561 0.252143463822439 0
1 0 0 0.859289124793606 0.140710875206394 0
1 0 0 0.553837717805205 0.446162282194795 0
0 1 1 0.684668210978141 0.315331789021859 0
0 1 1 0.200776991232904 0.799223008767096 1
0 1 1 0.536073388583777 0.463926611416223 0
1 0 0 0.501932964287886 0.498067035712114 0
1 0 0 0.829240595063264 0.170759404936736 0
0 1 1 0.490700503511897 0.509299496488103 1
0 1 1 0.292100186251416 0.707899813748584 1
0 1 1 0.137191443323542 0.862808556676458 1
1 0 0 0.585033270363412 0.414966729636588 0
1 0 0 0.705207187243508 0.294792812756492 0
0 1 1 0.0833917536369583 0.916608246363042 1
0 1 1 0.102842825938604 0.897157174061396 1
1 0 0 0.683855189232656 0.316144810767344 0
0 1 1 0.245077540539025 0.754922459460975 1
0 1 1 0.640847227735639 0.359152772264361 0
0 1 1 0.195909156639951 0.804090843360049 1
0 1 1 0.215486361696832 0.784513638303168 1
0 1 1 0.0881777029219736 0.911822297078027 1
0 1 1 0.434085489282926 0.565914510717074 1
1 0 0 0.668549165482593 0.331450834517407 0
1 0 0 0.348625759259015 0.651374240740985 1
0 1 1 0.487579047922676 0.512420952077324 1
0 1 1 0.329264190225757 0.670735809774243 1
0 1 1 0.497073246610035 0.502926753389965 1
1 0 0 0.476916808674591 0.523083191325408 1
1 0 0 0.384643395553619 0.615356604446381 1
1 0 0 0.834759810657535 0.165240189342465 0
1 0 0 0.376317094228877 0.623682905771123 1
0 1 1 0.185920296577993 0.814079703422007 1
1 0 0 0.393694800115178 0.606305199884822 1
1 0 0 0.315532623998243 0.684467376001757 1
1 0 0 0.0935291168652507 0.906470883134749 1
1 0 0 0.885812621488614 0.114187378511386 0
0 1 1 0.903254959038134 0.0967450409618663 0
0 1 1 0.116945019215727 0.883054980784273 1
0 1 1 0.109743363685764 0.890256636314236 1
1 0 0 0.589922635739085 0.410077364260915 0
1 0 0 0.839068120553517 0.160931879446483 0
0 1 1 0.334970768527623 0.665029231472377 1
0 1 1 0.259034472672203 0.740965527327797 1
0 1 1 0.909459597795887 0.0905404022041132 0
0 1 1 0.876322565280937 0.123677434719063 0
0 1 1 0.685817723918824 0.314182276081176 0
0 1 1 0.122543730094438 0.877456269905562 1
1 0 0 0.903186950591179 0.0968130494088214 0
0 1 1 0.474100740866092 0.525899259133908 1
1 0 0 0.831904742061279 0.168095257938721 0
1 0 0 0.769738475269123 0.230261524730877 0
0 1 1 0.101399852327287 0.898600147672713 1
1 0 0 0.660037189177916 0.339962810822084 0
1 0 0 0.896677888227657 0.103322111772343 0
1 0 0 0.911255656066329 0.0887443439336706 0
0 1 1 0.642524269640774 0.357475730359226 0
0 1 1 0.336880890327233 0.663119109672768 1
0 1 1 0.295903368419775 0.704096631580225 1
0 1 1 0.51008569859411 0.48991430140589 0
1 0 0 0.695272318036389 0.304727681963611 0
0 1 1 0.842675466528812 0.157324533471188 0
1 0 0 0.870803545241893 0.129196454758108 0
1 0 0 0.896173132630425 0.103826867369575 0
1 0 0 0.609328840294229 0.390671159705771 0
1 0 0 0.843646179286596 0.156353820713404 0
0 1 1 0.0740730876455016 0.925926912354499 1
0 1 1 0.687090831551825 0.312909168448175 0
1 0 0 0.261312600571212 0.738687399428788 1
0 1 1 0.140973952401795 0.859026047598205 1
0 1 1 0.23714948977443 0.76285051022557 1
1 0 0 0.897601313003265 0.102398686996736 0
0 1 1 0.289151089687411 0.710848910312589 1
0 1 1 0.586025085325871 0.413974914674129 0
0 1 1 0.884399893050372 0.115600106949628 0
1 0 0 0.175682807196938 0.824317192803062 1
1 0 0 0.796873173563395 0.203126826436604 0
1 0 0 0.338585958560848 0.661414041439153 1
1 0 0 0.90146564978599 0.0985343502140097 0
0 1 1 0.251435951684975 0.748564048315025 1
0 1 1 0.385974654768538 0.614025345231462 1
0 1 1 0.758298125755663 0.241701874244337 0
1 0 0 0.914069552188804 0.0859304478111961 0
0 1 1 0.83047550005734 0.16952449994266 0
0 1 1 0.752538276102792 0.247461723897208 0
1 0 0 0.724275083911706 0.275724916088294 0
0 1 1 0.29445594492844 0.70554405507156 1
0 1 1 0.104742226655699 0.895257773344301 1
1 0 0 0.688187884656518 0.311812115343482 0
1 0 0 0.899900148769964 0.100099851230036 0
0 1 1 0.398810684199858 0.601189315800142 1
1 0 0 0.755205993141088 0.244794006858912 0
1 0 0 0.105697795954801 0.894302204045199 1
1 0 0 0.716954553515051 0.283045446484949 0
1 0 0 0.689543851182056 0.310456148817944 0
1 0 0 0.522130811860131 0.477869188139869 0
1 0 0 0.893533635548247 0.106466364451753 0
1 0 0 0.831852852645429 0.168147147354571 0
1 0 0 0.925427335363026 0.0745726646369735 0
0 1 1 0.859339558978299 0.140660441021701 0
0 1 1 0.207362040613806 0.792637959386194 1
1 0 0 0.483109783431521 0.516890216568479 1
0 1 1 0.666942777728511 0.333057222271489 0
1 0 0 0.85256618436706 0.14743381563294 0
0 1 1 0.212532577235076 0.787467422764924 1
1 0 0 0.293401865289197 0.706598134710803 1
1 0 0 0.651879584818351 0.348120415181649 0
0 1 1 0.148286138411922 0.851713861588078 1
0 1 1 0.618127160425169 0.381872839574831 0
0 1 1 0.264568145677203 0.735431854322797 1
1 0 0 0.676569573229336 0.323430426770664 0
1 0 0 0.914646772119888 0.0853532278801124 0
0 1 1 0.201998270330568 0.798001729669432 1
0 1 1 0.338320579626466 0.661679420373534 1
0 1 1 0.4423540415867 0.5576459584133 1
0 1 1 0.294480319124649 0.705519680875351 1
1 0 0 0.826811850310789 0.173188149689211 0
1 0 0 0.516495731412537 0.483504268587463 0
0 1 1 0.354465793034244 0.645534206965756 1
0 1 1 0.702046955435983 0.297953044564017 0
0 1 1 0.201722288021625 0.798277711978375 1
1 0 0 0.900768225835781 0.0992317741642193 0
1 0 0 0.923377543078954 0.0766224569210459 0
0 1 1 0.488422665997241 0.511577334002759 1
1 0 0 0.288334666659051 0.711665333340949 1
1 0 0 0.459065493019277 0.540934506980723 1
0 1 1 0.276272829963469 0.723727170036531 1
1 0 0 0.215557676983031 0.784442323016969 1
0 1 1 0.176002082003087 0.823997917996913 1
0 1 1 0.783043955282239 0.216956044717761 0
0 1 1 0.185737988787269 0.814262011212731 1
1 0 0 0.911921625180487 0.0880783748195131 0
1 0 0 0.64568177409948 0.35431822590052 0
1 0 0 0.910237166235776 0.0897628337642243 0
1 0 0 0.852275573954099 0.147724426045901 0
0 1 1 0.701984453366981 0.298015546633019 0
1 0 0 0.560785456991935 0.439214543008064 0
1 0 0 0.646085333142041 0.353914666857959 0
0 1 1 0.162676796395499 0.837323203604501 1
1 0 0 0.850792407517908 0.149207592482092 0
1 0 0 0.679972510468931 0.320027489531069 0
1 0 0 0.519639409236043 0.480360590763957 0
0 1 1 0.132280294258229 0.867719705741771 1
1 0 0 0.871176181405232 0.128823818594768 0
1 0 0 0.785963822447248 0.214036177552752 0
1 0 0 0.659932614636758 0.340067385363242 0
0 1 1 0.11540682453238 0.88459317546762 1
1 0 0 0.488145939927924 0.511854060072076 1
0 1 1 0.0979751060611078 0.902024893938892 1
1 0 0 0.922675044364247 0.0773249556357534 0
0 1 1 0.804664951356022 0.195335048643978 0
0 1 1 0.409827019177263 0.590172980822737 1
0 1 1 0.829434191610339 0.170565808389661 0
0 1 1 0.343040537915405 0.656959462084595 1
1 0 0 0.171802250969117 0.828197749030883 1
1 0 0 0.806215788421202 0.193784211578798 0
0 1 1 0.296076043647325 0.703923956352675 1
1 0 0 0.841465957997238 0.158534042002762 0
0 1 1 0.683767608552055 0.316232391447945 0
1 0 0 0.616241645315111 0.383758354684889 0
1 0 0 0.478301605201386 0.521698394798614 1
1 0 0 0.82464916551773 0.17535083448227 0
1 0 0 0.92680975210985 0.0731902478901501 0
0 1 1 0.316190509368485 0.683809490631515 1
1 0 0 0.322401052110625 0.677598947889374 1
0 1 1 0.391877765476652 0.608122234523348 1
1 0 0 0.887123268672328 0.112876731327672 0
1 0 0 0.875349756487209 0.124650243512791 0
1 0 0 0.831153227311127 0.168846772688873 0
1 0 0 0.88083587144208 0.11916412855792 0
0 1 1 0.114505426989959 0.885494573010041 1
1 0 0 0.860370778117395 0.139629221882605 0
1 0 0 0.201573908404733 0.798426091595267 1
0 1 1 0.136125928423729 0.863874071576272 1
1 0 0 0.879610712098741 0.120389287901259 0
1 0 0 0.552948925279611 0.447051074720389 0
0 1 1 0.536058364082275 0.463941635917725 0
0 1 1 0.0836455157640345 0.916354484235965 1
1 0 0 0.844401246143683 0.155598753856317 0
0 1 1 0.302292331326324 0.697707668673676 1
0 1 1 0.135168341554702 0.864831658445298 1
0 1 1 0.213155457193585 0.786844542806415 1
0 1 1 0.554716432631569 0.445283567368431 0
0 1 1 0.238305421795943 0.761694578204057 1
0 1 1 0.636893931866249 0.363106068133751 0
0 1 1 0.669774077748919 0.330225922251081 0
1 0 0 0.876808304973565 0.123191695026435 0
1 0 0 0.872728100464251 0.12727189953575 0
0 1 1 0.158302003773025 0.841697996226975 1
0 1 1 0.0947222290380882 0.905277770961912 1
0 1 1 0.784171367977378 0.215828632022622 0
1 0 0 0.365592899218519 0.634407100781481 1
0 1 1 0.169624346130836 0.830375653869165 1
0 1 1 0.871807126381703 0.128192873618297 0
0 1 1 0.376843871082738 0.623156128917262 1
1 0 0 0.724005082536545 0.275994917463455 0
0 1 1 0.600672519598582 0.399327480401418 0
1 0 0 0.493277693426785 0.506722306573215 1
1 0 0 0.843839265011923 0.156160734988077 0
0 1 1 0.451707046874727 0.548292953125273 1
1 0 0 0.429125352723246 0.570874647276754 1
1 0 0 0.711565256447176 0.288434743552824 0
0 1 1 0.330679092733596 0.669320907266404 1
0 1 1 0.462428846529685 0.537571153470314 1
0 1 1 0.295815418326098 0.704184581673902 1
0 1 1 0.25857290067447 0.74142709932553 1
1 0 0 0.293749130707955 0.706250869292045 1
1 0 0 0.527238601576275 0.472761398423725 0
1 0 0 0.296743945138084 0.703256054861916 1
0 1 1 0.162280983808524 0.837719016191476 1
0 1 1 0.777173554823248 0.222826445176752 0
1 0 0 0.922342274173598 0.0776577258264017 0
1 0 0 0.826023942889291 0.173976057110709 0
0 1 1 0.124841539631092 0.875158460368908 1
0 1 1 0.108760130239396 0.891239869760604 1
0 1 1 0.723697876207725 0.276302123792275 0
0 1 1 0.107888686186532 0.892111313813468 1
1 0 0 0.425530011666663 0.574469988333337 1
0 1 1 0.28843553053401 0.71156446946599 1
1 0 0 0.636795638923056 0.363204361076944 0
0 1 1 0.0839742259490847 0.916025774050915 1
0 1 1 0.745719808928947 0.254280191071053 0
0 1 1 0.17040512853183 0.82959487146817 1
0 1 1 0.134290979578171 0.865709020421829 1
1 0 0 0.703116065565062 0.296883934434938 0
0 1 1 0.726492998485147 0.273507001514853 0
0 1 1 0.695712863712257 0.304287136287743 0
1 0 0 0.297447908750891 0.702552091249109 1
0 1 1 0.345415774592264 0.654584225407736 1
0 1 1 0.13881526889357 0.86118473110643 1
0 1 1 0.21047042163677 0.78952957836323 1
1 0 0 0.282675024677213 0.717324975322787 1
1 0 0 0.816460407354463 0.183539592645537 0
0 1 1 0.238957135583533 0.761042864416467 1
0 1 1 0.174047006234281 0.825952993765719 1
0 1 1 0.507828499017596 0.492171500982404 0
1 0 0 0.915168164657379 0.0848318353426206 0
0 1 1 0.199660112605314 0.800339887394686 1
1 0 0 0.901992870860387 0.0980071291396129 0
1 0 0 0.862984579576924 0.137015420423076 0
0 1 1 0.889778724218629 0.110221275781371 0
0 1 1 0.464761935691549 0.535238064308451 1
0 1 1 0.286634579536908 0.713365420463092 1
1 0 0 0.903523380639503 0.0964766193604969 0
1 0 0 0.875897917287976 0.124102082712024 0
0 1 1 0.48422695275607 0.51577304724393 1
1 0 0 0.376974368905091 0.623025631094909 1
0 1 1 0.256278419687661 0.743721580312339 1
1 0 0 0.755855146585635 0.244144853414365 0
0 1 1 0.45805544846352 0.54194455153648 1
0 1 1 0.871684115898664 0.128315884101337 0
0 1 1 0.263955133221715 0.736044866778285 1
1 0 0 0.868249099584344 0.131750900415656 0
1 0 0 0.780398174500935 0.219601825499065 0
1 0 0 0.76344123356118 0.23655876643882 0
0 1 1 0.295387380272423 0.704612619727577 1
1 0 0 0.847682265550329 0.152317734449672 0
0 1 1 0.156116486004748 0.843883513995252 1
1 0 0 0.88762451043029 0.11237548956971 0
0 1 1 0.10862594300533 0.89137405699467 1
1 0 0 0.773642935761013 0.226357064238987 0
0 1 1 0.191976683335125 0.808023316664875 1
1 0 0 0.490635123169443 0.509364876830557 1
0 1 1 0.230670733864605 0.769329266135395 1
1 0 0 0.568150927131626 0.431849072868374 0
1 0 0 0.867539201106093 0.132460798893907 0
0 1 1 0.16513636878196 0.83486363121804 1
1 0 0 0.759151365145231 0.240848634854769 0
1 0 0 0.79395444122243 0.20604555877757 0
1 0 0 0.427053064244023 0.572946935755977 1
1 0 0 0.898222497733386 0.101777502266613 0
1 0 0 0.481526729553403 0.518473270446597 1
1 0 0 0.853587799355725 0.146412200644275 0
1 0 0 0.916365042043648 0.0836349579563517 0
0 1 1 0.721551645475979 0.278448354524021 0
1 0 0 0.908187517031372 0.0918124829686275 0
1 0 0 0.908585981906308 0.0914140180936919 0
1 0 0 0.53619301232701 0.46380698767299 0
0 1 1 0.124437966941711 0.875562033058289 1
1 0 0 0.903343902775098 0.0966560972249018 0
0 1 1 0.12615584805181 0.87384415194819 1
1 0 0 0.213007871694171 0.786992128305829 1
0 1 1 0.43389281735783 0.56610718264217 1
0 1 1 0.502030987204874 0.497969012795126 0
0 1 1 0.915513002645166 0.0844869973548338 0
0 1 1 0.0850655129010823 0.914934487098918 1
0 1 1 0.387128906660803 0.612871093339197 1
0 1 1 0.221457492685232 0.778542507314768 1
1 0 0 0.887979825767226 0.112020174232773 0
0 1 1 0.913277921904467 0.0867220780955336 0
0 1 1 0.194368699788162 0.805631300211838 1
0 1 1 0.304345801867126 0.695654198132874 1
1 0 0 0.532771571986547 0.467228428013453 0
1 0 0 0.899392656686826 0.100607343313174 0
0 1 1 0.61691783585545 0.38308216414455 0
1 0 0 0.911327027361752 0.0886729726382483 0
1 0 0 0.862171108265504 0.137828891734496 0
0 1 1 0.110402570519837 0.889597429480163 1
0 1 1 0.240667852812269 0.759332147187731 1
1 0 0 0.818956600070472 0.181043399929528 0
1 0 0 0.791609892587153 0.208390107412847 0
1 0 0 0.713481103231975 0.286518896768025 0
0 1 1 0.161580520511772 0.838419479488228 1
1 0 0 0.718029224733624 0.281970775266376 0
1 0 0 0.708609450219389 0.29139054978061 0
1 0 0 0.824050456248691 0.175949543751309 0
1 0 0 0.796536819682414 0.203463180317586 0
0 1 1 0.172949796603809 0.827050203396191 1
0 1 1 0.625404872537288 0.374595127462712 0
0 1 1 0.212589559516753 0.787410440483247 1
1 0 0 0.498636192898268 0.501363807101732 1
1 0 0 0.456269662108469 0.543730337891531 1
0 1 1 0.307028356624053 0.692971643375947 1
1 0 0 0.902791246711917 0.0972087532880832 0
0 1 1 0.164913965879659 0.835086034120341 1
1 0 0 0.911025885828729 0.0889741141712714 0
0 1 1 0.592322612571341 0.407677387428659 0
1 0 0 0.22191803439143 0.77808196560857 1
0 1 1 0.793717695060849 0.206282304939151 0
1 0 0 0.669481622638523 0.330518377361477 0
0 1 1 0.490185858688205 0.509814141311795 1
1 0 0 0.860857690576389 0.139142309423611 0
1 0 0 0.718246402646185 0.281753597353815 0
0 1 1 0.304731236288757 0.695268763711243 1
0 1 1 0.163483665774269 0.836516334225731 1
0 1 1 0.625300432055497 0.374699567944503 0
1 0 0 0.823436491397458 0.176563508602542 0
0 1 1 0.210422022814987 0.789577977185013 1
1 0 0 0.884921899103765 0.115078100896235 0
1 0 0 0.800375571853736 0.199624428146264 0
0 1 1 0.79531433472634 0.20468566527366 0
1 0 0 0.859786835262329 0.140213164737671 0
1 0 0 0.836580730266733 0.163419269733267 0
0 1 1 0.258642079178408 0.741357920821592 1
0 1 1 0.161671459304757 0.838328540695243 1
0 1 1 0.486787140861135 0.513212859138865 1
1 0 0 0.902886350486202 0.0971136495137975 0
1 0 0 0.534171596800323 0.465828403199677 0
0 1 1 0.231122706985864 0.768877293014136 1
0 1 1 0.0838315775954842 0.916168422404516 1
1 0 0 0.79415686253806 0.20584313746194 0
1 0 0 0.901461235256675 0.0985387647433249 0
1 0 0 0.464058719848174 0.535941280151826 1
0 1 1 0.480312410351888 0.519687589648112 1
1 0 0 0.588755297655836 0.411244702344164 0
1 0 0 0.851001043365822 0.148998956634178 0
0 1 1 0.815899795116791 0.184100204883209 0
0 1 1 0.707146812103491 0.292853187896509 0
1 0 0 0.341806935272437 0.658193064727563 1
1 0 0 0.913087141132234 0.0869128588677665 0
0 1 1 0.109182856113487 0.890817143886513 1
0 1 1 0.266912687780832 0.733087312219168 1
1 0 0 0.913958031251245 0.0860419687487554 0
1 0 0 0.803728828976723 0.196271171023277 0
1 0 0 0.526780323588378 0.473219676411622 0
1 0 0 0.844041104325579 0.155958895674421 0
0 1 1 0.894995230506612 0.105004769493388 0
1 0 0 0.592184985367396 0.407815014632604 0
0 1 1 0.698105613294494 0.301894386705507 0
1 0 0 0.810716517210391 0.189283482789609 0
0 1 1 0.561154381804322 0.438845618195679 0
0 1 1 0.672404515690779 0.327595484309221 0
1 0 0 0.311344483848402 0.688655516151598 1
1 0 0 0.850880223262219 0.149119776737781 0
0 1 1 0.6999863398668 0.3000136601332 0
0 1 1 0.421012963022872 0.578987036977128 1
0 1 1 0.589606741982459 0.410393258017541 0
1 0 0 0.887143350136311 0.112856649863689 0
0 1 1 0.153955143952433 0.846044856047567 1
1 0 0 0.447910279049962 0.552089720950038 1
1 0 0 0.844824089219427 0.155175910780573 0
1 0 0 0.496520198329195 0.503479801670805 1
0 1 1 0.621596553169313 0.378403446830687 0
0 1 1 0.878413730459203 0.121586269540797 0
1 0 0 0.89569462341569 0.10430537658431 0
1 0 0 0.782570833289699 0.217429166710301 0
0 1 1 0.118608075723172 0.881391924276828 1
1 0 0 0.711867375698146 0.288132624301854 0
0 1 1 0.35395535417927 0.64604464582073 1
0 1 1 0.258851697091076 0.741148302908924 1
0 1 1 0.221730449591014 0.778269550408986 1
1 0 0 0.38805987156418 0.61194012843582 1
1 0 0 0.850160627954751 0.149839372045249 0
1 0 0 0.741723166471152 0.258276833528848 0
0 1 1 0.192450161541668 0.807549838458332 1
1 0 0 0.84453187934502 0.15546812065498 0
0 1 1 0.358324219856424 0.641675780143576 1
0 1 1 0.116925127816781 0.883074872183219 1
1 0 0 0.922198216397768 0.0778017836022323 0
0 1 1 0.322421927178597 0.677578072821403 1
1 0 0 0.916972350117689 0.0830276498823115 0
0 1 1 0.878619653155429 0.121380346844571 0
1 0 0 0.91672603944038 0.0832739605596203 0
0 1 1 0.643450447103693 0.356549552896307 0
0 1 1 0.151219060149562 0.848780939850438 1
1 0 0 0.597176529684901 0.402823470315099 0
0 1 1 0.146839779147074 0.853160220852926 1
0 1 1 0.655949380812517 0.344050619187483 0
0 1 1 0.268797699777496 0.731202300222504 1
0 1 1 0.277429305176153 0.722570694823847 1
1 0 0 0.671295524362347 0.328704475637653 0
1 0 0 0.251426298031535 0.748573701968466 1
1 0 0 0.824599570850586 0.175400429149414 0
0 1 1 0.118198407494217 0.881801592505783 1
1 0 0 0.808635340191404 0.191364659808596 0
0 1 1 0.268337419282517 0.731662580717483 1
0 1 1 0.101069016985092 0.898930983014908 1
1 0 0 0.820784650370507 0.179215349629493 0
0 1 1 0.624331176440593 0.375668823559407 0
1 0 0 0.897726022529882 0.102273977470119 0
1 0 0 0.864657411124951 0.135342588875049 0
0 1 1 0.809328106472838 0.190671893527162 0
0 1 1 0.115840583792971 0.884159416207028 1
1 0 0 0.828522066623591 0.171477933376409 0
0 1 1 0.201700536321068 0.798299463678932 1
0 1 1 0.109638707964203 0.890361292035797 1
1 0 0 0.465006357459511 0.534993642540489 1
1 0 0 0.827235777041685 0.172764222958315 0
0 1 1 0.224200806516801 0.775799193483199 1
0 1 1 0.0942179220913199 0.90578207790868 1
1 0 0 0.900803623385003 0.0991963766149967 0
0 1 1 0.394514419807706 0.605485580192294 1
0 1 1 0.349448587326157 0.650551412673843 1
1 0 0 0.306309387276088 0.693690612723912 1
1 0 0 0.732287330281133 0.267712669718866 0
0 1 1 0.113425250993935 0.886574749006065 1
0 1 1 0.314721938715868 0.685278061284132 1
1 0 0 0.752178829370069 0.247821170629932 0
1 0 0 0.140392023271004 0.859607976728996 1
1 0 0 0.764343405414741 0.235656594585259 0
0 1 1 0.729102529279502 0.270897470720498 0
0 1 1 0.31416805803352 0.68583194196648 1
1 0 0 0.152990731739727 0.847009268260273 1
1 0 0 0.790475911810115 0.209524088189886 0
0 1 1 0.111346135235048 0.888653864764952 1
1 0 0 0.903260488733595 0.0967395112664048 0
1 0 0 0.546887219543635 0.453112780456365 0
1 0 0 0.748459750870819 0.251540249129181 0
0 1 1 0.252501927031063 0.747498072968937 1
1 0 0 0.799716671947044 0.200283328052956 0
0 1 1 0.271225008773374 0.728774991226626 1
1 0 0 0.788081533470968 0.211918466529032 0
0 1 1 0.438563281599315 0.561436718400685 1
1 0 0 0.891358916629732 0.108641083370268 0
1 0 0 0.911264114435672 0.0887358855643283 0
0 1 1 0.143210552628566 0.856789447371434 1
1 0 0 0.721499907677673 0.278500092322327 0
1 0 0 0.736564641237297 0.263435358762702 0
1 0 0 0.495682809917332 0.504317190082668 1
0 1 1 0.476430646440196 0.523569353559804 1
0 1 1 0.251203243010535 0.748796756989465 1
1 0 0 0.916730041851372 0.0832699581486278 0
0 1 1 0.0897129389965043 0.910287061003496 1
1 0 0 0.217171800214109 0.782828199785891 1
1 0 0 0.9165895474151 0.0834104525848996 0
1 0 0 0.900606110112621 0.0993938898873792 0
0 1 1 0.612469070989388 0.387530929010612 0
1 0 0 0.930969293004663 0.069030706995337 0
0 1 1 0.708082418438539 0.291917581561461 0
1 0 0 0.103018364132406 0.896981635867594 1
0 1 1 0.140889388575789 0.859110611424211 1
0 1 1 0.681018900076958 0.318981099923042 0
0 1 1 0.271106069409369 0.728893930590631 1
0 1 1 0.219114277835652 0.780885722164348 1
0 1 1 0.643148971083582 0.356851028916418 0
1 0 0 0.586710503898604 0.413289496101396 0
0 1 1 0.600908405438391 0.399091594561609 0
0 1 1 0.534840432533434 0.465159567466566 0
0 1 1 0.490711314262668 0.509288685737332 1
0 1 1 0.215874831971181 0.784125168028819 1
1 0 0 0.921014070177916 0.0789859298220837 0
0 1 1 0.638670431472067 0.361329568527933 0
0 1 1 0.228128301971414 0.771871698028586 1
1 0 0 0.791556107167702 0.208443892832298 0
1 0 0 0.900064184353517 0.0999358156464829 0
0 1 1 0.725702560510176 0.274297439489824 0
1 0 0 0.600340268559981 0.399659731440019 0
0 1 1 0.813652820971318 0.186347179028682 0
0 1 1 0.257806047217824 0.742193952782176 1
1 0 0 0.883699606386931 0.116300393613069 0
0 1 1 0.589798043094015 0.410201956905985 0
0 1 1 0.485702497068067 0.514297502931933 1
0 1 1 0.228745825976344 0.771254174023656 1
1 0 0 0.877040541553266 0.122959458446734 0
0 1 1 0.794394609644707 0.205605390355293 0
0 1 1 0.494844873898918 0.505155126101082 1
0 1 1 0.481892982660691 0.518107017339308 1
1 0 0 0.292263569639652 0.707736430360348 1
1 0 0 0.773136873868531 0.226863126131468 0
1 0 0 0.900383850070277 0.0996161499297225 0
0 1 1 0.785556876039269 0.214443123960731 0
1 0 0 0.902476739104552 0.0975232608954485 0
0 1 1 0.116562358779526 0.883437641220474 1
0 1 1 0.137233785013409 0.862766214986592 1
0 1 1 0.666358827288253 0.333641172711747 0
0 1 1 0.0829527200469684 0.917047279953032 1
1 0 0 0.468475785953988 0.531524214046012 1
1 0 0 0.589174802590806 0.410825197409194 0
1 0 0 0.925084862919852 0.0749151370801477 0
1 0 0 0.715441111492465 0.284558888507535 0
0 1 1 0.0986894093569635 0.901310590643036 1
0 1 1 0.276667491449885 0.723332508550115 1
0 1 1 0.288914252363434 0.711085747636566 1
0 1 1 0.145684999198906 0.854315000801094 1
0 1 1 0.349133275823668 0.650866724176332 1
0 1 1 0.227090403212087 0.772909596787913 1
0 1 1 0.293539685286118 0.706460314713882 1
1 0 0 0.269953026998285 0.730046973001715 1
0 1 1 0.367950306374505 0.632049693625495 1
1 0 0 0.611955535948243 0.388044464051757 0
0 1 1 0.231268079363958 0.768731920636042 1
0 1 1 0.275643620405068 0.724356379594932 1
0 1 1 0.334560293527427 0.665439706472573 1
0 1 1 0.434640086920971 0.565359913079029 1
0 1 1 0.104986454729425 0.895013545270574 1
0 1 1 0.725627615121987 0.274372384878013 0
1 0 0 0.485704439257753 0.514295560742247 1
0 1 1 0.755212678791306 0.244787321208694 0
0 1 1 0.141923341180826 0.858076658819174 1
0 1 1 0.143390954332322 0.856609045667678 1
0 1 1 0.170271306166985 0.829728693833015 1
1 0 0 0.857295470701844 0.142704529298156 0
1 0 0 0.896478010978343 0.103521989021657 0
0 1 1 0.202179458699003 0.797820541300997 1
1 0 0 0.674897622538498 0.325102377461502 0
0 1 1 0.0771053627384776 0.922894637261523 1
0 1 1 0.299466550104971 0.700533449895029 1
0 1 1 0.520538423287689 0.479461576712311 0
1 0 0 0.751048644320561 0.24895135567944 0
0 1 1 0.183993755406514 0.816006244593486 1
0 1 1 0.361581234497547 0.638418765502453 1
1 0 0 0.906660116597535 0.0933398834024651 0
0 1 1 0.214401914124099 0.785598085875901 1
1 0 0 0.913534414202245 0.0864655857977547 0
0 1 1 0.132723322763473 0.867276677236527 1
1 0 0 0.881510727167627 0.118489272832373 0
1 0 0 0.913659018535066 0.0863409814649336 0
0 1 1 0.320900168813688 0.679099831186312 1
0 1 1 0.473322154929911 0.526677845070089 1
1 0 0 0.828972060738357 0.171027939261643 0
1 0 0 0.687122438281535 0.312877561718465 0
0 1 1 0.622196219454272 0.377803780545728 0
0 1 1 0.395258428828573 0.604741571171427 1
0 1 1 0.436668518531146 0.563331481468854 1
0 1 1 0.729663794250927 0.270336205749073 0
0 1 1 0.779863109975503 0.220136890024497 0
1 0 0 0.769300386935549 0.230699613064451 0
1 0 0 0.37850313541138 0.62149686458862 1
1 0 0 0.716658436204644 0.283341563795356 0
0 1 1 0.214119262449211 0.785880737550789 1
0 1 1 0.223618288212979 0.776381711787022 1
1 0 0 0.467706374157448 0.532293625842552 1
0 1 1 0.401581090319815 0.598418909680185 1
1 0 0 0.730812454370168 0.269187545629832 0
1 0 0 0.635838036112532 0.364161963887468 0
1 0 0 0.885949814803411 0.114050185196589 0
1 0 0 0.839495977295758 0.160504022704242 0
1 0 0 0.875993065189551 0.124006934810449 0
1 0 0 0.919146820904678 0.0808531790953224 0
1 0 0 0.722848071577039 0.277151928422961 0
0 1 1 0.117219745832046 0.882780254167954 1
1 0 0 0.884393909975055 0.115606090024945 0
0 1 1 0.700832753668836 0.299167246331164 0
0 1 1 0.742365563820676 0.257634436179324 0
1 0 0 0.854449884613755 0.145550115386245 0
1 0 0 0.819829356344811 0.180170643655189 0
1 0 0 0.901683923468915 0.0983160765310844 0
0 1 1 0.361345628040955 0.638654371959045 1
1 0 0 0.644837451883481 0.355162548116519 0
0 1 1 0.133791919708168 0.866208080291832 1
0 1 1 0.220569394814851 0.77943060518515 1
1 0 0 0.882799494754189 0.117200505245811 0
1 0 0 0.885175541377163 0.114824458622837 0
0 1 1 0.146808761651099 0.853191238348901 1
1 0 0 0.661045965535933 0.338954034464067 0
0 1 1 0.238896229782602 0.761103770217398 1
0 1 1 0.186772446634059 0.813227553365941 1
0 1 1 0.142623323069873 0.857376676930127 1
0 1 1 0.0824964764797054 0.917503523520295 1
0 1 1 0.192433125410117 0.807566874589883 1
1 0 0 0.269526477406671 0.730473522593329 1
1 0 0 0.78373216698765 0.21626783301235 0
1 0 0 0.78157926783469 0.21842073216531 0
0 1 1 0.460463712147721 0.539536287852279 1
0 1 1 0.0966269737068998 0.9033730262931 1
0 1 1 0.49878672721614 0.50121327278386 1
1 0 0 0.775348542269233 0.224651457730767 0
1 0 0 0.864606379243272 0.135393620756728 0
0 1 1 0.122480123211612 0.877519876788388 1
1 0 0 0.916811482336676 0.0831885176633237 0
0 1 1 0.327017241348627 0.672982758651373 1
1 0 0 0.491040830850665 0.508959169149335 1
1 0 0 0.763404663583843 0.236595336416157 0
0 1 1 0.173523826883585 0.826476173116415 1
1 0 0 0.700965645505656 0.299034354494344 0
0 1 1 0.135899486561784 0.864100513438216 1
1 0 0 0.900974153178231 0.0990258468217685 0
1 0 0 0.890887756951299 0.109112243048701 0
0 1 1 0.217236144409317 0.782763855590683 1
0 1 1 0.588523243470534 0.411476756529466 0
0 1 1 0.783014107424874 0.216985892575126 0
0 1 1 0.0840294379193224 0.915970562080678 1
1 0 0 0.788579967601755 0.211420032398245 0
1 0 0 0.841226219749862 0.158773780250138 0
1 0 0 0.712249332237994 0.287750667762006 0
1 0 0 0.648518758136485 0.351481241863515 0
0 1 1 0.362604360882141 0.637395639117859 1
1 0 0 0.416443212035885 0.583556787964115 1
0 1 1 0.485848486454212 0.514151513545788 1
1 0 0 0.480344469231201 0.519655530768799 1
0 1 1 0.75083541401416 0.24916458598584 0
1 0 0 0.770077237039633 0.229922762960367 0
1 0 0 0.856966507251314 0.143033492748686 0
0 1 1 0.41653285330432 0.58346714669568 1
1 0 0 0.659082514859622 0.340917485140378 0
0 1 1 0.198583261539121 0.801416738460879 1
1 0 0 0.28260479325574 0.71739520674426 1
0 1 1 0.58657420501883 0.41342579498117 0
0 1 1 0.313288534563452 0.686711465436548 1
1 0 0 0.618219541082323 0.381780458917677 0
0 1 1 0.0823315074989898 0.91766849250101 1
0 1 1 0.35656025301746 0.64343974698254 1
0 1 1 0.119643023673152 0.880356976326848 1
0 1 1 0.14400388838296 0.85599611161704 1
1 0 0 0.796118405635125 0.203881594364874 0
1 0 0 0.734495299582676 0.265504700417324 0
1 0 0 0.775240654565582 0.224759345434418 0
1 0 0 0.73726227729131 0.26273772270869 0
1 0 0 0.931298860641271 0.0687011393587289 0
0 1 1 0.144807053163774 0.855192946836226 1
0 1 1 0.10392966015807 0.89607033984193 1
0 1 1 0.204033805043147 0.795966194956853 1
1 0 0 0.864653968393619 0.135346031606381 0
1 0 0 0.847601912938132 0.152398087061868 0
1 0 0 0.560229987669159 0.439770012330841 0
0 1 1 0.759403414547718 0.240596585452282 0
0 1 1 0.737739363739458 0.262260636260542 0
0 1 1 0.276035123675939 0.723964876324061 1
1 0 0 0.773628012567344 0.226371987432656 0
0 1 1 0.286054210200138 0.713945789799862 1
1 0 0 0.87086015104306 0.12913984895694 0
0 1 1 0.927252851851373 0.0727471481486268 0
1 0 0 0.791642282703473 0.208357717296527 0
0 1 1 0.248854979775514 0.751145020224486 1
1 0 0 0.322243139622658 0.677756860377342 1
1 0 0 0.107864666150854 0.892135333849146 1
0 1 1 0.459161062240872 0.540838937759128 1
0 1 1 0.326766862656211 0.673233137343789 1
1 0 0 0.873954131830586 0.126045868169414 0
1 0 0 0.756414344642897 0.243585655357103 0
0 1 1 0.465567992401597 0.534432007598403 1
1 0 0 0.913968277704292 0.0860317222957075 0
0 1 1 0.153808580148874 0.846191419851126 1
0 1 1 0.557253253454023 0.442746746545977 0
0 1 1 0.218617474442769 0.781382525557231 1
1 0 0 0.502628827300873 0.497371172699127 0
1 0 0 0.814346119346571 0.185653880653429 0
0 1 1 0.475447114617551 0.524552885382449 1
1 0 0 0.779920992967767 0.220079007032233 0
0 1 1 0.389913920726913 0.610086079273087 1
0 1 1 0.152144607791259 0.847855392208741 1
1 0 0 0.274847086481901 0.725152913518099 1
1 0 0 0.225480791473899 0.774519208526101 1
0 1 1 0.141371442113371 0.858628557886629 1
0 1 1 0.746825040966975 0.253174959033025 0
1 0 0 0.685804645504236 0.314195354495765 0
0 1 1 0.259598406605309 0.740401593394691 1
0 1 1 0.692758669055146 0.307241330944854 0
0 1 1 0.254931670292247 0.745068329707753 1
1 0 0 0.886163754347832 0.113836245652168 0
0 1 1 0.18080543642532 0.81919456357468 1
0 1 1 0.128640272951997 0.871359727048003 1
1 0 0 0.835831648559239 0.164168351440761 0
1 0 0 0.741636256268005 0.258363743731995 0
0 1 1 0.181690095558832 0.818309904441168 1
1 0 0 0.355292156135666 0.644707843864334 1
1 0 0 0.923211225372975 0.0767887746270246 0
1 0 0 0.649188594727844 0.350811405272156 0
0 1 1 0.625516826322958 0.374483173677042 0
0 1 1 0.1561669303366 0.8438330696634 1
0 1 1 0.109296861728249 0.890703138271751 1
1 0 0 0.772603013948069 0.227396986051931 0
0 1 1 0.287415799556173 0.712584200443827 1
1 0 0 0.637011955431585 0.362988044568415 0
1 0 0 0.848036261072204 0.151963738927796 0
0 1 1 0.27088437187878 0.72911562812122 1
0 1 1 0.683481913993198 0.316518086006802 0
1 0 0 0.847118317550805 0.152881682449195 0
1 0 0 0.846274489803249 0.15372551019675 0
0 1 1 0.114068487641691 0.885931512358309 1
0 1 1 0.660506519300753 0.339493480699247 0
0 1 1 0.170371650942541 0.829628349057459 1
1 0 0 0.547722984669096 0.452277015330904 0
1 0 0 0.922539110416883 0.0774608895831173 0
1 0 0 0.924797307249059 0.075202692750941 0
0 1 1 0.728985756183986 0.271014243816014 0
0 1 1 0.750537106921959 0.249462893078041 0
1 0 0 0.799022394887664 0.200977605112336 0
0 1 1 0.254946429768434 0.745053570231566 1
0 1 1 0.764148639073753 0.235851360926247 0
0 1 1 0.666337874670327 0.333662125329672 0
0 1 1 0.406450382772369 0.593549617227631 1
0 1 1 0.463319037334805 0.536680962665195 1
1 0 0 0.326388436307525 0.673611563692475 1
1 0 0 0.90248867669929 0.0975113233007103 0
1 0 0 0.884706143858906 0.115293856141094 0
0 1 1 0.303292012348483 0.696707987651517 1
1 0 0 0.411581063543494 0.588418936456506 1
0 1 1 0.783884856760071 0.216115143239929 0
1 0 0 0.916966753574974 0.0830332464250256 0
1 0 0 0.921476726080866 0.0785232739191344 0
1 0 0 0.155276562953282 0.844723437046718 1
1 0 0 0.904150593610206 0.0958494063897939 0
1 0 0 0.835599663706719 0.164400336293281 0
0 1 1 0.171200543716008 0.828799456283992 1
0 1 1 0.670363569610007 0.329636430389993 0
0 1 1 0.22318059872973 0.77681940127027 1
1 0 0 0.914831664405714 0.0851683355942862 0
0 1 1 0.313931481983183 0.686068518016817 1
0 1 1 0.198446704905344 0.801553295094656 1
1 0 0 0.60597832884426 0.39402167115574 0
1 0 0 0.396021396494705 0.603978603505295 1
1 0 0 0.718124822358593 0.281875177641407 0
0 1 1 0.121729503436786 0.878270496563214 1
1 0 0 0.843929385248694 0.156070614751306 0
1 0 0 0.678748078612735 0.321251921387265 0
1 0 0 0.819807563160754 0.180192436839246 0
0 1 1 0.427125812575482 0.572874187424518 1
0 1 1 0.361638138078432 0.638361861921568 1
1 0 0 0.903050471001885 0.0969495289981154 0
0 1 1 0.17794395684833 0.82205604315167 1
0 1 1 0.387586521108988 0.612413478891012 1
0 1 1 0.110544991311429 0.889455008688571 1
1 0 0 0.735950365916072 0.264049634083928 0
1 0 0 0.911455025871345 0.0885449741286549 0
0 1 1 0.653740075002614 0.346259924997386 0
1 0 0 0.865097862839408 0.134902137160592 0
0 1 1 0.643708841728253 0.356291158271747 0
1 0 0 0.480141746316773 0.519858253683227 1
0 1 1 0.467757492947791 0.532242507052209 1
0 1 1 0.0960646893823176 0.903935310617683 1
1 0 0 0.679357514854884 0.320642485145116 0
0 1 1 0.12760412368387 0.87239587631613 1
1 0 0 0.558855954002885 0.441144045997115 0
0 1 1 0.378513078314312 0.621486921685688 1
1 0 0 0.789484871132842 0.210515128867158 0
0 1 1 0.523730935295725 0.476269064704275 0
0 1 1 0.397269646782389 0.602730353217611 1
0 1 1 0.216146807158994 0.783853192841006 1
0 1 1 0.635456110396693 0.364543889603307 0
1 0 0 0.668047929112129 0.331952070887871 0
0 1 1 0.585848723479859 0.414151276520141 0
1 0 0 0.921437062200725 0.078562937799275 0
0 1 1 0.605076228378901 0.394923771621099 0
1 0 0 0.87710033174564 0.12289966825436 0
0 1 1 0.581498002399465 0.418501997600535 0
0 1 1 0.0974587336403075 0.902541266359693 1
1 0 0 0.884211619400507 0.115788380599493 0
1 0 0 0.906210033426097 0.0937899665739028 0
0 1 1 0.834117203851196 0.165882796148804 0
1 0 0 0.108991211576098 0.891008788423902 1
0 1 1 0.278326623016879 0.721673376983121 1
0 1 1 0.280396031980976 0.719603968019024 1
0 1 1 0.524206358669249 0.475793641330751 0
0 1 1 0.43661133345031 0.56338866654969 1
0 1 1 0.646151038996261 0.353848961003739 0
0 1 1 0.141022425970983 0.858977574029017 1
1 0 0 0.691062471379062 0.308937528620938 0
1 0 0 0.472406875321486 0.527593124678514 1
1 0 0 0.739019371634416 0.260980628365584 0
0 1 1 0.13131498532021 0.86868501467979 1
1 0 0 0.386618351959674 0.613381648040326 1
1 0 0 0.584367269329207 0.415632730670793 0
1 0 0 0.816683322630026 0.183316677369974 0
1 0 0 0.83145544583651 0.16854455416349 0
1 0 0 0.707805267599486 0.292194732400513 0
1 0 0 0.849242806135468 0.150757193864532 0
0 1 1 0.118379195518312 0.881620804481688 1
0 1 1 0.701389116215301 0.298610883784699 0
1 0 0 0.855266713595632 0.144733286404368 0
0 1 1 0.0847000708614016 0.915299929138598 1
1 0 0 0.879220492287112 0.120779507712888 0
1 0 0 0.674458885203556 0.325541114796444 0
1 0 0 0.895879567881476 0.104120432118524 0
1 0 0 0.238694755621869 0.761305244378131 1
0 1 1 0.490145273887061 0.509854726112939 1
1 0 0 0.928029546891103 0.0719704531088975 0
0 1 1 0.347954186885999 0.652045813114001 1
1 0 0 0.545304056914205 0.454695943085795 0
1 0 0 0.636005222457808 0.363994777542192 0
0 1 1 0.110570263614662 0.889429736385338 1
0 1 1 0.117631248474231 0.882368751525769 1
0 1 1 0.129887814627936 0.870112185372064 1
0 1 1 0.277876691872418 0.722123308127582 1
0 1 1 0.180123160795176 0.819876839204824 1
1 0 0 0.704207188268908 0.295792811731092 0
1 0 0 0.891650927223365 0.108349072776635 0
1 0 0 0.888467252472798 0.111532747527202 0
0 1 1 0.127502532983669 0.872497467016331 1
1 0 0 0.897409029725413 0.102590970274587 0
0 1 1 0.680017981384048 0.319982018615952 0
0 1 1 0.166079680853753 0.833920319146247 1
1 0 0 0.814374635151368 0.185625364848632 0
0 1 1 0.862214593676273 0.137785406323727 0
0 1 1 0.178912318428503 0.821087681571497 1
0 1 1 0.118117598505289 0.881882401494711 1
1 0 0 0.917119162860553 0.0828808371394474 0
1 0 0 0.87584616599386 0.12415383400614 0
1 0 0 0.301773186144341 0.698226813855659 1
0 1 1 0.214975228204068 0.785024771795932 1
0 1 1 0.518443116980536 0.481556883019464 0
0 1 1 0.781330650766815 0.218669349233185 0
1 0 0 0.844984080038426 0.155015919961574 0
0 1 1 0.0865552761801238 0.913444723819876 1
0 1 1 0.306233799498057 0.693766200501943 1
0 1 1 0.170851599508751 0.829148400491249 1
0 1 1 0.29054956307515 0.70945043692485 1
1 0 0 0.928217792898252 0.0717822071017476 0
0 1 1 0.624688927835391 0.375311072164609 0
0 1 1 0.111231666413885 0.888768333586115 1
1 0 0 0.920826252344745 0.0791737476552552 0
1 0 0 0.857047013379792 0.142952986620208 0
0 1 1 0.30921359357608 0.69078640642392 1
1 0 0 0.921080227000002 0.078919772999998 0
0 1 1 0.508382204284363 0.491617795715637 0
0 1 1 0.754744309955935 0.245255690044065 0
0 1 1 0.210279827464711 0.789720172535289 1
1 0 0 0.847310175362851 0.15268982463715 0
1 0 0 0.235970709802257 0.764029290197743 1
1 0 0 0.70850227308059 0.29149772691941 0
0 1 1 0.657715594128509 0.342284405871491 0
0 1 1 0.127266744528385 0.872733255471615 1
1 0 0 0.919567235124285 0.0804327648757148 0
0 1 1 0.131081357121936 0.868918642878064 1
0 1 1 0.287359938610636 0.712640061389364 1
0 1 1 0.684765502460229 0.315234497539771 0
0 1 1 0.0827843379213203 0.91721566207868 1
0 1 1 0.139506282894698 0.860493717105302 1
1 0 0 0.873111119957465 0.126888880042535 0
0 1 1 0.61009533303309 0.38990466696691 0
0 1 1 0.434906488345488 0.565093511654512 1
0 1 1 0.145460319398251 0.854539680601749 1
0 1 1 0.896686217896828 0.103313782103172 0
1 0 0 0.608112803054399 0.391887196945601 0
0 1 1 0.353953355147623 0.646046644852377 1
1 0 0 0.675500205709873 0.324499794290127 0
1 0 0 0.889849765523951 0.110150234476049 0
1 0 0 0.372176909178328 0.627823090821672 1
1 0 0 0.688414142565521 0.311585857434479 0
0 1 1 0.346501692293705 0.653498307706295 1
1 0 0 0.616388348516704 0.383611651483297 0
1 0 0 0.530966614292165 0.469033385707835 0
0 1 1 0.174709467791356 0.825290532208644 1
1 0 0 0.636944727711192 0.363055272288808 0
0 1 1 0.220107130484822 0.779892869515178 1
1 0 0 0.842008889735892 0.157991110264108 0
1 0 0 0.746243540378025 0.253756459621975 0
0 1 1 0.105286408204489 0.894713591795511 1
1 0 0 0.901189032468788 0.0988109675312121 0
0 1 1 0.261608981418637 0.738391018581363 1
0 1 1 0.312882415539713 0.687117584460287 1
1 0 0 0.644670693495528 0.355329306504472 0
0 1 1 0.40455128295373 0.59544871704627 1
1 0 0 0.894814528373319 0.105185471626681 0
1 0 0 0.863021694234671 0.136978305765329 0
1 0 0 0.698258332222209 0.301741667777791 0
0 1 1 0.248170594814974 0.751829405185026 1
0 1 1 0.695978402143192 0.304021597856808 0
1 0 0 0.768469737819792 0.231530262180208 0
0 1 1 0.255338788390402 0.744661211609598 1
0 1 1 0.0921062662983561 0.907893733701644 1
1 0 0 0.115012813047249 0.884987186952751 1
0 1 1 0.759450403148781 0.240549596851219 0
0 1 1 0.126989330082363 0.873010669917636 1
0 1 1 0.284797697807719 0.715202302192281 1
0 1 1 0.257320285612761 0.742679714387239 1
1 0 0 0.888368853454168 0.111631146545832 0
0 1 1 0.67883203509508 0.32116796490492 0
1 0 0 0.889463951939297 0.110536048060703 0
0 1 1 0.207534500758468 0.792465499241532 1
1 0 0 0.501627408550891 0.498372591449109 0
0 1 1 0.619515556310611 0.380484443689389 0
0 1 1 0.174594067927267 0.825405932072733 1
1 0 0 0.772443265714817 0.227556734285183 0
0 1 1 0.147321246741613 0.852678753258387 1
1 0 0 0.907339197987945 0.0926608020120548 0
0 1 1 0.510358120858593 0.489641879141407 0
1 0 0 0.637108518596257 0.362891481403743 0
0 1 1 0.263308935551561 0.736691064448439 1
1 0 0 0.747240290973635 0.252759709026365 0
1 0 0 0.650375001543284 0.349624998456716 0
0 1 1 0.517787861146405 0.482212138853595 0
1 0 0 0.518484276899951 0.481515723100049 0
0 1 1 0.12878409857373 0.87121590142627 1
0 1 1 0.85791300059508 0.14208699940492 0
0 1 1 0.258639323751115 0.741360676248885 1
1 0 0 0.758757298634314 0.241242701365686 0
0 1 1 0.407439956761235 0.592560043238765 1
0 1 1 0.776452952767727 0.223547047232273 0
1 0 0 0.503695776919186 0.496304223080814 0
0 1 1 0.226803735482934 0.773196264517066 1
1 0 0 0.8777360575087 0.1222639424913 0
1 0 0 0.755807409013113 0.244192590986887 0
0 1 1 0.153988712080291 0.846011287919709 1
1 0 0 0.652896165844829 0.347103834155171 0
1 0 0 0.912181315705222 0.0878186842947776 0
1 0 0 0.912683826357745 0.0873161736422552 0
1 0 0 0.570572871171077 0.429427128828923 0
0 1 1 0.758344339297964 0.241655660702036 0
1 0 0 0.857343786579825 0.142656213420175 0
0 1 1 0.756934040627255 0.243065959372745 0
1 0 0 0.804974024568978 0.195025975431022 0
0 1 1 0.76981702498877 0.23018297501123 0
1 0 0 0.886127247763213 0.113872752236787 0
1 0 0 0.857666179012069 0.142333820987931 0
1 0 0 0.787318059883894 0.212681940116106 0
1 0 0 0.916513123534265 0.0834868764657347 0
1 0 0 0.528940267679836 0.471059732320164 0
1 0 0 0.573766832160922 0.426233167839078 0
1 0 0 0.811288631059803 0.188711368940197 0
1 0 0 0.764705303727231 0.235294696272769 0
1 0 0 0.790567360209423 0.209432639790577 0
0 1 1 0.124774765963441 0.875225234036559 1
0 1 1 0.104084240331266 0.895915759668734 1
0 1 1 0.0942237689838776 0.905776231016122 1
1 0 0 0.541298906011629 0.458701093988371 0
1 0 0 0.525564762154396 0.474435237845605 0
0 1 1 0.132665272695692 0.867334727304308 1
1 0 0 0.896710592374707 0.103289407625293 0
1 0 0 0.885003766617053 0.114996233382947 0
0 1 1 0.299604327040224 0.700395672959776 1
0 1 1 0.230992042242113 0.769007957757887 1
0 1 1 0.175777671908103 0.824222328091897 1
0 1 1 0.872013522858396 0.127986477141604 0
1 0 0 0.747907824509857 0.252092175490143 0
1 0 0 0.454629509509706 0.545370490490294 1
1 0 0 0.896036284416855 0.103963715583145 0
0 1 1 0.115521020951375 0.884478979048625 1
1 0 0 0.887600618056466 0.112399381943534 0
0 1 1 0.354317115333883 0.645682884666117 1
1 0 0 0.912572252524099 0.087427747475901 0
1 0 0 0.152830801955867 0.847169198044133 1
0 1 1 0.924516891400129 0.0754831085998711 0
0 1 1 0.157192505774116 0.842807494225884 1
1 0 0 0.885176596453386 0.114823403546614 0
1 0 0 0.427193789784581 0.572806210215419 1
0 1 1 0.0999629907963832 0.900037009203617 1
1 0 0 0.791481522987601 0.208518477012399 0
1 0 0 0.310724127119421 0.689275872880579 1
1 0 0 0.868796527510626 0.131203472489374 0
1 0 0 0.723587501204988 0.276412498795012 0
0 1 1 0.0970720749847931 0.902927925015207 1
0 1 1 0.124796485542212 0.875203514457788 1
1 0 0 0.124777826884986 0.875222173115014 1
1 0 0 0.273954344882565 0.726045655117435 1
1 0 0 0.133758214552857 0.866241785447143 1
0 1 1 0.357863514725926 0.642136485274074 1
0 1 1 0.643362358610521 0.356637641389479 0
1 0 0 0.870596776728606 0.129403223271394 0
0 1 1 0.385159397660572 0.614840602339429 1
1 0 0 0.581622166918756 0.418377833081244 0
1 0 0 0.357144035329854 0.642855964670146 1
0 1 1 0.0899792518330315 0.910020748166969 1
0 1 1 0.585667946561391 0.41433205343861 0
0 1 1 0.71706688812396 0.28293311187604 0
0 1 1 0.115794814179805 0.884205185820195 1
0 1 1 0.125678762291948 0.874321237708052 1
1 0 0 0.803850745271975 0.196149254728025 0
1 0 0 0.268547985757328 0.731452014242672 1
0 1 1 0.156313956418132 0.843686043581868 1
1 0 0 0.816424584502121 0.183575415497879 0
0 1 1 0.119980765005488 0.880019234994512 1
1 0 0 0.833345514305504 0.166654485694496 0
1 0 0 0.900502446857864 0.0994975531421357 0
0 1 1 0.0777114519410276 0.922288548058972 1
0 1 1 0.24842096152396 0.75157903847604 1
1 0 0 0.656075782934433 0.343924217065567 0
0 1 1 0.433359506438505 0.566640493561495 1
1 0 0 0.879754068977406 0.120245931022594 0
0 1 1 0.710289923461563 0.289710076538437 0
1 0 0 0.205924794768074 0.794075205231926 1
1 0 0 0.924471667979444 0.0755283320205561 0
1 0 0 0.336902318499249 0.663097681500751 1
1 0 0 0.912524916032063 0.0874750839679371 0
0 1 1 0.12716536759576 0.87283463240424 1
1 0 0 0.878648731274436 0.121351268725564 0
0 1 1 0.109333983221679 0.890666016778321 1
1 0 0 0.148832039648269 0.851167960351731 1
1 0 0 0.104339501029129 0.895660498970871 1
0 1 1 0.637591930405378 0.362408069594622 0
1 0 0 0.703115216720502 0.296884783279498 0
1 0 0 0.909623657804211 0.0903763421957887 0
0 1 1 0.0783887563343264 0.921611243665674 1
1 0 0 0.778087147736078 0.221912852263922 0
1 0 0 0.75137982601178 0.24862017398822 0
1 0 0 0.109323239329184 0.890676760670815 1
1 0 0 0.650666883095362 0.349333116904638 0
1 0 0 0.815840559339591 0.184159440660409 0
0 1 1 0.100193245072732 0.899806754927268 1
0 1 1 0.258655543936047 0.741344456063953 1
0 1 1 0.11599274028993 0.88400725971007 1
0 1 1 0.132051102321628 0.867948897678372 1
1 0 0 0.89725026158473 0.10274973841527 0
0 1 1 0.732560977950528 0.267439022049472 0
0 1 1 0.39466332761892 0.60533667238108 1
1 0 0 0.70140443732635 0.29859556267365 0
1 0 0 0.927666929475793 0.072333070524207 0
1 0 0 0.887930522596478 0.112069477403522 0
1 0 0 0.903562101623174 0.0964378983768263 0
0 1 1 0.252448935585611 0.747551064414389 1
0 1 1 0.199541842485559 0.800458157514441 1
0 1 1 0.923791931437622 0.0762080685623779 0
0 1 1 0.16676943065293 0.83323056934707 1
0 1 1 0.564721765259919 0.435278234740081 0
0 1 1 0.356847902909064 0.643152097090936 1
1 0 0 0.343243735768754 0.656756264231246 1
1 0 0 0.869536935944203 0.130463064055796 0
1 0 0 0.814509772797288 0.185490227202712 0
0 1 1 0.739952294426439 0.260047705573561 0
0 1 1 0.343651704585946 0.656348295414054 1
1 0 0 0.86543581808083 0.13456418191917 0
0 1 1 0.199501563066726 0.800498436933274 1
0 1 1 0.156727856449214 0.843272143550786 1
1 0 0 0.685606145620744 0.314393854379256 0
1 0 0 0.884046592195513 0.115953407804487 0
0 1 1 0.593248935351084 0.406751064648916 0
1 0 0 0.53020793193721 0.46979206806279 0
1 0 0 0.912164487460179 0.0878355125398205 0
0 1 1 0.273840604904296 0.726159395095704 1
1 0 0 0.684669984643532 0.315330015356468 0
0 1 1 0.377908504799069 0.622091495200931 1
1 0 0 0.877592663642753 0.122407336357247 0
1 0 0 0.387763662594825 0.612236337405175 1
1 0 0 0.873203017592144 0.126796982407856 0
1 0 0 0.913375010985047 0.0866249890149534 0
0 1 1 0.167265212047549 0.83273478795245 1
0 1 1 0.876009250755451 0.12399074924455 0
0 1 1 0.601970381785389 0.398029618214611 0
1 0 0 0.806087697002325 0.193912302997675 0
1 0 0 0.891227156435787 0.108772843564213 0
0 1 1 0.166641050201101 0.833358949798899 1
0 1 1 0.122753735680755 0.877246264319245 1
0 1 1 0.51044769411537 0.48955230588463 0
0 1 1 0.410259248596303 0.589740751403697 1
0 1 1 0.112257202713936 0.887742797286064 1
1 0 0 0.773887329073005 0.226112670926995 0
1 0 0 0.859222252725429 0.140777747274571 0
1 0 0 0.703927542083802 0.296072457916198 0
0 1 1 0.286300158698943 0.713699841301057 1
1 0 0 0.466214069298232 0.533785930701768 1
0 1 1 0.115096099862714 0.884903900137286 1
0 1 1 0.176483169628095 0.823516830371905 1
0 1 1 0.119574773425879 0.880425226574121 1
1 0 0 0.87016050528376 0.12983949471624 0
0 1 1 0.221809674094102 0.778190325905898 1
1 0 0 0.76444161432205 0.23555838567795 0
1 0 0 0.306013138316251 0.693986861683749 1
0 1 1 0.49066309196498 0.50933690803502 1
1 0 0 0.619196202311925 0.380803797688075 0
0 1 1 0.197948105340623 0.802051894659377 1
1 0 0 0.848874960771781 0.151125039228219 0
0 1 1 0.237995542172374 0.762004457827626 1
1 0 0 0.407073410415054 0.592926589584946 1
0 1 1 0.0970581752821248 0.902941824717875 1
0 1 1 0.725536272063743 0.274463727936257 0
1 0 0 0.855428108832177 0.144571891167823 0
1 0 0 0.500322350875265 0.499677649124735 0
0 1 1 0.813348031707326 0.186651968292674 0
1 0 0 0.879510177475896 0.120489822524104 0
1 0 0 0.615947168941933 0.384052831058067 0
1 0 0 0.576789037901649 0.423210962098351 0
0 1 1 0.763062611935888 0.236937388064112 0
0 1 1 0.0910404056707006 0.908959594329299 1
0 1 1 0.365281946187683 0.634718053812317 1
0 1 1 0.194781896789658 0.805218103210342 1
1 0 0 0.774648859027845 0.225351140972155 0
0 1 1 0.107821500256306 0.892178499743694 1
0 1 1 0.775828147813998 0.224171852186002 0
0 1 1 0.140622147194527 0.859377852805473 1
1 0 0 0.894790462832815 0.105209537167185 0
0 1 1 0.496763528876388 0.503236471123612 1
0 1 1 0.838685202329971 0.161314797670029 0
0 1 1 0.294791631623177 0.705208368376823 1
0 1 1 0.0959154985385803 0.90408450146142 1
1 0 0 0.89779538651307 0.10220461348693 0
1 0 0 0.847299614362665 0.152700385637335 0
0 1 1 0.0819665186500041 0.918033481349996 1
1 0 0 0.735976333657856 0.264023666342144 0
1 0 0 0.550117238385956 0.449882761614044 0
1 0 0 0.306432233680756 0.693567766319244 1
1 0 0 0.352568953807692 0.647431046192308 1
1 0 0 0.705479145313788 0.294520854686212 0
1 0 0 0.76335008410809 0.23664991589191 0
1 0 0 0.858017406635487 0.141982593364513 0
0 1 1 0.318048797796474 0.681951202203526 1
0 1 1 0.472263146913551 0.527736853086449 1
0 1 1 0.305025874086836 0.694974125913164 1
1 0 0 0.885073381408586 0.114926618591414 0
1 0 0 0.893815453571527 0.106184546428472 0
0 1 1 0.924818789632992 0.0751812103670078 0
1 0 0 0.840442696317664 0.159557303682336 0
0 1 1 0.152049877146688 0.847950122853312 1
1 0 0 0.617406418819495 0.382593581180505 0
0 1 1 0.773429977960589 0.226570022039411 0
1 0 0 0.910594282974637 0.0894057170253627 0
1 0 0 0.78277325773834 0.21722674226166 0
0 1 1 0.354928464594127 0.645071535405873 1
0 1 1 0.803062713185794 0.196937286814206 0
1 0 0 0.377199987223874 0.622800012776126 1
1 0 0 0.879702270341697 0.120297729658303 0
1 0 0 0.913853077937587 0.0861469220624133 0
1 0 0 0.856877658142469 0.143122341857531 0
0 1 1 0.737984040081134 0.262015959918866 0
1 0 0 0.75188519777267 0.24811480222733 0
1 0 0 0.692078745159167 0.307921254840833 0
0 1 1 0.503947887742164 0.496052112257836 0
1 0 0 0.59823648271321 0.40176351728679 0
0 1 1 0.101498044123117 0.898501955876883 1
0 1 1 0.0906374047750294 0.909362595224971 1
1 0 0 0.898110158276287 0.101889841723713 0
0 1 1 0.169790356810043 0.830209643189957 1
1 0 0 0.851377214876111 0.148622785123889 0
1 0 0 0.889460784810098 0.110539215189903 0
1 0 0 0.85548970525769 0.14451029474231 0
