8 8 3
0.13677 0.23038 -0.18084 -0.02737 0.15226 -0.08950 0.00672 0.05699 
0.01744 -0.54406 -0.08434 0.11751 0.19969 0.12781 -0.07740 0.03229 
-0.12366 0.26287 -0.25968 -0.27473 -0.37420 -0.36657 0.16810 -0.21809 
-0.27323 0.17958 -0.86857 -0.28065 -0.43737 -0.44884 0.14622 -0.39143 
-0.09501 0.25038 -0.34620 -0.34077 -0.57555 -0.42620 0.31690 -0.25153 
0.07183 -2.54002 0.67211 0.86826 1.75389 1.62339 -0.56545 0.48635 
-0.24236 -0.26283 -0.47635 -0.17979 -0.17333 -0.08353 0.15092 -0.18498 
-0.29221 2.48796 -1.25705 -1.00720 -2.43384 -2.00183 0.71174 -0.87459 
0.21885 -0.39026 0.61904 0.26874 0.52953 0.49356 -0.16722 0.40034 
0.35493 -0.17376 -0.11196 
-1.45194 -0.15269 1.83301 
1.33156 -0.37215 -0.48613 
0.72559 -0.02064 -0.66052 
1.46346 -0.04121 -1.53854 
1.25314 0.01453 -1.28644 
-0.51687 -0.01968 0.41967 
0.66582 -0.21207 -0.51457 
0.57218 0.19341 -0.23362 
