1 0 0 0.717101647336623 0.282898352663378 0
0 1 1 0.289327935286378 0.710672064713622 1
0 1 1 0.634844883207203 0.365155116792797 0
1 0 0 0.938627184470331 0.0613728155296685 0
0 1 1 0.0461279865739147 0.953872013426085 1
0 1 1 0.840841621189235 0.159158378810765 0
0 1 1 0.04656323751999 0.95343676248001 1
0 1 1 0.154793125725797 0.845206874274202 1
1 0 0 0.973062899528867 0.0269371004711331 0
1 0 0 0.864023679872587 0.135976320127413 0
1 0 0 0.920063302173154 0.0799366978268462 0
0 1 1 0.0422502387554691 0.957749761244531 1
1 0 0 0.0779934721907389 0.922006527809261 1
0 1 1 0.131983393288698 0.868016606711302 1
0 1 1 0.120503559277216 0.879496440722784 1
1 0 0 0.951567371228931 0.0484326287710689 0
0 1 1 0.733057699832253 0.266942300167747 0
1 0 0 0.9755364752319 0.0244635247681001 0
1 0 0 0.778632932145312 0.221367067854688 0
1 0 0 0.966847794358814 0.0331522056411858 0
0 1 1 0.042688050518113 0.957311949481887 1
0 1 1 0.0991458805758774 0.900854119424123 1
0 1 1 0.030987925933203 0.969012074066797 1
1 0 0 0.677398576931891 0.322601423068109 0
1 0 0 0.972866665402554 0.0271333345974463 0
1 0 0 0.907689806356541 0.0923101936434595 0
0 1 1 0.0958130457369402 0.90418695426306 1
1 0 0 0.909650709625695 0.0903492903743048 0
0 1 1 0.0249655873755526 0.975034412624447 1
0 1 1 0.22312824318284 0.77687175681716 1
1 0 0 0.972016907674404 0.0279830923255963 0
1 0 0 0.877064819236156 0.122935180763844 0
0 1 1 0.418746911947074 0.581253088052926 1
0 1 1 0.0449746670667254 0.955025332933275 1
0 1 1 0.682939031735741 0.317060968264259 0
0 1 1 0.0205621998018587 0.979437800198141 1
1 0 0 0.884244749135856 0.115755250864144 0
0 1 1 0.415353097661771 0.584646902338229 1
0 1 1 0.0510280899060029 0.948971910093997 1
1 0 0 0.961691448076007 0.0383085519239926 0
0 1 1 0.0411562563067416 0.958843743693258 1
1 0 0 0.0588676401648664 0.941132359835134 1
0 1 1 0.023205075988124 0.976794924011876 1
0 1 1 0.306082877772911 0.693917122227089 1
0 1 1 0.0204746693992994 0.979525330600701 1
0 1 1 0.152157450380261 0.847842549619739 1
1 0 0 0.862070916027692 0.137929083972308 0
0 1 1 0.334436704350546 0.665563295649454 1
0 1 1 0.150617650170978 0.849382349829022 1
1 0 0 0.771963829527534 0.228036170472466 0
0 1 1 0.0932072163921729 0.906792783607827 1
0 1 1 0.911418474002074 0.0885815259979257 0
1 0 0 0.907611247184147 0.0923887528158534 0
0 1 1 0.0261013160690399 0.97389868393096 1
0 1 1 0.0229035851226534 0.977096414877347 1
1 0 0 0.721229193442573 0.278770806557427 0
1 0 0 0.763704076105364 0.236295923894636 0
0 1 1 0.0355654848204248 0.964434515179575 1
1 0 0 0.924807424468169 0.0751925755318309 0
1 0 0 0.966403576698205 0.0335964233017949 0
1 0 0 0.557717434222276 0.442282565777724 0
1 0 0 0.905043696127715 0.0949563038722854 0
0 1 1 0.0151133471669029 0.984886652833097 1
1 0 0 0.937863125595648 0.0621368744043523 0
0 1 1 0.173301432242367 0.826698567757633 1
0 1 1 0.377917794963706 0.622082205036294 1
0 1 1 0.0537742868928965 0.946225713107104 1
1 0 0 0.955316840916876 0.0446831590831245 0
0 1 1 0.0291558922613132 0.970844107738687 1
0 1 1 0.0394950000805983 0.960504999919402 1
0 1 1 0.0234346675522327 0.976565332447767 1
1 0 0 0.959511177212764 0.0404888227872355 0
0 1 1 0.0493481475293185 0.950651852470681 1
1 0 0 0.438828696469359 0.56117130353064 1
0 1 1 0.0199505969140935 0.980049403085906 1
0 1 1 0.0484397816956866 0.951560218304313 1
1 0 0 0.974796056905036 0.0252039430949641 0
1 0 0 0.731812811918736 0.268187188081264 0
0 1 1 0.110639105468433 0.889360894531568 1
1 0 0 0.898484796570179 0.101515203429821 0
0 1 1 0.0389757995578583 0.961024200442142 1
1 0 0 0.838755948699056 0.161244051300944 0
1 0 0 0.945721423180754 0.0542785768192462 0
0 1 1 0.153719537624002 0.846280462375998 1
1 0 0 0.923490827368444 0.0765091726315564 0
1 0 0 0.59610914563458 0.40389085436542 0
0 1 1 0.0973277841375744 0.902672215862426 1
1 0 0 0.768954885359164 0.231045114640836 0
1 0 0 0.72620100242747 0.27379899757253 0
0 1 1 0.0294238637413469 0.970576136258653 1
1 0 0 0.96537095924914 0.0346290407508598 0
0 1 1 0.0348954748482319 0.965104525151768 1
0 1 1 0.530787701090593 0.469212298909407 0
1 0 0 0.84342777393147 0.15657222606853 0
0 1 1 0.0535792319290434 0.946420768070957 1
0 1 1 0.118375207478096 0.881624792521904 1
1 0 0 0.783284631836058 0.216715368163942 0
1 0 0 0.965424951113628 0.0345750488863722 0
0 1 1 0.0524784038543888 0.947521596145611 1
0 1 1 0.886721161109766 0.113278838890234 0
0 1 1 0.10660268446998 0.893397315530021 1
0 1 1 0.102462995145589 0.897537004854411 1
0 1 1 0.0303514975001433 0.969648502499857 1
0 1 1 0.0602475646733995 0.939752435326601 1
1 0 0 0.947621029961937 0.0523789700380633 0
1 0 0 0.977466100908893 0.022533899091107 0
1 0 0 0.653805688509885 0.346194311490115 0
1 0 0 0.961529970942338 0.0384700290576621 0
0 1 1 0.0141811010035821 0.985818898996418 1
1 0 0 0.0560393451432341 0.943960654856766 1
0 1 1 0.452720016376699 0.547279983623301 1
1 0 0 0.792996728673818 0.207003271326182 0
0 1 1 0.428986513659238 0.571013486340762 1
1 0 0 0.966975289863971 0.0330247101360291 0
0 1 1 0.116282982726034 0.883717017273966 1
1 0 0 0.979344538298311 0.0206554617016891 0
1 0 0 0.964168609546221 0.0358313904537794 0
0 1 1 0.296178803223825 0.703821196776175 1
1 0 0 0.890446565104154 0.109553434895846 0
0 1 1 0.0719206023591669 0.928079397640833 1
0 1 1 0.0655443524189703 0.93445564758103 1
0 1 1 0.215601226375059 0.78439877362494 1
1 0 0 0.914687615163407 0.0853123848365927 0
0 1 1 0.92041143364808 0.0795885663519202 0
0 1 1 0.0880467385740249 0.911953261425975 1
0 1 1 0.790754440865247 0.209245559134753 0
1 0 0 0.949516442307057 0.050483557692943 0
0 1 1 0.0373282418283064 0.962671758171694 1
0 1 1 0.655557542840001 0.344442457159999 0
1 0 0 0.978072960942735 0.0219270390572655 0
0 1 1 0.794647370367529 0.205352629632471 0
1 0 0 0.0205047063856003 0.9794952936144 1
0 1 1 0.71125589138945 0.28874410861055 0
0 1 1 0.390644228246135 0.609355771753865 1
0 1 1 0.0691957940192604 0.93080420598074 1
1 0 0 0.0230730000320744 0.976926999967926 1
0 1 1 0.29537750482126 0.70462249517874 1
0 1 1 0.613318588937221 0.386681411062779 0
1 0 0 0.903370870362755 0.0966291296372447 0
0 1 1 0.0401249366191897 0.95987506338081 1
1 0 0 0.855511901096979 0.144488098903021 0
0 1 1 0.0354811318969802 0.96451886810302 1
1 0 0 0.606671787755487 0.393328212244513 0
1 0 0 0.954834340785327 0.0451656592146732 0
1 0 0 0.735912297946035 0.264087702053965 0
1 0 0 0.96154954990767 0.0384504500923296 0
1 0 0 0.967805600574269 0.0321943994257307 0
1 0 0 0.528778326286063 0.471221673713937 0
0 1 1 0.786185391825661 0.213814608174339 0
1 0 0 0.964005491558626 0.0359945084413741 0
1 0 0 0.859862225256866 0.140137774743134 0
0 1 1 0.0468196348000456 0.953180365199954 1
0 1 1 0.629802314875406 0.370197685124594 0
0 1 1 0.0202274405366902 0.97977255946331 1
0 1 1 0.076536464196766 0.923463535803234 1
0 1 1 0.0686743295806462 0.931325670419354 1
0 1 1 0.108060008004588 0.891939991995412 1
1 0 0 0.659915474219032 0.340084525780968 0
0 1 1 0.259304895586735 0.740695104413265 1
0 1 1 0.960046376479262 0.0399536235207377 0
0 1 1 0.21892461249483 0.78107538750517 1
1 0 0 0.898363248019018 0.101636751980982 0
0 1 1 0.0284158756962012 0.971584124303799 1
0 1 1 0.258981478291423 0.741018521708577 1
0 1 1 0.0711637180519784 0.928836281948022 1
1 0 0 0.905891382157944 0.0941086178420559 0
1 0 0 0.804593166447914 0.195406833552086 0
1 0 0 0.684078187830439 0.315921812169561 0
1 0 0 0.871969580394603 0.128030419605397 0
0 1 1 0.0180244035404548 0.981975596459545 1
1 0 0 0.880734886944278 0.119265113055722 0
1 0 0 0.873577423524583 0.126422576475417 0
0 1 1 0.0370373954350334 0.962962604564967 1
0 1 1 0.695165406539181 0.304834593460819 0
1 0 0 0.953579270409311 0.0464207295906891 0
0 1 1 0.0185337361832279 0.981466263816772 1
1 0 0 0.848903419314176 0.151096580685824 0
1 0 0 0.838330713066013 0.161669286933987 0
0 1 1 0.0933044201745557 0.906695579825444 1
1 0 0 0.975362227193772 0.0246377728062277 0
0 1 1 0.0826648804652535 0.917335119534746 1
1 0 0 0.954771358131993 0.045228641868007 0
1 0 0 0.800643654291163 0.199356345708837 0
1 0 0 0.958633987977243 0.0413660120227571 0
0 1 1 0.0133386749476572 0.986661325052343 1
0 1 1 0.452196350189171 0.547803649810829 1
0 1 1 0.0841141693432221 0.915885830656778 1
0 1 1 0.907529800343529 0.0924701996564712 0
1 0 0 0.940445309363237 0.0595546906367629 0
0 1 1 0.0217520069995382 0.978247993000462 1
1 0 0 0.934944719556029 0.0650552804439708 0
0 1 1 0.0220758676513824 0.977924132348618 1
0 1 1 0.0199677415497513 0.980032258450249 1
0 1 1 0.0287729718077833 0.971227028192217 1
0 1 1 0.0159172477079856 0.984082752292014 1
0 1 1 0.0580984991714859 0.941901500828514 1
1 0 0 0.930662753934757 0.0693372460652433 0
0 1 1 0.0113862505706632 0.988613749429337 1
0 1 1 0.0415522612897503 0.95844773871025 1
1 0 0 0.540799473890764 0.459200526109236 0
0 1 1 0.305114650194811 0.694885349805189 1
1 0 0 0.922281042870036 0.0777189571299638 0
0 1 1 0.038687881725593 0.961312118274407 1
0 1 1 0.0949606821451277 0.905039317854872 1
1 0 0 0.516658572351653 0.483341427648347 0
0 1 1 0.74878605070852 0.25121394929148 0
1 0 0 0.834310063254543 0.165689936745457 0
0 1 1 0.0533307190474643 0.946669280952536 1
0 1 1 0.0934446382620472 0.906555361737953 1
0 1 1 0.167681304887736 0.832318695112264 1
0 1 1 0.0598908229949404 0.94010917700506 1
1 0 0 0.836968992168475 0.163031007831525 0
0 1 1 0.218890132892931 0.781109867107069 1
1 0 0 0.943443482577374 0.0565565174226254 0
0 1 1 0.0850930542488844 0.914906945751116 1
0 1 1 0.0445667322318927 0.955433267768107 1
0 1 1 0.43853990572732 0.56146009427268 1
1 0 0 0.803585074718213 0.196414925281788 0
1 0 0 0.918485735184537 0.0815142648154629 0
1 0 0 0.0206465047877855 0.979353495212214 1
1 0 0 0.932137597888302 0.0678624021116978 0
1 0 0 0.95850264301104 0.0414973569889601 0
1 0 0 0.737130311159923 0.262869688840077 0
0 1 1 0.0657171396455895 0.934282860354411 1
0 1 1 0.873790613560087 0.126209386439913 0
1 0 0 0.938282742814544 0.0617172571854558 0
0 1 1 0.0335608183588934 0.966439181641107 1
0 1 1 0.0231326460092512 0.976867353990749 1
0 1 1 0.0156670546761297 0.98433294532387 1
0 1 1 0.396519188323212 0.603480811676788 1
