1 0 0 0.249655980239978 0.750344019760022 1
1 0 0 0.94784086061103 0.0521591393889696 0
0 1 1 0.0634748672810459 0.936525132718954 1
1 0 0 0.897838924464503 0.102161075535497 0
0 1 1 0.0928744188121165 0.907125581187884 1
1 0 0 0.695877303840156 0.304122696159844 0
1 0 0 0.600584700953324 0.399415299046676 0
0 1 1 0.895175780891089 0.104824219108911 0
0 1 1 0.0126454513268368 0.987354548673163 1
1 0 0 0.234949428363197 0.765050571636803 1
1 0 0 0.937149166930669 0.0628508330693311 0
0 1 1 0.0153826368423589 0.984617363157641 1
1 0 0 0.974369288120574 0.0256307118794257 0
0 1 1 0.052828434480651 0.947171565519349 1
0 1 1 0.534688115192224 0.465311884807775 0
0 1 1 0.0236699661729704 0.97633003382703 1
1 0 0 0.846214117580689 0.153785882419311 0
1 0 0 0.916669637704636 0.0833303622953641 0
0 1 1 0.0871026263253824 0.912897373674618 1
0 1 1 0.124086273337657 0.875913726662343 1
1 0 0 0.954334597063245 0.0456654029367548 0
1 0 0 0.930582024517364 0.0694179754826364 0
1 0 0 0.861937847044712 0.138062152955288 0
1 0 0 0.956416843665342 0.0435831563346579 0
1 0 0 0.966200351611293 0.0337996483887069 0
1 0 0 0.80121347022484 0.19878652977516 0
1 0 0 0.862968041138208 0.137031958861792 0
0 1 1 0.571383187530789 0.428616812469211 0
0 1 1 0.241821581071806 0.758178418928193 1
0 1 1 0.0662425421968503 0.93375745780315 1
1 0 0 0.948598481690385 0.0514015183096149 0
1 0 0 0.296949092123666 0.703050907876334 1
1 0 0 0.728270289857137 0.271729710142863 0
0 1 1 0.209662603042969 0.790337396957031 1
0 1 1 0.029646689861012 0.970353310138988 1
1 0 0 0.762503450773418 0.237496549226582 0
1 0 0 0.91893350273715 0.0810664972628496 0
1 0 0 0.749650470552693 0.250349529447307 0
0 1 1 0.0456520955176862 0.954347904482314 1
0 1 1 0.0965753177894473 0.903424682210553 1
1 0 0 0.348180924578152 0.651819075421848 1
1 0 0 0.969122404485157 0.0308775955148436 0
0 1 1 0.148133570083482 0.851866429916518 1
0 1 1 0.125247177497657 0.874752822502343 1
1 0 0 0.440283169785066 0.559716830214934 1
1 0 0 0.955012205255949 0.044987794744051 0
1 0 0 0.902027671296475 0.0979723287035254 0
0 1 1 0.0176138734711624 0.982386126528838 1
1 0 0 0.890713844892606 0.109286155107394 0
1 0 0 0.933312857574948 0.066687142425052 0
0 1 1 0.882572102005728 0.117427897994272 0
1 0 0 0.836834713902953 0.163165286097048 0
1 0 0 0.867095472281127 0.132904527718872 0
1 0 0 0.713223155277512 0.286776844722488 0
0 1 1 0.495623632028138 0.504376367971862 1
0 1 1 0.764478712665786 0.235521287334214 0
0 1 1 0.0147831838925803 0.98521681610742 1
0 1 1 0.92855175191916 0.0714482480808405 0
0 1 1 0.0220013076045733 0.977998692395427 1
0 1 1 0.0110334932771153 0.988966506722885 1
0 1 1 0.115433205292471 0.884566794707529 1
1 0 0 0.869327680601329 0.130672319398671 0
0 1 1 0.0916743492104762 0.908325650789524 1
1 0 0 0.922960075644248 0.0770399243557524 0
1 0 0 0.952008206130183 0.0479917938698167 0
0 1 1 0.728070672982156 0.271929327017844 0
1 0 0 0.791234976787939 0.208765023212061 0
1 0 0 0.890553606257023 0.109446393742977 0
1 0 0 0.902424986902571 0.0975750130974293 0
0 1 1 0.364526716214965 0.635473283785035 1
0 1 1 0.828197577784907 0.171802422215093 0
1 0 0 0.49669855142981 0.50330144857019 1
0 1 1 0.0365875148938361 0.963412485106164 1
1 0 0 0.877573199878754 0.122426800121246 0
0 1 1 0.0231589141100061 0.976841085889994 1
1 0 0 0.977531842311873 0.022468157688127 0
0 1 1 0.0702338734939383 0.929766126506062 1
0 1 1 0.201257088374453 0.798742911625547 1
0 1 1 0.12909366694017 0.87090633305983 1
1 0 0 0.510575824463175 0.489424175536825 0
0 1 1 0.0293622130314466 0.970637786968553 1
0 1 1 0.0211546744856827 0.978845325514317 1
1 0 0 0.941265809192297 0.0587341908077028 0
0 1 1 0.419116514535662 0.580883485464338 1
0 1 1 0.0111448152707524 0.988855184729247 1
0 1 1 0.019751715945416 0.980248284054584 1
0 1 1 0.0456880832743939 0.954311916725606 1
0 1 1 0.0524670099309517 0.947532990069048 1
0 1 1 0.0328993102972992 0.967100689702701 1
1 0 0 0.934040371847251 0.0659596281527492 0
0 1 1 0.0615187876658576 0.938481212334142 1
1 0 0 0.949113463842044 0.0508865361579556 0
1 0 0 0.807071873963829 0.192928126036171 0
1 0 0 0.584002253866534 0.415997746133466 0
1 0 0 0.827753029208642 0.172246970791358 0
0 1 1 0.265869268387487 0.734130731612513 1
1 0 0 0.844013634829054 0.155986365170946 0
0 1 1 0.0507787648916097 0.94922123510839 1
1 0 0 0.808077443913024 0.191922556086977 0
1 0 0 0.587605938496027 0.412394061503973 0
0 1 1 0.159810779542349 0.840189220457651 1
0 1 1 0.0248569742504045 0.975143025749596 1
0 1 1 0.821127984425239 0.178872015574761 0
1 0 0 0.928741521539722 0.0712584784602785 0
0 1 1 0.191108417114644 0.808891582885356 1
0 1 1 0.0311773366502783 0.968822663349722 1
0 1 1 0.0725970842268927 0.927402915773107 1
1 0 0 0.874176121687854 0.125823878312146 0
0 1 1 0.36192846495183 0.63807153504817 1
1 0 0 0.940886993397108 0.0591130066028916 0
1 0 0 0.7254205143066 0.2745794856934 0
0 1 1 0.398132208019532 0.601867791980468 1
1 0 0 0.941752450708735 0.0582475492912652 0
0 1 1 0.739204758719352 0.260795241280648 0
1 0 0 0.0443758854581357 0.955624114541864 1
1 0 0 0.589314443384366 0.410685556615634 0
0 1 1 0.798467086749947 0.201532913250053 0
1 0 0 0.808309463887599 0.191690536112401 0
0 1 1 0.0494526538222605 0.95054734617774 1
0 1 1 0.227535098999231 0.772464901000769 1
0 1 1 0.161872879850107 0.838127120149893 1
1 0 0 0.913824125444105 0.0861758745558946 0
0 1 1 0.0442840163886467 0.955715983611353 1
0 1 1 0.047644666682678 0.952355333317322 1
1 0 0 0.965592094658938 0.0344079053410615 0
0 1 1 0.0127422931694213 0.987257706830579 1
1 0 0 0.914296813904692 0.0857031860953077 0
1 0 0 0.670890093961034 0.329109906038966 0
0 1 1 0.817483698691928 0.182516301308072 0
0 1 1 0.0134273139657173 0.986572686034283 1
0 1 1 0.108334160968888 0.891665839031112 1
0 1 1 0.275321604312726 0.724678395687275 1
1 0 0 0.767830707503312 0.232169292496688 0
0 1 1 0.195014047182841 0.804985952817159 1
1 0 0 0.92478399175006 0.0752160082499402 0
0 1 1 0.13623666098274 0.86376333901726 1
0 1 1 0.0371048863433828 0.962895113656617 1
0 1 1 0.0406813214033468 0.959318678596653 1
0 1 1 0.0895015858040618 0.910498414195938 1
1 0 0 0.97201161324817 0.0279883867518296 0
1 0 0 0.742357986999394 0.257642013000606 0
0 1 1 0.24721130845232 0.75278869154768 1
0 1 1 0.0251269598138696 0.97487304018613 1
1 0 0 0.740805173979525 0.259194826020475 0
0 1 1 0.0290334913152778 0.970966508684722 1
1 0 0 0.54531513390574 0.45468486609426 0
0 1 1 0.0964104618257744 0.903589538174226 1
1 0 0 0.872933477743502 0.127066522256498 0
1 0 0 0.104867104140335 0.895132895859665 1
1 0 0 0.505617177620253 0.494382822379747 0
0 1 1 0.0484627090282367 0.951537290971763 1
1 0 0 0.961244920726294 0.0387550792737059 0
0 1 1 0.104008447863341 0.895991552136659 1
0 1 1 0.510772730130269 0.489227269869731 0
0 1 1 0.0172848177395998 0.9827151822604 1
1 0 0 0.805689261081596 0.194310738918404 0
0 1 1 0.194371235315605 0.805628764684395 1
1 0 0 0.928998666225415 0.0710013337745853 0
1 0 0 0.804255549378366 0.195744450621634 0
0 1 1 0.0301144593875074 0.969885540612493 1
1 0 0 0.957107391158939 0.0428926088410612 0
0 1 1 0.0252905468673584 0.974709453132642 1
1 0 0 0.926971799005784 0.0730282009942158 0
0 1 1 0.0965348679679175 0.903465132032082 1
1 0 0 0.86694164013987 0.13305835986013 0
1 0 0 0.419234694960638 0.580765305039362 1
1 0 0 0.92609120100255 0.0739087989974503 0
0 1 1 0.0627815480534145 0.937218451946585 1
0 1 1 0.0249641401934967 0.975035859806503 1
1 0 0 0.208858372144494 0.791141627855506 1
0 1 1 0.0542879929922092 0.945712007007791 1
1 0 0 0.932464080753333 0.0675359192466671 0
1 0 0 0.926938881803187 0.0730611181968126 0
0 1 1 0.0892239009192744 0.910776099080726 1
0 1 1 0.0256952456501314 0.974304754349869 1
0 1 1 0.506169573758948 0.493830426241052 0
0 1 1 0.109473301407303 0.890526698592697 1
1 0 0 0.774100291002365 0.225899708997635 0
0 1 1 0.133787876424174 0.866212123575826 1
1 0 0 0.842126586013353 0.157873413986647 0
1 0 0 0.753513018115224 0.246486981884776 0
0 1 1 0.0260195001259196 0.97398049987408 1
0 1 1 0.0597254626000801 0.94027453739992 1
1 0 0 0.969991743820393 0.0300082561796075 0
0 1 1 0.137917629518862 0.862082370481137 1
0 1 1 0.0466298365114267 0.953370163488573 1
1 0 0 0.945105212781613 0.0548947872183874 0
1 0 0 0.918330224345299 0.0816697756547012 0
0 1 1 0.056776663287618 0.943223336712382 1
1 0 0 0.896333898636521 0.10366610136348 0
1 0 0 0.0231878264875672 0.976812173512433 1
0 1 1 0.0253527239234915 0.974647276076508 1
0 1 1 0.0945189269308613 0.905481073069139 1
1 0 0 0.938409719448898 0.0615902805511023 0
0 1 1 0.0794941105829395 0.920505889417061 1
1 0 0 0.919662357297188 0.0803376427028119 0
0 1 1 0.0558775365712615 0.944122463428738 1
0 1 1 0.0396828242582621 0.960317175741738 1
0 1 1 0.0420105673757493 0.957989432624251 1
0 1 1 0.0432226281238497 0.95677737187615 1
1 0 0 0.939329784885388 0.060670215114612 0
1 0 0 0.956474791444302 0.0435252085556977 0
0 1 1 0.31791225006104 0.68208774993896 1
1 0 0 0.961230048637393 0.0387699513626068 0
1 0 0 0.943221413768492 0.0567785862315082 0
0 1 1 0.777605360757615 0.222394639242385 0
0 1 1 0.0193181266176629 0.980681873382337 1
0 1 1 0.383599517933584 0.616400482066416 1
1 0 0 0.948009529740354 0.0519904702596463 0
0 1 1 0.227904004628707 0.772095995371293 1
0 1 1 0.024231121627008 0.975768878372992 1
0 1 1 0.0924082660145285 0.907591733985471 1
1 0 0 0.756316305647003 0.243683694352997 0
0 1 1 0.554558202415854 0.445441797584146 0
0 1 1 0.0219417307565598 0.97805826924344 1
0 1 1 0.0683343657147946 0.931665634285205 1
1 0 0 0.971328638891728 0.0286713611082719 0
0 1 1 0.0605705698951104 0.93942943010489 1
1 0 0 0.960547806316035 0.0394521936839654 0
1 0 0 0.196201794215151 0.80379820578485 1
0 1 1 0.710509005461283 0.289490994538717 0
0 1 1 0.0391141154382865 0.960885884561714 1
0 1 1 0.0195998441054801 0.98040015589452 1
1 0 0 0.93036053408215 0.0696394659178502 0
0 1 1 0.157344692109368 0.842655307890632 1
0 1 1 0.433466156400174 0.566533843599827 1
0 1 1 0.0299404208809026 0.970059579119098 1
0 1 1 0.154834496606195 0.845165503393805 1
0 1 1 0.0150238135800146 0.984976186419985 1
0 1 1 0.042541423010455 0.957458576989545 1
