1 0 0 0.999817589433287 0.000182410566713211 0
1 0 0 0.999960288820161 3.97111798386137E-05 0
1 0 0 0.998099439383433 0.00190056061656709 0
1 0 0 0.759452411758795 0.240547588241205 0
1 0 0 0.999943409348523 5.6590651476997E-05 0
1 0 0 0.997961438925538 0.00203856107446185 0
1 0 0 0.77362172520093 0.22637827479907 0
1 0 0 0.999651009132001 0.000348990867998987 0
0 1 1 0.522972573848841 0.477027426151159 0
1 0 0 0.999961901882583 3.8098117417198E-05 0
1 0 0 0.999973887058167 2.61129418335102E-05 0
1 0 0 0.999962825178323 3.71748216774796E-05 0
1 0 0 0.999966716824371 3.32831756284861E-05 0
0 1 1 0.0199447029743206 0.980055297025679 1
0 1 1 0.0668431327101792 0.933156867289821 1
1 0 0 0.999970224522459 2.97754775413938E-05 0
1 0 0 0.978332768565455 0.0216672314345454 0
1 0 0 0.99995125228695 4.87477130502072E-05 0
1 0 0 0.999994972357881 5.0276421186283E-06 0
1 0 0 0.995892879237982 0.00410712076201775 0
1 0 0 0.999414531283065 0.000585468716934777 0
1 0 0 0.999986906816604 1.30931833965372E-05 0
1 0 0 0.999992106034255 7.89396574513185E-06 0
1 0 0 0.99998019072915 1.98092708497499E-05 0
0 1 1 0.00087626606659295 0.999123733933407 1
1 0 0 0.771523897247822 0.228476102752178 0
1 0 0 0.999963795923936 3.62040760641013E-05 0
1 0 0 0.970350244377525 0.0296497556224754 0
1 0 0 0.999999476095679 5.23904321511172E-07 0
1 0 0 0.931743490924399 0.0682565090756005 0
1 0 0 0.999989372389854 1.06276101463212E-05 0
1 0 0 0.999947538742151 5.24612578491661E-05 0
1 0 0 0.999976415031143 2.35849688572801E-05 0
1 0 0 0.999562429359213 0.000437570640787096 0
1 0 0 0.999902487635033 9.75123649672363E-05 0
0 1 1 0.53053724915653 0.469462750843471 0
1 0 0 0.99997575973532 2.42402646795904E-05 0
1 0 0 0.999999987817134 1.21828659807645E-08 0
1 0 0 0.995020425940106 0.00497957405989412 0
0 1 1 0.0442297808914034 0.955770219108597 1
1 0 0 0.815497026357947 0.184502973642053 0
0 1 1 0.0848397135605265 0.915160286439474 1
0 1 1 0.060520529422252 0.939479470577748 1
1 0 0 0.990505380317773 0.0094946196822273 0
0 1 1 0.000534445632158543 0.999465554367841 1
1 0 0 0.0127168818562364 0.987283118143764 1
0 1 1 0.0013830790766433 0.998616920923357 1
1 0 0 0.999981233697357 1.87663026429522E-05 0
0 1 1 0.00478589784583826 0.995214102154162 1
1 0 0 0.62467121115687 0.37532878884313 0
1 0 0 0.9984525868035 0.00154741319650017 0
1 0 0 0.999378673274124 0.000621326725875743 0
1 0 0 0.965457809770768 0.0345421902292321 0
0 1 1 0.0132046709794254 0.986795329020575 1
0 1 1 0.00138116742677084 0.998618832573229 1
0 1 1 0.357819118589438 0.642180881410562 1
1 0 0 0.999983036652654 1.69633473457094E-05 0
1 0 0 0.946160419876189 0.0538395801238108 0
1 0 0 0.998099830183769 0.00190016981623099 0
1 0 0 0.869700587434308 0.130299412565692 0
0 1 1 0.0126668070347445 0.987333192965256 1
1 0 0 0.999738650861727 0.000261349138273573 0
1 0 0 0.999893602010161 0.000106397989839258 0
1 0 0 0.474866112838129 0.525133887161871 1
1 0 0 0.999998663941926 1.33605807357227E-06 0
1 0 0 0.998233881893412 0.00176611810658821 0
0 1 1 0.000446226893570151 0.99955377310643 1
1 0 0 0.999945418475201 5.45815247986972E-05 0
1 0 0 0.995485229321994 0.00451477067800562 0
1 0 0 0.999950610684043 4.93893159568365E-05 0
1 0 0 0.830006454572216 0.169993545427784 0
0 1 1 0.239474123803017 0.760525876196983 1
0 1 1 0.0109506144421489 0.989049385557851 1
0 1 1 0.0159727670795763 0.984027232920424 1
1 0 0 0.999979115639469 2.0884360531423E-05 0
1 0 0 0.991306460774291 0.00869353922570887 0
1 0 0 0.293550510329187 0.706449489670813 1
1 0 0 0.99997294194867 2.70580513298189E-05 0
1 0 0 0.999904455128313 9.55448716871902E-05 0
1 0 0 0.997446487734767 0.00255351226523282 0
1 0 0 0.242354886080076 0.757645113919924 1
0 1 1 0.0615318636129665 0.938468136387034 1
0 1 1 0.117539943591679 0.882460056408321 1
1 0 0 0.999902218531408 9.77814685917246E-05 0
1 0 0 0.935310540871274 0.0646894591287262 0
1 0 0 0.993617078812259 0.0063829211877405 0
1 0 0 0.999939262337091 6.07376629086847E-05 0
1 0 0 0.999521575550938 0.000478424449061978 0
0 1 1 0.0259496345743354 0.974050365425665 1
1 0 0 0.941785674703654 0.0582143252963456 0
1 0 0 0.999918682760457 8.13172395426695E-05 0
0 1 1 0.00245401745050023 0.9975459825495 1
0 1 1 0.465881612471825 0.534118387528175 1
1 0 0 0.944952745210718 0.0550472547892821 0
1 0 0 0.993779490753747 0.00622050924625334 0
0 1 1 0.00138510263394176 0.998614897366058 1
1 0 0 0.0842326625198234 0.915767337480177 1
1 0 0 0.985556239233453 0.0144437607665467 0
0 1 1 0.00234533722199099 0.997654662778009 1
1 0 0 0.999932761185308 6.72388146918549E-05 0
1 0 0 0.996639088582592 0.00336091141740845 0
0 1 1 0.0249350466392312 0.975064953360769 1
0 1 1 0.000633610849090542 0.999366389150909 1
1 0 0 0.999938306322926 6.16936770736163E-05 0
0 1 1 0.00128776500417758 0.998712234995823 1
0 1 1 0.0110395234917435 0.988960476508256 1
0 1 1 0.00449747963790832 0.995502520362092 1
1 0 0 0.880850378602022 0.119149621397978 0
1 0 0 0.659154538258295 0.340845461741705 0
1 0 0 0.999935513960028 6.44860399722965E-05 0
1 0 0 0.999985847787456 1.41522125438118E-05 0
1 0 0 0.999860129170333 0.000139870829667288 0
1 0 0 0.999958655933283 4.13440667165894E-05 0
1 0 0 0.813756536790918 0.186243463209082 0
0 1 1 0.205470535740476 0.794529464259524 1
1 0 0 0.992321111374591 0.0076788886254087 0
1 0 0 0.999915166987511 8.48330124885467E-05 0
0 1 1 0.170420229079912 0.829579770920088 1
0 1 1 0.0301829153487363 0.969817084651264 1
1 0 0 0.999998167563013 1.83243698716855E-06 0
1 0 0 0.999964619571116 3.5380428883774E-05 0
0 1 1 0.387131470828646 0.612868529171354 1
1 0 0 0.999791339933031 0.00020866006696937 0
1 0 0 0.989640048807176 0.0103599511928236 0
1 0 0 0.83351617345719 0.16648382654281 0
0 1 1 0.0317079651437785 0.968292034856221 1
0 1 1 0.0102789988989098 0.98972100110109 1
0 1 1 0.115299737994058 0.884700262005942 1
1 0 0 0.894001072211183 0.105998927788817 0
1 0 0 0.92954527203093 0.0704547279690697 0
1 0 0 0.982151528728829 0.0178484712711706 0
0 1 1 0.00556379897227527 0.994436201027725 1
1 0 0 0.987959923286362 0.0120400767136377 0
1 0 0 0.999942034711825 5.7965288175125E-05 0
0 1 1 0.941749272664252 0.058250727335748 0
0 1 1 0.143912316890798 0.856087683109202 1
1 0 0 0.903321848662539 0.0966781513374615 0
0 1 1 0.0124448047985053 0.987555195201495 1
1 0 0 0.999999888902924 1.11097075994416E-07 0
1 0 0 0.974070844018124 0.0259291559818755 0
0 1 1 0.881521880687636 0.118478119312364 0
0 1 1 0.0232817829104666 0.976718217089533 1
1 0 0 0.999998816990611 1.18300938908882E-06 0
0 1 1 0.00199609995497621 0.998003900045024 1
1 0 0 0.999999920648451 7.93515488574353E-08 0
1 0 0 0.154079240728494 0.845920759271506 1
1 0 0 0.999846796618541 0.000153203381459017 0
0 1 1 0.0114727236984868 0.988527276301513 1
1 0 0 0.999999090100888 9.09899112206068E-07 0
0 1 1 0.871510141874383 0.128489858125617 0
1 0 0 0.99940817852226 0.00059182147773982 0
0 1 1 0.543939804194018 0.456060195805982 0
1 0 0 0.994673730831887 0.00532626916811254 0
1 0 0 0.998513868251273 0.00148613174872684 0
0 1 1 0.00798086261812244 0.992019137381878 1
0 1 1 0.999366907889 0.000633092110999698 0
0 1 1 0.00732719411058437 0.992672805889416 1
1 0 0 0.99991368233493 8.63176650699106E-05 0
1 0 0 0.999948988980092 5.1011019907869E-05 0
1 0 0 0.999951951987449 4.80480125510965E-05 0
1 0 0 0.999999887074605 1.12925394999694E-07 0
1 0 0 0.999927800864388 7.21991356115791E-05 0
0 1 1 0.00238976648828213 0.997610233511718 1
1 0 0 0.999633587658487 0.000366412341512638 0
0 1 1 0.000425165178267862 0.999574834821732 1
0 1 1 0.173885024798651 0.826114975201349 1
1 0 0 0.999798678773096 0.000201321226903815 0
1 0 0 0.924234874887809 0.0757651251121906 0
0 1 1 0.219362507297729 0.780637492702271 1
1 0 0 0.98443648914304 0.01556351085696 0
1 0 0 0.999974207796563 2.5792203436561E-05 0
1 0 0 0.99999823116502 1.7688349805387E-06 0
1 0 0 0.99572452477055 0.00427547522944965 0
0 1 1 0.0154311802069508 0.984568819793049 1
1 0 0 0.999957643917561 4.23560824393636E-05 0
0 1 1 0.253700758838198 0.746299241161802 1
1 0 0 0.999691234792201 0.00030876520779927 0
0 1 1 0.479012184133399 0.520987815866601 1
1 0 0 0.914327489042252 0.0856725109577479 0
1 0 0 0.999920312098485 7.96879015151686E-05 0
1 0 0 0.999448483815327 0.000551516184673297 0
1 0 0 0.84523847080187 0.15476152919813 0
0 1 1 0.0106168451755164 0.989383154824484 1
1 0 0 0.99999792466974 2.0753302603757E-06 0
1 0 0 0.99995563718884 4.43628111602245E-05 0
1 0 0 0.878884217385359 0.121115782614641 0
1 0 0 0.945112521713132 0.0548874782868685 0
1 0 0 0.999981215723407 1.87842765931336E-05 0
1 0 0 0.999989431405988 1.05685940123653E-05 0
0 1 1 0.0116825826688591 0.988317417331141 1
0 1 1 0.146055233581428 0.853944766418572 1
1 0 0 0.979690708393292 0.0203092916067083 0
1 0 0 0.999875084811308 0.00012491518869196 0
1 0 0 0.9999434002414 5.65997585998403E-05 0
1 0 0 0.99842941122488 0.00157058877512018 0
0 1 1 0.999996361857823 3.63814217658411E-06 0
1 0 0 0.999879314811335 0.000120685188665294 0
1 0 0 0.999587316463598 0.000412683536402052 0
1 0 0 0.998125557498616 0.00187444250138402 0
1 0 0 0.978201479201845 0.0217985207981549 0
0 1 1 0.000915784552206918 0.999084215447793 1
1 0 0 0.986993322158557 0.013006677841443 0
0 1 1 0.00233119527111981 0.99766880472888 1
1 0 0 0.999919464540289 8.05354597114058E-05 0
0 1 1 0.00410777359359297 0.995892226406407 1
1 0 0 0.999566343417732 0.00043365658226823 0
1 0 0 0.999997813096765 2.18690323469008E-06 0
0 1 1 0.0125393893147051 0.987460610685295 1
1 0 0 0.999977880305905 2.21196940955554E-05 0
1 0 0 0.999665645468019 0.000334354531980813 0
1 0 0 0.929020683643369 0.0709793163566309 0
1 0 0 0.999998558018146 1.4419818545922E-06 0
0 1 1 0.00293253933071802 0.997067460669282 1
1 0 0 0.999070212911723 0.000929787088276572 0
1 0 0 0.999800565185063 0.000199434814937505 0
1 0 0 0.999545027767736 0.000454972232264187 0
1 0 0 0.999630508529123 0.000369491470876947 0
1 0 0 0.999688220722881 0.000311779277118668 0
0 1 1 0.00768805332813792 0.992311946671862 1
1 0 0 0.978582675547452 0.0214173244525475 0
1 0 0 0.999987146704018 1.28532959820704E-05 0
1 0 0 0.999989996000181 1.00039998195748E-05 0
1 0 0 0.999998626807611 1.37319238856619E-06 0
0 1 1 0.0185792819075045 0.981420718092495 1
1 0 0 0.99999571486929 4.28513071028971E-06 0
0 1 1 0.0396146820019128 0.960385317998087 1
1 0 0 0.999999962520907 3.74790927009591E-08 0
1 0 0 0.891454519562743 0.108545480437257 0
1 0 0 0.999998845547671 1.15445232907798E-06 0
0 1 1 0.591152185385475 0.408847814614525 0
0 1 1 0.00339453547736663 0.996605464522633 1
0 1 1 0.00718217314691541 0.992817826853085 1
1 0 0 0.999984721853491 1.5278146508523E-05 0
1 0 0 0.0119087440684647 0.988091255931535 1
0 1 1 0.00170388454807486 0.998296115451925 1
1 0 0 0.973423565404583 0.0265764345954174 0
0 1 1 0.991481734987031 0.00851826501296913 0
0 1 1 0.00400827925365198 0.995991720746348 1
0 1 1 0.143648961374175 0.856351038625825 1
0 1 1 0.00455512630470334 0.995444873695297 1
1 0 0 0.172676649878869 0.827323350121131 1
1 0 0 0.999993178458218 6.82154178252306E-06 0
0 1 1 0.843298696452276 0.156701303547724 0
0 1 1 0.89745092714713 0.10254907285287 0
0 1 1 0.779018888778546 0.220981111221454 0
1 0 0 0.999455578780035 0.000544421219965144 0
1 0 0 0.999942668422753 5.73315772464194E-05 0
1 0 0 0.999999421458385 5.78541614835537E-07 0
1 0 0 0.0276430204747428 0.972356979525257 1
1 0 0 0.999902415602664 9.75843973355534E-05 0
0 1 1 0.00178486492268046 0.99821513507732 1
0 1 1 0.0707193187077236 0.929280681292276 1
1 0 0 0.91760867597406 0.0823913240259403 0
1 0 0 0.103249138836991 0.896750861163009 1
1 0 0 0.965818868455042 0.0341811315449581 0
1 0 0 0.999999345856803 6.54143197349029E-07 0
0 1 1 0.00073823698384133 0.999261763016159 1
0 1 1 0.00139058261653704 0.998609417383463 1
1 0 0 0.869406611688489 0.130593388311511 0
0 1 1 0.00301003532133085 0.996989964678669 1
1 0 0 0.999999221883956 7.78116044320335E-07 0
1 0 0 0.999988315658867 1.16843411328397E-05 0
0 1 1 0.0542582369928747 0.945741763007125 1
1 0 0 0.999997751845204 2.24815479568049E-06 0
1 0 0 0.999706288917212 0.000293711082788162 0
0 1 1 0.000922028497283007 0.999077971502717 1
1 0 0 0.999977916217587 2.20837824131967E-05 0
1 0 0 0.999931638653544 6.83613464563809E-05 0
0 1 1 0.0181516258273032 0.981848374172697 1
1 0 0 0.996273496254085 0.00372650374591446 0
1 0 0 0.892647549375382 0.107352450624618 0
1 0 0 0.999999938748269 6.12517308819907E-08 0
0 1 1 0.0167695266776636 0.983230473322336 1
1 0 0 0.897305219748154 0.102694780251846 0
0 1 1 0.00142749403080878 0.998572505969191 1
0 1 1 0.0021073605420716 0.997892639457928 1
0 1 1 0.0873450247389192 0.912654975261081 1
1 0 0 0.991771082839597 0.00822891716040264 0
1 0 0 0.999543563906779 0.000456436093221453 0
1 0 0 0.999899528882636 0.000100471117364057 0
1 0 0 0.999982490861042 1.75091389582002E-05 0
1 0 0 0.999959350789537 4.06492104630634E-05 0
1 0 0 0.999663007921134 0.000336992078865728 0
0 1 1 0.135036552881869 0.864963447118131 1
1 0 0 0.137272824389308 0.862727175610691 1
1 0 0 0.999798096909332 0.000201903090667768 0
1 0 0 0.9979830089402 0.00201699105980027 0
1 0 0 0.999479146536655 0.000520853463345034 0
1 0 0 0.0227909192648183 0.977209080735182 1
1 0 0 0.995121026740527 0.0048789732594733 0
1 0 0 0.999958735017618 4.12649823821797E-05 0
1 0 0 0.999999834898859 1.65101140737641E-07 0
0 1 1 0.00422151887473033 0.99577848112527 1
1 0 0 0.999997970034916 2.02996508398144E-06 0
1 0 0 0.999556594722854 0.000443405277145836 0
1 0 0 0.954621058226843 0.0453789417731573 0
0 1 1 0.00733856408206194 0.992661435917938 1
0 1 1 0.000601211281086817 0.999398788718913 1
0 1 1 0.977942868943174 0.0220571310568262 0
1 0 0 0.604237919872853 0.395762080127147 0
1 0 0 0.992149903817732 0.00785009618226755 0
0 1 1 0.0370591739220575 0.962940826077943 1
0 1 1 0.46220328568141 0.53779671431859 1
1 0 0 0.999979799413366 2.02005866339094E-05 0
1 0 0 0.999989762135618 1.02378643824233E-05 0
1 0 0 0.999943770871672 5.62291283280229E-05 0
0 1 1 0.00138794485238463 0.998612055147615 1
1 0 0 0.982284745719126 0.0177152542808743 0
0 1 1 0.00699549346195209 0.993004506538048 1
0 1 1 0.00148258657647656 0.998517413423523 1
1 0 0 0.238572539061392 0.761427460938608 1
1 0 0 0.992404785683521 0.00759521431647937 0
1 0 0 0.999670813660167 0.000329186339832991 0
1 0 0 0.999988127187672 1.18728123279598E-05 0
1 0 0 0.999976433871884 2.35661281165741E-05 0
0 1 1 0.00135915846688383 0.998640841533116 1
1 0 0 0.0372052355079342 0.962794764492066 1
1 0 0 0.999977476636803 2.25233631967295E-05 0
1 0 0 0.999997085672575 2.91432742452602E-06 0
1 0 0 0.99847779213219 0.00152220786780968 0
1 0 0 0.962534296683267 0.0374657033167335 0
0 1 1 6.27221696091256E-05 0.999937277830391 1
1 0 0 0.999535478888947 0.000464521111053022 0
1 0 0 0.997335497376925 0.00266450262307471 0
1 0 0 0.991184565654721 0.0088154343452784 0
1 0 0 0.999998928356907 1.07164309317453E-06 0
1 0 0 0.931712056234108 0.0682879437658924 0
1 0 0 0.997904131580087 0.00209586841991265 0
1 0 0 0.999651141658861 0.000348858341139086 0
1 0 0 0.987975790176426 0.0120242098235745 0
1 0 0 0.999732164549657 0.000267835450343144 0
0 1 1 0.00117078016704927 0.998829219832951 1
1 0 0 0.974246676721549 0.0257533232784511 0
0 1 1 0.00129992092889268 0.998700079071107 1
1 0 0 0.999966653385216 3.33466147842142E-05 0
1 0 0 0.999900050912358 9.99490876424835E-05 0
1 0 0 0.999600855490118 0.000399144509882103 0
1 0 0 0.999997208679218 2.7913207816036E-06 0
1 0 0 0.999794300840027 0.000205699159972933 0
0 1 1 0.460926018743945 0.539073981256055 1
0 1 1 0.885766870405282 0.114233129594718 0
1 0 0 0.999392470947246 0.000607529052753954 0
0 1 1 0.0221713360656649 0.977828663934335 1
0 1 1 0.0116924615086811 0.988307538491319 1
0 1 1 0.800718253804281 0.199281746195719 0
1 0 0 0.998319841127857 0.0016801588721431 0
1 0 0 0.439170629824494 0.560829370175506 1
0 1 1 0.0881576491790184 0.911842350820982 1
0 1 1 0.0437273548250948 0.956272645174905 1
0 1 1 0.0198214722976081 0.980178527702392 1
1 0 0 0.994714108518953 0.00528589148104664 0
1 0 0 0.9999782935792 2.17064208005605E-05 0
1 0 0 0.999998122728211 1.87727178885424E-06 0
1 0 0 0.957543544606334 0.0424564553936664 0
1 0 0 0.999879093420709 0.000120906579291054 0
1 0 0 0.999982211997838 1.77880021619207E-05 0
1 0 0 0.999996972478852 3.02752114768067E-06 0
0 1 1 0.000890050298942361 0.999109949701058 1
1 0 0 0.999885291845951 0.000114708154048664 0
1 0 0 0.996587269751222 0.00341273024877798 0
1 0 0 0.99979729851642 0.000202701483579851 0
1 0 0 0.999977755880017 2.22441199832748E-05 0
0 1 1 0.875697511967383 0.124302488032617 0
0 1 1 0.474638686291291 0.525361313708709 1
1 0 0 0.969991162248182 0.0300088377518177 0
0 1 1 0.776092743177309 0.223907256822691 0
0 1 1 0.00340662429871958 0.99659337570128 1
1 0 0 0.999992839030958 7.16096904184451E-06 0
1 0 0 0.983524086803685 0.0164759131963147 0
1 0 0 0.99374875286321 0.00625124713678996 0
1 0 0 0.987616608089189 0.0123833919108113 0
1 0 0 0.971764872738656 0.0282351272613443 0
1 0 0 0.997014914163702 0.00298508583629828 0
1 0 0 0.99945503268353 0.000544967316469718 0
1 0 0 0.999475027691025 0.000524972308974876 0
1 0 0 0.999905449240427 9.45507595727773E-05 0
1 0 0 0.999874857097987 0.000125142902013223 0
1 0 0 0.999999475897942 5.24102058398534E-07 0
1 0 0 0.999977949449006 2.20505509934795E-05 0
0 1 1 0.00676723026770577 0.993232769732294 1
1 0 0 0.998080978754788 0.00191902124521182 0
1 0 0 0.99998219776491 1.78022350895503E-05 0
0 1 1 0.00155482906535692 0.998445170934643 1
1 0 0 0.834294809268803 0.165705190731197 0
0 1 1 0.0047795422157619 0.995220457784238 1
1 0 0 0.983211654927745 0.0167883450722551 0
0 1 1 0.0114417492975266 0.988558250702473 1
1 0 0 0.999981764980862 1.82350191381743E-05 0
1 0 0 0.61770817086061 0.38229182913939 0
1 0 0 0.960470400297581 0.0395295997024194 0
0 1 1 0.0183582093817569 0.981641790618243 1
0 1 1 0.00669336164666571 0.993306638353334 1
1 0 0 0.99988138206634 0.000118617933660018 0
1 0 0 0.999999830104336 1.69895664535155E-07 0
1 0 0 0.999999977271755 2.27282451516603E-08 0
1 0 0 0.999992321004308 7.67899569236814E-06 0
1 0 0 0.999967706315029 3.22936849707463E-05 0
0 1 1 0.000287988202706722 0.999712011797293 1
1 0 0 0.999999892197981 1.07802019396663E-07 0
0 1 1 0.00225065492071453 0.997749345079286 1
1 0 0 0.668874397627401 0.331125602372599 0
1 0 0 0.569753240904422 0.430246759095578 0
1 0 0 0.987914704322763 0.0120852956772367 0
1 0 0 0.999011474259472 0.000988525740528367 0
1 0 0 0.118513913588639 0.881486086411362 1
0 1 1 0.00279566621677585 0.997204333783224 1
0 1 1 0.0246345331524086 0.975365466847591 1
1 0 0 0.999984021301092 1.59786989080143E-05 0
0 1 1 0.00122151842892486 0.998778481571075 1
1 0 0 0.999981112977057 1.88870229435241E-05 0
1 0 0 0.999997083245918 2.91675408234064E-06 0
1 0 0 0.997506170900069 0.00249382909993125 0
0 1 1 0.00224925755960808 0.997750742440392 1
1 0 0 0.999991227592391 8.77240760912297E-06 0
1 0 0 0.999996121928569 3.87807143111342E-06 0
1 0 0 0.999965425091974 3.45749080260299E-05 0
1 0 0 0.999752756688983 0.000247243311017269 0
0 1 1 0.0145266806932138 0.985473319306786 1
1 0 0 0.999916871236717 8.31287632834186E-05 0
0 1 1 0.0775512257204982 0.922448774279502 1
1 0 0 0.998333777345493 0.00166622265450661 0
1 0 0 0.139716850768109 0.860283149231891 1
1 0 0 0.999996946683121 3.05331687928434E-06 0
0 1 1 0.00206778128826209 0.997932218711738 1
1 0 0 0.84092940097786 0.15907059902214 0
1 0 0 0.728890765708863 0.271109234291137 0
0 1 1 0.0724058792573016 0.927594120742698 1
1 0 0 0.999830292618582 0.000169707381418482 0
1 0 0 0.541913707636236 0.458086292363764 0
0 1 1 0.0017738223359193 0.998226177664081 1
1 0 0 0.999553482941533 0.000446517058467464 0
1 0 0 0.981963579120215 0.0180364208797847 0
1 0 0 0.996516219678106 0.00348378032189419 0
1 0 0 0.99971123774686 0.000288762253140166 0
1 0 0 0.999963381878262 3.66181217383455E-05 0
1 0 0 0.999990658432556 9.34156744436209E-06 0
0 1 1 0.013473683786441 0.986526316213559 1
1 0 0 0.999980911455432 1.90885445676368E-05 0
1 0 0 0.110351998781993 0.889648001218007 1
1 0 0 0.999970581488462 2.9418511538389E-05 0
1 0 0 0.999580884371874 0.000419115628126376 0
1 0 0 0.857531046276782 0.142468953723218 0
1 0 0 0.983618332049656 0.0163816679503437 0
1 0 0 0.981356359319489 0.0186436406805112 0
1 0 0 0.989203502702366 0.0107964972976345 0
0 1 1 0.660245073380277 0.339754926619723 0
1 0 0 0.999958405597275 4.15944027250638E-05 0
1 0 0 0.999065743005565 0.000934256994434795 0
0 1 1 0.00673087271647355 0.993269127283527 1
1 0 0 0.999774149104072 0.000225850895927828 0
1 0 0 0.990134388694629 0.00986561130537096 0
1 0 0 0.999937488473042 6.25115269580818E-05 0
0 1 1 0.0695106691343896 0.930489330865611 1
1 0 0 0.964762021121523 0.0352379788784773 0
1 0 0 0.997449712233907 0.00255028776609275 0
1 0 0 0.999380600226341 0.00061939977365904 0
0 1 1 8.5747792461015E-05 0.999914252207539 1
0 1 1 0.0123553336489627 0.987644666351037 1
1 0 0 0.999998555812354 1.44418764643123E-06 0
0 1 1 0.0119577513317482 0.988042248668252 1
1 0 0 0.992539001524131 0.00746099847586903 0
1 0 0 0.727570069221467 0.272429930778534 0
1 0 0 0.99998771601857 1.22839814304136E-05 0
1 0 0 0.99999906283925 9.37160750187596E-07 0
0 1 1 0.0139111257748158 0.986088874225184 1
0 1 1 0.0867959407747229 0.913204059225277 1
1 0 0 0.984969367502946 0.015030632497054 0
1 0 0 0.999997732882005 2.26711799515947E-06 0
1 0 0 0.997488749001773 0.00251125099822701 0
1 0 0 0.99999996613436 3.38656400283363E-08 0
0 1 1 0.62369453857986 0.37630546142014 0
0 1 1 0.0877938029571749 0.912206197042825 1
1 0 0 0.999580118051846 0.000419881948153937 0
1 0 0 0.999999588693745 4.11306254927316E-07 0
1 0 0 0.999236471922416 0.000763528077584298 0
1 0 0 0.99999997911183 2.08881695998495E-08 0
1 0 0 0.98850989556529 0.0114901044347096 0
0 1 1 0.00177244706270285 0.998227552937297 1
1 0 0 0.999978347315233 2.16526847672055E-05 0
0 1 1 0.00696823308518012 0.99303176691482 1
0 1 1 0.000389337410207455 0.999610662589792 1
1 0 0 0.998937504328656 0.00106249567134429 0
1 0 0 0.96752515317905 0.03247484682095 0
1 0 0 0.999485316081609 0.00051468391839132 0
0 1 1 0.00503233556314696 0.994967664436853 1
1 0 0 0.983632670281079 0.0163673297189205 0
0 1 1 0.774781467117945 0.225218532882055 0
1 0 0 0.999996617190101 3.38280989858192E-06 0
0 1 1 4.68608196051669E-05 0.999953139180395 1
1 0 0 0.92040860773171 0.0795913922682897 0
1 0 0 0.999164400034525 0.000835599965475313 0
1 0 0 0.844272536344388 0.155727463655612 0
0 1 1 0.469146913366463 0.530853086633537 1
0 1 1 0.00731393004959785 0.992686069950402 1
0 1 1 0.0104445549687049 0.989555445031295 1
1 0 0 0.99722154304139 0.00277845695861019 0
0 1 1 0.000834719949124322 0.999165280050876 1
1 0 0 0.999999182734295 8.17265705186085E-07 0
1 0 0 0.997816182447183 0.00218381755281685 0
1 0 0 0.993843032133737 0.00615696786626303 0
1 0 0 0.913186991117404 0.0868130088825962 0
0 1 1 0.999994222786528 5.77721347227437E-06 0
1 0 0 0.996486869404597 0.00351313059540283 0
1 0 0 0.999978100351752 2.18996482481037E-05 0
1 0 0 0.999971877406898 2.81225931024156E-05 0
0 1 1 0.827744298334096 0.172255701665904 0
1 0 0 0.999423177225649 0.000576822774351313 0
0 1 1 0.430563666972792 0.569436333027208 1
0 1 1 0.0548408285210651 0.945159171478935 1
0 1 1 0.800011397449504 0.199988602550496 0
1 0 0 0.998023619857352 0.00197638014264854 0
1 0 0 0.99996735294443 3.26470555697446E-05 0
0 1 1 0.0149463012400657 0.985053698759934 1
1 0 0 0.999262329817842 0.000737670182157683 0
1 0 0 0.999261535671838 0.0007384643281624 0
1 0 0 0.908182080046022 0.0918179199539779 0
1 0 0 0.989902555061478 0.0100974449385217 0
1 0 0 0.999995649468276 4.35053172430294E-06 0
0 1 1 0.65884631493905 0.34115368506095 0
1 0 0 0.99990578154902 9.4218450980177E-05 0
1 0 0 0.977829274036304 0.022170725963696 0
1 0 0 0.999990508777181 9.4912228192259E-06 0
0 1 1 0.00114633353912345 0.998853666460877 1
1 0 0 0.960468016392572 0.0395319836074279 0
1 0 0 0.466440423472359 0.533559576527641 1
0 1 1 0.00101753804073468 0.998982461959265 1
0 1 1 0.00182326016865413 0.998176739831346 1
1 0 0 0.950668868186788 0.0493311318132117 0
1 0 0 0.994026663775699 0.00597333622430131 0
1 0 0 0.999999971567262 2.84327377505698E-08 0
0 1 1 0.00134654184033935 0.998653458159661 1
0 1 1 0.959252743583155 0.0407472564168449 0
1 0 0 0.999765142266575 0.000234857733424644 0
1 0 0 0.999999546267906 4.53732093758134E-07 0
1 0 0 0.999999313737918 6.86262081882767E-07 0
1 0 0 0.999706076059871 0.000293923940129012 0
1 0 0 0.99987660815866 0.0001233918413396 0
1 0 0 0.981579196880096 0.018420803119904 0
1 0 0 0.9999782935792 2.17064208005605E-05 0
1 0 0 0.999984853556603 1.51464433972315E-05 0
1 0 0 0.999984210759265 1.57892407348164E-05 0
1 0 0 0.996688403387711 0.00331159661228929 0
1 0 0 0.99999336669042 6.63330958024507E-06 0
1 0 0 0.999998937072274 1.06292772545581E-06 0
1 0 0 0.999931091471339 6.89085286606327E-05 0
0 1 1 0.156070240967115 0.843929759032885 1
1 0 0 0.658289300599746 0.341710699400254 0
1 0 0 0.999977561424714 2.24385752858116E-05 0
0 1 1 0.354962225529612 0.645037774470388 1
1 0 0 0.999918911302258 8.10886977423836E-05 0
1 0 0 0.999994276776876 5.7232231238439E-06 0
1 0 0 0.997459066549096 0.00254093345090375 0
0 1 1 0.000680297345183484 0.999319702654817 1
0 1 1 0.000424725513637246 0.999575274486363 1
1 0 0 0.965622535334099 0.0343774646659006 0
1 0 0 0.944493244772656 0.0555067552273441 0
1 0 0 0.999942960815268 5.70391847323756E-05 0
0 1 1 0.0252211300894 0.9747788699106 1
1 0 0 0.703313220570727 0.296686779429273 0
1 0 0 0.999619687207944 0.000380312792056244 0
0 1 1 0.00580996681495016 0.99419003318505 1
1 0 0 0.999990587413331 9.4125866685496E-06 0
1 0 0 0.999962380566815 3.76194331849553E-05 0
1 0 0 0.778345926662262 0.221654073337738 0
1 0 0 0.995389666217942 0.0046103337820575 0
1 0 0 0.998169739775067 0.00183026022493291 0
1 0 0 0.995666496755883 0.00433350324411704 0
1 0 0 0.994878554914861 0.00512144508513914 0
1 0 0 0.999967940629646 3.2059370353602E-05 0
0 1 1 0.00900205230078231 0.990997947699218 1
0 1 1 0.0127748738301957 0.987225126169804 1
1 0 0 0.999999969481259 3.05187409700984E-08 0
0 1 1 0.00532410604652644 0.994675893953474 1
1 0 0 0.999999696228686 3.03771314341098E-07 0
1 0 0 0.99997603779791 2.3962202089664E-05 0
1 0 0 0.606671543475807 0.393328456524193 0
0 1 1 0.000467476809034124 0.999532523190966 1
0 1 1 0.0900745340679419 0.909925465932058 1
0 1 1 0.0418575077505958 0.958142492249404 1
1 0 0 0.999980619477012 1.93805229882058E-05 0
0 1 1 0.00516607558836632 0.994833924411634 1
1 0 0 0.999988274923106 1.17250768935538E-05 0
0 1 1 0.795942974549667 0.204057025450333 0
1 0 0 0.999812001477255 0.000187998522744691 0
0 1 1 0.00173339163014302 0.998266608369857 1
1 0 0 0.907426306512126 0.0925736934878744 0
1 0 0 0.999857461809956 0.000142538190044158 0
1 0 0 0.999996967445528 3.03255447208384E-06 0
1 0 0 0.99537172514238 0.00462827485761995 0
1 0 0 0.999999533241975 4.66758025081096E-07 0
0 1 1 0.0079850331288656 0.992014966871134 1
0 1 1 0.00503678643433676 0.994963213565663 1
0 1 1 0.0609642612195221 0.939035738780478 1
0 1 1 0.0170308247553043 0.982969175244696 1
1 0 0 0.998448162254457 0.00155183774554325 0
1 0 0 0.999963825771982 3.61742280184412E-05 0
1 0 0 0.999974223990542 2.57760094575424E-05 0
1 0 0 0.999800678204476 0.000199321795523606 0
1 0 0 0.999990624760659 9.37523934072157E-06 0
0 1 1 0.000274214719711718 0.999725785280288 1
1 0 0 0.999948015800153 5.19841998470674E-05 0
0 1 1 0.221331523256569 0.778668476743431 1
1 0 0 0.999957881115361 4.21188846394052E-05 0
1 0 0 0.987494819677277 0.0125051803227227 0
1 0 0 0.999982882758401 1.71172415984812E-05 0
1 0 0 0.999975394658123 2.46053418765831E-05 0
1 0 0 0.999971391906295 2.86080937052449E-05 0
1 0 0 0.998530320618206 0.0014696793817938 0
1 0 0 0.990085206220995 0.00991479377900488 0
1 0 0 0.999954414571455 4.5585428545078E-05 0
1 0 0 0.999740614556177 0.000259385443822821 0
0 1 1 0.00673054127972326 0.993269458720277 1
0 1 1 0.0032424081341073 0.996757591865893 1
0 1 1 0.999806488573988 0.000193511426011729 0
0 1 1 0.00110249818557417 0.998897501814426 1
0 1 1 0.114837802898383 0.885162197101617 1
1 0 0 0.953210339823782 0.0467896601762181 0
0 1 1 0.0873538178007546 0.912646182199245 1
1 0 0 0.455768155336223 0.544231844663777 1
1 0 0 0.857298160876617 0.142701839123383 0
0 1 1 0.3257203416568 0.6742796583432 1
1 0 0 0.999972844885514 2.71551144857924E-05 0
0 1 1 0.934017166398707 0.0659828336012934 0
1 0 0 0.999998532436157 1.46756384243729E-06 0
1 0 0 0.999983324407354 1.66755926463396E-05 0
0 1 1 0.0398187739983087 0.960181226001691 1
0 1 1 0.0191277817859025 0.980872218214098 1
1 0 0 0.999968621544978 3.1378455022094E-05 0
0 1 1 0.00381831335909362 0.996181686640906 1
0 1 1 0.000978312169437881 0.999021687830562 1
1 0 0 0.99999750484595 2.49515405010888E-06 0
1 0 0 0.961926472189227 0.0380735278107732 0
1 0 0 0.796350222596125 0.203649777403875 0
1 0 0 0.999006514660988 0.000993485339012491 0
1 0 0 0.0087527078042218 0.991247292195778 1
1 0 0 0.930216712351413 0.0697832876485872 0
0 1 1 0.00102567252411109 0.998974327475889 1
1 0 0 0.999981291461414 1.87085385858709E-05 0
1 0 0 0.999865273510755 0.000134726489245375 0
0 1 1 0.000248234928482187 0.999751765071518 1
0 1 1 0.000729872359400412 0.9992701276406 1
1 0 0 0.976894002643081 0.023105997356919 0
1 0 0 0.00479426471415729 0.995205735285843 1
0 1 1 0.00999264644958633 0.990007353550414 1
0 1 1 0.243048725432078 0.756951274567922 1
0 1 1 0.00320394902249124 0.996796050977509 1
0 1 1 0.00226807792895427 0.997731922071046 1
1 0 0 0.999935930762237 6.40692377629131E-05 0
1 0 0 0.999831225602578 0.000168774397422473 0
0 1 1 0.00152257275033223 0.998477427249668 1
1 0 0 0.999995301789559 4.6982104412779E-06 0
0 1 1 0.25106827094855 0.74893172905145 1
1 0 0 0.999998902083746 1.09791625374398E-06 0
0 1 1 0.209533075481643 0.790466924518357 1
0 1 1 0.945810313138616 0.0541896868613838 0
0 1 1 0.506636684949012 0.493363315050988 0
0 1 1 0.000149653222564956 0.999850346777435 1
1 0 0 0.839687128316051 0.160312871683949 0
1 0 0 0.999982525225484 1.74747745160687E-05 0
0 1 1 0.79230568759764 0.20769431240236 0
0 1 1 0.676134516559243 0.323865483440757 0
1 0 0 0.476317232675459 0.523682767324541 1
1 0 0 0.99999600310508 3.99689491962177E-06 0
1 0 0 0.987826844807894 0.0121731551921056 0
0 1 1 0.97722618160017 0.0227738183998297 0
0 1 1 0.316767654770368 0.683232345229632 1
1 0 0 0.367766493235892 0.632233506764109 1
0 1 1 0.0163697633466058 0.983630236653394 1
1 0 0 0.999980671782665 1.93282173345262E-05 0
1 0 0 0.99722410865074 0.0027758913492597 0
0 1 1 0.000956255523234036 0.999043744476766 1
1 0 0 0.999998834808022 1.16519197780943E-06 0
0 1 1 0.0201072676482605 0.97989273235174 1
1 0 0 0.999994715271386 5.28472861364366E-06 0
0 1 1 0.0613275327667931 0.938672467233207 1
1 0 0 0.986102668022508 0.0138973319774923 0
1 0 0 0.99499548717853 0.00500451282147005 0
1 0 0 0.999998335538447 1.66446155279017E-06 0
1 0 0 0.994679530706102 0.0053204692938979 0
1 0 0 0.998945220987745 0.00105477901225464 0
1 0 0 0.994951314894924 0.00504868510507607 0
0 1 1 0.00121749367100384 0.998782506328996 1
0 1 1 0.0525431447153683 0.947456855284632 1
0 1 1 0.0108378626913176 0.989162137308682 1
1 0 0 0.259996767679235 0.740003232320765 1
1 0 0 0.999999260210065 7.39789935289493E-07 0
1 0 0 0.995662088564958 0.00433791143504162 0
1 0 0 0.990147671452906 0.00985232854709437 0
1 0 0 0.999913054675773 8.69453242267268E-05 0
0 1 1 0.0076585390286733 0.992341460971327 1
0 1 1 0.00241265390607785 0.997587346093922 1
1 0 0 0.974616059098348 0.0253839409016524 0
1 0 0 0.999981658617708 1.8341382292108E-05 0
0 1 1 0.00140401023348749 0.998595989766513 1
1 0 0 0.999999959007821 4.09921787125183E-08 0
1 0 0 0.999036742272642 0.0009632577273581 0
0 1 1 0.949029238418386 0.050970761581614 0
0 1 1 0.982389677081184 0.0176103229188155 0
1 0 0 0.903077329663555 0.0969226703364445 0
0 1 1 0.0466925089207678 0.953307491079232 1
1 0 0 0.999783952216415 0.000216047783584787 0
0 1 1 0.204247500427182 0.795752499572818 1
1 0 0 0.614960003052433 0.385039996947567 0
0 1 1 0.0173918200640488 0.982608179935951 1
1 0 0 0.707214917931605 0.292785082068395 0
0 1 1 0.00190655883487486 0.998093441165125 1
1 0 0 0.955936890659125 0.0440631093408755 0
0 1 1 0.812884087335152 0.187115912664848 0
0 1 1 0.980302952738465 0.0196970472615345 0
0 1 1 0.000505692736565318 0.999494307263435 1
0 1 1 0.965961851148126 0.0340381488518741 0
1 0 0 0.999980302935827 1.96970641732629E-05 0
1 0 0 0.979922877415211 0.0200771225847889 0
1 0 0 0.999968696677338 3.13033226616024E-05 0
0 1 1 0.0296722160637979 0.970327783936202 1
1 0 0 0.999990410080159 9.58991984053079E-06 0
0 1 1 0.986120626448592 0.0138793735514084 0
1 0 0 0.991012716747068 0.00898728325293205 0
0 1 1 0.849105125392985 0.150894874607015 0
0 1 1 0.0591977592889317 0.940802240711068 1
1 0 0 0.999965611857503 3.43881424973457E-05 0
1 0 0 0.999997860693276 2.13930672392834E-06 0
0 1 1 0.0647088051024984 0.935291194897502 1
1 0 0 0.999995883885775 4.11611422468152E-06 0
0 1 1 0.0770478761280948 0.922952123871905 1
1 0 0 0.999918967543565 8.10324564352352E-05 0
1 0 0 0.999982099202018 1.79007979822584E-05 0
1 0 0 0.958686159736719 0.0413138402632808 0
1 0 0 0.999998817454479 1.18254552095207E-06 0
1 0 0 0.999999962285437 3.77145629397945E-08 0
0 1 1 0.0100849565253608 0.989915043474639 1
1 0 0 0.999836237929184 0.000163762070816401 0
1 0 0 0.946814006206958 0.0531859937930423 0
0 1 1 0.00558768049147831 0.994412319508522 1
1 0 0 0.999991478853019 8.52114698061809E-06 0
1 0 0 0.99911719906558 0.000882800934420057 0
1 0 0 0.93950068466246 0.0604993153375401 0
1 0 0 0.961752868669214 0.0382471313307861 0
0 1 1 0.0100125190463371 0.989987480953663 1
1 0 0 0.99987559608431 0.000124403915690097 0
1 0 0 0.998202500611891 0.00179749938810865 0
1 0 0 0.601729709358307 0.398270290641693 0
1 0 0 0.999099750519227 0.000900249480773281 0
1 0 0 0.994140583292575 0.00585941670742498 0
0 1 1 0.220051535565324 0.779948464434676 1
1 0 0 0.999252885157065 0.000747114842935418 0
1 0 0 0.989008383003841 0.0109916169961592 0
1 0 0 0.170123610119073 0.829876389880927 1
1 0 0 0.999999403578296 5.96421704303206E-07 0
1 0 0 0.999999809806742 1.90193258602195E-07 0
1 0 0 0.999998876418041 1.12358195899366E-06 0
1 0 0 0.999999915991436 8.40085640393732E-08 0
1 0 0 0.946969605610246 0.0530303943897542 0
1 0 0 0.998902850934417 0.0010971490655826 0
1 0 0 0.0941771978891602 0.90582280211084 1
1 0 0 0.999996432344623 3.56765537727874E-06 0
0 1 1 0.0317158232075081 0.968284176792492 1
1 0 0 0.987335728538159 0.0126642714618407 0
1 0 0 0.999851648964837 0.000148351035162925 0
1 0 0 0.0988733955502197 0.90112660444978 1
0 1 1 0.00551690654387089 0.994483093456129 1
1 0 0 0.990154785532136 0.00984521446786419 0
0 1 1 0.615948285462434 0.384051714537566 0
1 0 0 0.996041657254787 0.00395834274521252 0
1 0 0 0.999999989484562 1.05154383268242E-08 0
1 0 0 0.830902623360327 0.169097376639674 0
1 0 0 0.997902591326456 0.00209740867354384 0
1 0 0 0.974527276687587 0.0254727233124134 0
1 0 0 0.999576074958708 0.000423925041292173 0
1 0 0 0.999998467364319 1.53263568159537E-06 0
0 1 1 0.000561905657618221 0.999438094342382 1
1 0 0 0.957420959025901 0.0425790409740989 0
1 0 0 0.999985366829802 1.4633170197789E-05 0
1 0 0 0.867079124741438 0.132920875258562 0
1 0 0 0.990548084029233 0.00945191597076649 0
1 0 0 0.992498577268924 0.00750142273107564 0
0 1 1 0.0127024612245428 0.987297538775457 1
1 0 0 0.999983967670628 1.60323293716883E-05 0
0 1 1 0.568796609679291 0.431203390320709 0
1 0 0 0.999990617921413 9.38207858691462E-06 0
1 0 0 0.998506165844196 0.00149383415580436 0
0 1 1 0.00130539533705176 0.998694604662948 1
1 0 0 0.989831999238051 0.0101680007619494 0
1 0 0 0.764859997827892 0.235140002172108 0
1 0 0 0.999960918515197 3.90814848030576E-05 0
1 0 0 0.999972283133177 2.77168668230963E-05 0
1 0 0 0.999890593333082 0.000109406666918541 0
0 1 1 0.0756664545252907 0.924333545474709 1
1 0 0 0.869336272569778 0.130663727430222 0
0 1 1 0.0183737757698091 0.981626224230191 1
1 0 0 0.999573595552066 0.000426404447933976 0
0 1 1 0.00231842060714542 0.997681579392855 1
1 0 0 0.999999967070454 3.29295460589988E-08 0
0 1 1 0.0545991742533566 0.945400825746643 1
0 1 1 0.139344057961402 0.860655942038598 1
1 0 0 0.999998787303865 1.21269613520619E-06 0
1 0 0 0.999999890361422 1.09638577500328E-07 0
0 1 1 0.000590944100282137 0.999409055899718 1
1 0 0 0.998884971516908 0.00111502848309241 0
0 1 1 0.0793243301431083 0.920675669856892 1
1 0 0 0.938992108428937 0.0610078915710626 0
1 0 0 0.999999473903269 5.26096731273848E-07 0
1 0 0 0.999996291946186 3.70805381427893E-06 0
1 0 0 0.999782799476634 0.000217200523365651 0
1 0 0 0.999936666023477 6.3333976523149E-05 0
1 0 0 0.999660055366866 0.000339944633133763 0
1 0 0 0.999964389586199 3.56104138006321E-05 0
1 0 0 0.999404179462289 0.000595820537711055 0
0 1 1 0.000634027465088267 0.999365972534912 1
1 0 0 0.945444340623526 0.054555659376474 0
0 1 1 0.716026997663493 0.283973002336508 0
1 0 0 0.594484998564938 0.405515001435062 0
1 0 0 0.983913408565445 0.0160865914345552 0
1 0 0 0.99561928912044 0.0043807108795599 0
1 0 0 0.808090761486563 0.191909238513438 0
1 0 0 0.811185232527268 0.188814767472732 0
0 1 1 0.00958953838918053 0.990410461610819 1
1 0 0 0.976948564806367 0.0230514351936327 0
0 1 1 0.65948986789147 0.34051013210853 0
0 1 1 0.00139542711003169 0.998604572889968 1
1 0 0 0.99869735091397 0.00130264908602966 0
1 0 0 0.901465926392365 0.0985340736076347 0
1 0 0 0.911944764647031 0.0880552353529692 0
0 1 1 0.16846175912217 0.83153824087783 1
1 0 0 0.999913972999144 8.60270008557252E-05 0
1 0 0 0.999986145491013 1.38545089871857E-05 0
1 0 0 0.999974653286814 2.53467131856445E-05 0
0 1 1 0.0232198916181878 0.976780108381812 1
1 0 0 0.999957394195147 4.26058048527993E-05 0
0 1 1 0.010546781413027 0.989453218586973 1
1 0 0 0.985547828133054 0.0144521718669456 0
1 0 0 0.877354646949198 0.122645353050802 0
1 0 0 0.999955112050251 4.48879497492536E-05 0
0 1 1 0.00532306719804757 0.994676932801952 1
1 0 0 0.994190328119879 0.00580967188012143 0
1 0 0 0.998758620409926 0.00124137959007428 0
1 0 0 0.99998731650542 1.26834945799539E-05 0
0 1 1 0.123674996350096 0.876325003649904 1
1 0 0 0.999248446695706 0.000751553304293418 0
1 0 0 0.956355092184367 0.043644907815633 0
1 0 0 0.479823265548056 0.520176734451944 1
0 1 1 0.227430380903738 0.772569619096262 1
1 0 0 0.99989450069926 0.00010549930074003 0
1 0 0 0.999999328290455 6.71709544792598E-07 0
1 0 0 0.96628855348199 0.0337114465180104 0
1 0 0 0.845659230322888 0.154340769677112 0
1 0 0 0.473127497122637 0.526872502877363 1
1 0 0 0.999996193950201 3.80604979898272E-06 0
1 0 0 0.574680183288479 0.425319816711521 0
0 1 1 0.0592877792756341 0.940712220724366 1
1 0 0 0.999984366981808 1.56330181923113E-05 0
1 0 0 0.845989022228172 0.154010977771828 0
0 1 1 0.00207738232696829 0.997922617673032 1
1 0 0 0.999999601158127 3.98841872498408E-07 0
0 1 1 0.00199430956346874 0.998005690436531 1
1 0 0 0.9999276491768 7.23508231996561E-05 0
1 0 0 0.999102001836416 0.000897998163584326 0
1 0 0 0.999999783443208 2.16556791604969E-07 0
1 0 0 0.0296868047106886 0.970313195289311 1
1 0 0 0.999997055674188 2.94432581195546E-06 0
1 0 0 0.99997840981185 2.1590188149959E-05 0
1 0 0 0.999993744031326 6.25596867405004E-06 0
1 0 0 0.999930871131591 6.91288684093307E-05 0
1 0 0 0.9999583099266 4.16900734004562E-05 0
1 0 0 0.999998613595485 1.38640451490776E-06 0
1 0 0 0.99957851497459 0.000421485025409798 0
1 0 0 0.999973374910416 2.66250895843833E-05 0
0 1 1 0.00459248023860449 0.995407519761396 1
1 0 0 0.999970863329026 2.91366709745717E-05 0
1 0 0 0.944600729139323 0.0553992708606767 0
0 1 1 0.0801460013065311 0.919853998693469 1
1 0 0 0.0142216342443443 0.985778365755656 1
0 1 1 0.927464290135576 0.0725357098644242 0
0 1 1 0.70604402827211 0.29395597172789 0
0 1 1 0.000865029396554366 0.999134970603446 1
0 1 1 0.0101504677747096 0.98984953222529 1
1 0 0 0.0408185454898056 0.959181454510194 1
0 1 1 0.497294622018042 0.502705377981958 1
0 1 1 0.0155323825927841 0.984467617407216 1
1 0 0 0.877654964746837 0.122345035253163 0
0 1 1 0.00963860855434783 0.990361391445652 1
0 1 1 0.00134691034646463 0.998653089653535 1
0 1 1 0.94647011289637 0.0535298871036303 0
1 0 0 0.994978096604819 0.00502190339518095 0
1 0 0 0.999998192647533 1.80735246748724E-06 0
1 0 0 0.30740834651415 0.692591653485851 1
0 1 1 0.0156053913780689 0.984394608621931 1
0 1 1 0.00263997477201153 0.997360025227989 1
1 0 0 0.999940228152174 5.97718478257315E-05 0
0 1 1 0.676371496855464 0.323628503144536 0
1 0 0 0.999010477078859 0.000989522921141397 0
0 1 1 0.0108802006196155 0.989119799380385 1
1 0 0 0.999999098321548 9.01678451772895E-07 0
1 0 0 0.992819909343947 0.0071800906560532 0
1 0 0 0.837486166605476 0.162513833394524 0
1 0 0 0.997992036110684 0.00200796388931552 0
0 1 1 0.336199883774001 0.663800116225999 1
0 1 1 0.00178400910948202 0.998215990890518 1
0 1 1 0.0226873232283084 0.977312676771692 1
1 0 0 0.178209505034389 0.821790494965611 1
1 0 0 0.985007796547614 0.0149922034523855 0
0 1 1 0.000276709462169804 0.99972329053783 1
0 1 1 0.0470613583508471 0.952938641649153 1
1 0 0 0.999905563049127 9.4436950872745E-05 0
0 1 1 0.0069978334254742 0.993002166574526 1
1 0 0 0.999999344337898 6.55662101722246E-07 0
1 0 0 0.999647128910397 0.000352871089603121 0
1 0 0 0.99418057409461 0.00581942590539032 0
0 1 1 0.3086426597256 0.6913573402744 1
1 0 0 0.997741731428172 0.00225826857182775 0
0 1 1 0.950696658991529 0.0493033410084709 0
1 0 0 0.980755819282778 0.0192441807172222 0
0 1 1 0.0015851667902467 0.998414833209753 1
1 0 0 0.999905694749287 9.43052507129848E-05 0
1 0 0 0.998294294862004 0.0017057051379961 0
0 1 1 0.943337333587433 0.0566626664125672 0
0 1 1 0.000970597158239218 0.999029402841761 1
1 0 0 0.998776095452021 0.00122390454797926 0
0 1 1 0.372452089909644 0.627547910090356 1
1 0 0 0.860405472923215 0.139594527076785 0
1 0 0 0.999991420313589 8.5796864114395E-06 0
1 0 0 0.939943181108374 0.0600568188916256 0
1 0 0 0.915058606979231 0.0849413930207693 0
1 0 0 0.713333833629011 0.286666166370989 0
1 0 0 0.999960265283372 3.97347166275815E-05 0
0 1 1 0.0947280346465744 0.905271965353426 1
0 1 1 0.00996245532899517 0.990037544671005 1
1 0 0 0.998527216366501 0.00147278363349932 0
0 1 1 0.00174745581788975 0.99825254418211 1
1 0 0 0.9999782935792 2.17064208005605E-05 0
1 0 0 0.998780229848802 0.00121977015119769 0
1 0 0 0.999941859442059 5.81405579404891E-05 0
0 1 1 0.804631972659163 0.195368027340837 0
0 1 1 0.94625406052842 0.0537459394715798 0
0 1 1 0.00318389017977027 0.99681610982023 1
1 0 0 0.993242919584791 0.00675708041520899 0
1 0 0 0.994280034112666 0.00571996588733415 0
1 0 0 0.999999670409838 3.29590161751008E-07 0
1 0 0 0.995142101495625 0.00485789850437527 0
0 1 1 0.14745385666101 0.85254614333899 1
1 0 0 0.688899487354473 0.311100512645527 0
1 0 0 0.959325930950071 0.0406740690499288 0
0 1 1 0.0444429755505682 0.955557024449432 1
0 1 1 0.000759604762760241 0.99924039523724 1
0 1 1 0.0492706937549802 0.95072930624502 1
1 0 0 0.999989559807284 1.04401927161324E-05 0
1 0 0 0.992819223168982 0.00718077683101812 0
0 1 1 0.000762342729230915 0.999237657270769 1
1 0 0 0.950678586316354 0.0493214136836463 0
1 0 0 0.999973123652984 2.68763470156493E-05 0
0 1 1 0.568831044601048 0.431168955398952 0
1 0 0 0.999982692380417 1.73076195825035E-05 0
1 0 0 0.999976159960363 2.38400396369356E-05 0
0 1 1 0.00587554613143018 0.99412445386857 1
0 1 1 1.57183411815925E-05 0.999984281658818 1
1 0 0 0.999984083477866 1.5916522134319E-05 0
1 0 0 0.999934789535506 6.52104644940914E-05 0
0 1 1 0.960250093407106 0.0397499065928944 0
0 1 1 0.00017001905300999 0.99982998094699 1
0 1 1 0.0409176845816389 0.959082315418361 1
0 1 1 0.00182830111620185 0.998171698883798 1
1 0 0 0.999632816019877 0.000367183980123215 0
0 1 1 0.112825654609749 0.887174345390251 1
0 1 1 0.000871324837994374 0.999128675162006 1
1 0 0 0.939214113524919 0.0607858864750814 0
1 0 0 0.999646892062567 0.000353107937432821 0
1 0 0 0.999999999184648 8.15352222069277E-10 0
0 1 1 0.128836128168587 0.871163871831413 1
0 1 1 0.0191323120361875 0.980867687963813 1
1 0 0 0.999992393091515 7.60690848465448E-06 0
1 0 0 0.999930620305186 6.9379694813963E-05 0
1 0 0 0.956718080683032 0.0432819193169684 0
1 0 0 0.599957819519758 0.400042180480242 0
1 0 0 0.806995315611181 0.193004684388819 0
1 0 0 0.764407553105481 0.235592446894519 0
1 0 0 0.999917664764204 8.23352357962911E-05 0
1 0 0 0.960251898900374 0.0397481010996259 0
1 0 0 0.999811499565288 0.000188500434712028 0
0 1 1 0.0594996896465945 0.940500310353405 1
1 0 0 0.99999629796185 3.70203815023907E-06 0
0 1 1 0.721465176340856 0.278534823659144 0
1 0 0 0.993388917914998 0.006611082085002 0
0 1 1 0.000550450309575622 0.999449549690424 1
0 1 1 0.358286257476966 0.641713742523034 1
1 0 0 0.998842852025728 0.00115714797427179 0
1 0 0 0.999975972287414 2.40277125856857E-05 0
1 0 0 0.999815195249641 0.000184804750358717 0
1 0 0 0.609239462054362 0.390760537945638 0
0 1 1 0.00870692517870236 0.991293074821298 1
1 0 0 0.999998544860109 1.45513989143589E-06 0
1 0 0 0.859756309850042 0.140243690149958 0
0 1 1 0.0902824961683474 0.909717503831653 1
0 1 1 0.0377615554990835 0.962238444500917 1
1 0 0 0.999999762932853 2.37067146945213E-07 0
1 0 0 0.997428808608487 0.00257119139151304 0
1 0 0 0.999973639273556 2.63607264443864E-05 0
0 1 1 0.000368532513647736 0.999631467486352 1
1 0 0 0.962225803933807 0.0377741960661926 0
1 0 0 0.899383009279772 0.100616990720228 0
1 0 0 0.999981018270724 1.89817292757787E-05 0
0 1 1 0.620003657940876 0.379996342059124 0
0 1 1 0.00112547059121788 0.998874529408782 1
1 0 0 0.999972731858453 2.72681415469947E-05 0
0 1 1 0.945945289818474 0.0540547101815263 0
1 0 0 0.999979473933168 2.05260668324175E-05 0
1 0 0 0.999984386846561 1.56131534385148E-05 0
0 1 1 0.00264646044588639 0.997353539554114 1
1 0 0 0.999798201533115 0.000201798466885456 0
0 1 1 0.527421134924703 0.472578865075297 0
1 0 0 0.999812723856334 0.000187276143666047 0
1 0 0 0.999985970067639 1.40299323611425E-05 0
1 0 0 0.999976700204916 2.32997950838232E-05 0
0 1 1 0.000179209678695428 0.999820790321305 1
0 1 1 0.00901748215610635 0.990982517843894 1
1 0 0 0.832188074275619 0.167811925724381 0
0 1 1 0.0485974922664887 0.951402507733511 1
0 1 1 0.0171270467911273 0.982872953208873 1
1 0 0 0.894492830952967 0.105507169047033 0
1 0 0 0.980893242245429 0.0191067577545708 0
0 1 1 0.187744382874218 0.812255617125782 1
1 0 0 0.999299668509189 0.000700331490810998 0
1 0 0 0.938377836981624 0.061622163018376 0
0 1 1 0.00155750400941053 0.99844249599059 1
1 0 0 0.999996372858896 3.62714110407799E-06 0
1 0 0 0.999970844893899 2.91551061013851E-05 0
1 0 0 0.995703215821183 0.00429678417881675 0
1 0 0 0.69182255605211 0.30817744394789 0
1 0 0 0.802250834064552 0.197749165935448 0
1 0 0 0.999056101328723 0.000943898671276499 0
0 1 1 0.00221094065436333 0.997789059345637 1
1 0 0 0.995295443272295 0.00470455672770503 0
1 0 0 0.99999834594519 1.65405481043832E-06 0
0 1 1 0.00177484974540707 0.998225150254593 1
1 0 0 0.213390898803077 0.786609101196923 1
1 0 0 0.999924576831376 7.54231686236878E-05 0
1 0 0 0.803185168499482 0.196814831500518 0
1 0 0 0.999985506669999 1.44933300014287E-05 0
1 0 0 0.999996957764938 3.04223506243823E-06 0
1 0 0 0.999520432510162 0.000479567489837788 0
1 0 0 0.977905262851258 0.0220947371487421 0
1 0 0 0.999460772121279 0.000539227878720681 0
1 0 0 0.999528801696111 0.000471198303889327 0
1 0 0 0.999976107162438 2.38928375615063E-05 0
0 1 1 0.4068256896084 0.5931743103916 1
1 0 0 0.999478754019983 0.000521245980016971 0
0 1 1 0.919884834341355 0.0801151656586448 0
0 1 1 0.0737511423578694 0.926248857642131 1
1 0 0 0.647580387650062 0.352419612349938 0
1 0 0 0.344049173116068 0.655950826883932 1
1 0 0 0.995499457570786 0.00450054242921394 0
1 0 0 0.999995954129623 4.04587037717002E-06 0
0 1 1 0.261502339685305 0.738497660314695 1
1 0 0 0.999999952087559 4.79124410392047E-08 0
1 0 0 9.20636908769971E-05 0.999907936309123 1
0 1 1 0.00204274928525499 0.997957250714745 1
1 0 0 0.999965087482391 3.49125176091667E-05 0
1 0 0 0.993465059440382 0.00653494055961781 0
1 0 0 0.942279954189642 0.0577200458103582 0
1 0 0 0.998457475138787 0.00154252486121265 0
1 0 0 0.999657560870053 0.00034243912994746 0
1 0 0 0.999788898629039 0.000211101370961214 0
1 0 0 0.999998571337047 1.42866295286895E-06 0
1 0 0 0.380193703365749 0.619806296634251 1
0 1 1 0.599038554701278 0.400961445298722 0
1 0 0 0.999984804930089 1.51950699108979E-05 0
0 1 1 0.41453512984736 0.58546487015264 1
1 0 0 0.0695874998041411 0.930412500195859 1
1 0 0 0.991501415727565 0.0084985842724352 0
1 0 0 0.999979666278414 2.03337215858338E-05 0
1 0 0 0.611707795331437 0.388292204668563 0
1 0 0 0.999999930609812 6.93901884002854E-08 0
1 0 0 0.999999761380636 2.38619363758438E-07 0
0 1 1 0.0563937463898024 0.943606253610198 1
1 0 0 0.989827506271566 0.010172493728434 0
1 0 0 0.981775159325147 0.0182248406748532 0
1 0 0 0.999937559230967 6.24407690328799E-05 0
1 0 0 0.998043767582881 0.00195623241711882 0
1 0 0 0.999939445061905 6.05549380950057E-05 0
0 1 1 0.0386955752585041 0.961304424741496 1
1 0 0 0.131289510416451 0.868710489583549 1
1 0 0 0.999633954186498 0.000366045813502047 0
0 1 1 0.000460046262677008 0.999539953737323 1
0 1 1 0.00383635684736184 0.996163643152638 1
1 0 0 0.999998983939913 1.0160600866031E-06 0
1 0 0 0.984699127605712 0.0153008723942881 0
0 1 1 0.00970018075971249 0.990299819240288 1
0 1 1 0.957233246264462 0.0427667537355376 0
1 0 0 0.999660498186703 0.000339501813297416 0
0 1 1 0.00488726517243974 0.99511273482756 1
1 0 0 0.958112298057594 0.0418877019424061 0
0 1 1 0.00263901933961323 0.997360980660387 1
1 0 0 0.999859376505562 0.000140623494438585 0
1 0 0 0.862398848099095 0.137601151900905 0
1 0 0 0.990321226642231 0.00967877335776868 0
0 1 1 0.00212699123609867 0.997873008763901 1
1 0 0 0.999840703814291 0.000159296185709223 0
1 0 0 0.99749370456087 0.0025062954391302 0
1 0 0 0.999996917981157 3.08201884326251E-06 0
0 1 1 0.00334286964909881 0.996657130350901 1
1 0 0 0.844864238154479 0.155135761845521 0
1 0 0 0.999998560464335 1.43953566464175E-06 0
1 0 0 0.835978862165464 0.164021137834536 0
1 0 0 0.993748970937629 0.00625102906237114 0
1 0 0 0.999999170433589 8.29566411220154E-07 0
1 0 0 0.847348967165065 0.152651032834935 0
1 0 0 0.989225113605547 0.0107748863944531 0
1 0 0 0.998955776266248 0.00104422373375239 0
1 0 0 0.517024615646167 0.482975384353833 0
1 0 0 0.998974797502848 0.00102520249715182 0
1 0 0 0.999794850097853 0.000205149902147216 0
1 0 0 0.997519050070833 0.00248094992916727 0
1 0 0 0.999993475112216 6.52488778384279E-06 0
1 0 0 0.91363897804142 0.0863610219585803 0
0 1 1 0.00517893753375367 0.994821062466246 1
1 0 0 0.999925620010824 7.4379989175664E-05 0
1 0 0 0.998376794985571 0.00162320501442913 0
1 0 0 0.999982843264199 1.71567358006134E-05 0
0 1 1 0.0707800765991581 0.929219923400842 1
1 0 0 0.363292709560479 0.636707290439521 1
1 0 0 0.999930095311803 6.99046881973314E-05 0
0 1 1 0.0308072553504005 0.969192744649599 1
0 1 1 0.933430257736552 0.0665697422634482 0
1 0 0 0.999999871245706 1.28754294190317E-07 0
1 0 0 0.99114234396922 0.00885765603077953 0
1 0 0 0.999846770862987 0.000153229137012653 0
0 1 1 0.692685639050411 0.307314360949589 0
0 1 1 0.00928734890499042 0.99071265109501 1
1 0 0 0.988224805636243 0.0117751943637567 0
1 0 0 0.980059863960297 0.0199401360397028 0
0 1 1 0.000612999057821222 0.999387000942179 1
0 1 1 0.156988276263066 0.843011723736934 1
1 0 0 0.999999384798031 6.15201968598547E-07 0
1 0 0 0.999988779575097 1.12204249029469E-05 0
0 1 1 0.0479644111487946 0.952035588851205 1
1 0 0 0.999991818063928 8.18193607245007E-06 0
1 0 0 0.766204479867547 0.233795520132453 0
0 1 1 0.844362048326127 0.155637951673873 0
1 0 0 0.999848371185574 0.000151628814426154 0
1 0 0 0.998622423762403 0.00137757623759752 0
1 0 0 0.888636806034107 0.111363193965893 0
1 0 0 0.999988356969868 1.16430301322199E-05 0
0 1 1 0.00463039667549787 0.995369603324502 1
0 1 1 0.436472430194171 0.563527569805829 1
1 0 0 0.999312286259988 0.000687713740011368 0
0 1 1 0.00156118539182494 0.998438814608175 1
0 1 1 0.000631212116743585 0.999368787883256 1
1 0 0 0.729090262885294 0.270909737114707 0
1 0 0 0.999566737591273 0.000433262408727056 0
1 0 0 0.999967076121335 3.29238786645212E-05 0
0 1 1 0.00610175916445037 0.99389824083555 1
1 0 0 0.798840009104679 0.201159990895322 0
0 1 1 0.951129893257017 0.0488701067429829 0
1 0 0 0.988355552945121 0.011644447054879 0
0 1 1 0.082572795873177 0.917427204126823 1
0 1 1 0.619797255603172 0.380202744396828 0
1 0 0 0.918683002383049 0.0813169976169509 0
1 0 0 0.99994744997048 5.25500295201098E-05 0
1 0 0 0.99999150654198 8.49345802051583E-06 0
1 0 0 0.999993714291736 6.28570826360235E-06 0
1 0 0 0.999993515189366 6.48481063357958E-06 0
1 0 0 0.999997415139269 2.58486073065176E-06 0
0 1 1 0.202762576236237 0.797237423763764 1
1 0 0 0.0273953991222188 0.972604600877781 1
0 1 1 0.00168885275329657 0.998311147246704 1
0 1 1 0.0785030749918901 0.92149692500811 1
1 0 0 0.0271617524812034 0.972838247518797 1
1 0 0 0.976773585436977 0.0232264145630234 0
1 0 0 0.999805422145168 0.000194577854831849 0
1 0 0 0.999866947925269 0.00013305207473089 0
1 0 0 0.999991290024375 8.70997562477098E-06 0
1 0 0 0.999975241485466 2.47585145338514E-05 0
1 0 0 0.999993276218874 6.72378112617604E-06 0
0 1 1 0.00269512591136977 0.99730487408863 1
1 0 0 0.999747099039794 0.00025290096020592 0
1 0 0 0.742760231929487 0.257239768070513 0
1 0 0 0.999999476344536 5.23655463742577E-07 0
0 1 1 0.00664331821568491 0.993356681784315 1
0 1 1 0.169352640109563 0.830647359890437 1
0 1 1 0.00191828843501593 0.998081711564984 1
1 0 0 0.999871837705107 0.000128162294893515 0
1 0 0 0.999999813831755 1.86168244723054E-07 0
1 0 0 0.999977579016368 2.24209836324211E-05 0
0 1 1 0.270852300305158 0.729147699694842 1
1 0 0 0.999977036168595 2.29638314049852E-05 0
0 1 1 0.675406219703982 0.324593780296018 0
0 1 1 0.0246934080070648 0.975306591992935 1
1 0 0 0.981159644264351 0.0188403557356494 0
1 0 0 0.823484352957653 0.176515647042347 0
1 0 0 0.999952438615175 4.75613848248772E-05 0
1 0 0 0.999993829720906 6.17027909347358E-06 0
1 0 0 0.99827285811961 0.00172714188038965 0
0 1 1 0.0385990011507276 0.961400998849272 1
1 0 0 0.999999564289012 4.35710987701661E-07 0
0 1 1 0.0478400337672316 0.952159966232768 1
1 0 0 0.998618704927152 0.00138129507284816 0
0 1 1 0.0306457049031742 0.969354295096826 1
1 0 0 0.999999193494122 8.06505878424927E-07 0
0 1 1 0.00529382261848764 0.994706177381512 1
1 0 0 0.983339977487302 0.0166600225126979 0
0 1 1 0.000276292549939149 0.999723707450061 1
1 0 0 0.997230252371372 0.00276974762862764 0
1 0 0 0.785266737290343 0.214733262709657 0
0 1 1 0.38740384060055 0.61259615939945 1
1 0 0 0.99991116843138 8.88315686197629E-05 0
1 0 0 0.990948170661762 0.00905182933823839 0
1 0 0 0.997432530065486 0.00256746993451344 0
1 0 0 0.99658274900637 0.00341725099362964 0
1 0 0 0.946154265267634 0.0538457347323665 0
1 0 0 0.99998345702223 1.65429777697247E-05 0
1 0 0 0.999923006382724 7.69936172760214E-05 0
0 1 1 0.0866481691315037 0.913351830868496 1
1 0 0 0.999908400764972 9.15992350279228E-05 0
1 0 0 0.999999794570726 2.05429273792942E-07 0
1 0 0 0.997787614766153 0.00221238523384653 0
1 0 0 0.99978751146305 0.000212488536949593 0
1 0 0 0.985627522531086 0.0143724774689143 0
0 1 1 0.000442679190105742 0.999557320809894 1
0 1 1 0.000729138954853949 0.999270861045146 1
0 1 1 0.00508654901053068 0.994913450989469 1
1 0 0 0.999971632638455 2.83673615449096E-05 0
0 1 1 0.583204659515848 0.416795340484152 0
1 0 0 0.992762238774733 0.00723776122526724 0
1 0 0 0.999973056817967 2.69431820334022E-05 0
1 0 0 0.928039435126994 0.0719605648730056 0
1 0 0 0.999968950361073 3.10496389273448E-05 0
0 1 1 1.46418192900168E-06 0.999998535818071 1
1 0 0 0.999984765848328 1.52341516716137E-05 0
1 0 0 0.997167071532959 0.00283292846704089 0
1 0 0 0.999994291078432 5.7089215679839E-06 0
1 0 0 0.999998766596726 1.23340327422533E-06 0
1 0 0 0.991425265007264 0.00857473499273624 0
0 1 1 0.850501536804881 0.14949846319512 0
0 1 1 0.503448338460082 0.496551661539918 0
0 1 1 0.448508386855155 0.551491613144845 1
1 0 0 0.999955411019029 4.45889809708592E-05 0
1 0 0 0.999993200782659 6.79921734102804E-06 0
1 0 0 0.938415687645161 0.0615843123548386 0
0 1 1 0.930753484231855 0.0692465157681453 0
1 0 0 0.999999355137287 6.44862712980156E-07 0
1 0 0 0.999983037559436 1.69624405635854E-05 0
0 1 1 0.066804496594187 0.933195503405813 1
0 1 1 0.00545908003712714 0.994540919962873 1
1 0 0 0.995236805141919 0.00476319485808094 0
0 1 1 0.0098585499265182 0.990141450073482 1
1 0 0 0.999999999545307 4.54692564937816E-10 0
1 0 0 0.99816204894142 0.00183795105858039 0
1 0 0 0.998992286158646 0.00100771384135433 0
1 0 0 0.987952518796276 0.0120474812037242 0
1 0 0 0.98204967132494 0.0179503286750596 0
0 1 1 0.0685314364275507 0.931468563572449 1
1 0 0 0.999851034948158 0.000148965051842202 0
0 1 1 0.0389538423837369 0.961046157616263 1
0 1 1 0.00507351192861603 0.994926488071384 1
1 0 0 0.999505686517289 0.0004943134827115 0
1 0 0 0.998320026697476 0.00167997330252402 0
0 1 1 0.00189534519339998 0.9981046548066 1
0 1 1 0.00535936990579619 0.994640630094204 1
1 0 0 0.999865680960976 0.000134319039024525 0
1 0 0 0.999900542019197 9.94579808026988E-05 0
1 0 0 0.999999781376967 2.18623032742547E-07 0
1 0 0 0.999850546753334 0.000149453246666114 0
1 0 0 0.997696679319001 0.00230332068099925 0
1 0 0 0.999994115594718 5.88440528246632E-06 0
1 0 0 0.999916581759078 8.34182409216731E-05 0
0 1 1 0.000146977172209211 0.999853022827791 1
0 1 1 0.00022721368738022 0.99977278631262 1
1 0 0 0.999981488809151 1.85111908491917E-05 0
0 1 1 0.000388050732239753 0.99961194926776 1
1 0 0 0.999959671592426 4.03284075739511E-05 0
0 1 1 0.210495581569277 0.789504418430723 1
1 0 0 0.999952793439342 4.72065606583894E-05 0
1 0 0 0.999696959352044 0.0003030406479561 0
0 1 1 0.00104542510400737 0.998954574895992 1
1 0 0 0.974137242719341 0.0258627572806594 0
0 1 1 0.123186705194517 0.876813294805483 1
0 1 1 0.411949600441552 0.588050399558448 1
0 1 1 0.0550504947550644 0.944949505244936 1
1 0 0 0.93089474332893 0.0691052566710703 0
1 0 0 0.997424803259419 0.0025751967405808 0
1 0 0 0.99997887898955 2.11210104496536E-05 0
0 1 1 0.0099186641529468 0.990081335847053 1
1 0 0 0.999999582918717 4.17081282428823E-07 0
1 0 0 0.751920466334293 0.248079533665707 0
0 1 1 0.000644803683871123 0.999355196316129 1
1 0 0 0.999983071321068 1.69286789317762E-05 0
0 1 1 0.0244518594617559 0.975548140538244 1
1 0 0 0.845059640647413 0.154940359352587 0
1 0 0 0.99985602179574 0.000143978204260131 0
0 1 1 0.00424212182508137 0.995757878174919 1
1 0 0 0.99999968820996 3.11790039698799E-07 0
1 0 0 0.999723096409224 0.000276903590776219 0
1 0 0 0.999459109923786 0.000540890076213539 0
1 0 0 0.998871178794289 0.00112882120571123 0
1 0 0 0.999972551520156 2.74484798442662E-05 0
1 0 0 0.981528343650492 0.0184716563495082 0
0 1 1 0.00300463574483148 0.996995364255169 1
1 0 0 0.999990035500332 9.96449966778229E-06 0
1 0 0 0.99319596664444 0.00680403335555952 0
0 1 1 0.652427295179289 0.347572704820711 0
1 0 0 0.999871535639344 0.000128464360655571 0
1 0 0 0.999642945872222 0.000357054127777672 0
1 0 0 0.646496362802196 0.353503637197804 0
0 1 1 0.0495180743433907 0.950481925656609 1
1 0 0 0.999871446249739 0.000128553750261388 0
1 0 0 0.999421568589112 0.000578431410887712 0
0 1 1 0.00194802343213615 0.998051976567864 1
0 1 1 0.00206925540590669 0.997930744594093 1
1 0 0 0.999999588407533 4.1159246693663E-07 0
0 1 1 0.414385951422587 0.585614048577413 1
0 1 1 0.833304008603318 0.166695991396682 0
1 0 0 0.999981979971888 1.80200281120319E-05 0
0 1 1 0.00641692349423996 0.99358307650576 1
1 0 0 0.999959734610305 4.0265389695076E-05 0
0 1 1 0.0017267003272737 0.998273299672726 1
1 0 0 0.995027769513577 0.00497223048642335 0
0 1 1 0.285878002818179 0.714121997181821 1
1 0 0 0.735482467178735 0.264517532821265 0
1 0 0 0.999990447894738 9.55210526156805E-06 0
1 0 0 0.999878572050676 0.000121427949323725 0
0 1 1 0.260672585666802 0.739327414333198 1
1 0 0 0.993395892625583 0.00660410737441692 0
0 1 1 0.000556102510733806 0.999443897489266 1
1 0 0 0.0340910523453428 0.965908947654657 1
1 0 0 0.999999885986894 1.14013106437569E-07 0
0 1 1 0.206964129249489 0.793035870750511 1
0 1 1 0.000881586372673378 0.999118413627327 1
0 1 1 0.385909684757489 0.614090315242511 1
1 0 0 0.745065448717843 0.254934551282157 0
1 0 0 0.999991006779377 8.9932206231707E-06 0
1 0 0 0.993948287613321 0.00605171238667857 0
1 0 0 0.999824284238802 0.000175715761198018 0
0 1 1 0.997715564296642 0.0022844357033583 0
1 0 0 0.0578224629393346 0.942177537060665 1
0 1 1 0.288918201403977 0.711081798596023 1
1 0 0 0.992133895776958 0.00786610422304184 0
1 0 0 0.828120552137392 0.171879447862608 0
0 1 1 0.607379471048797 0.392620528951203 0
1 0 0 0.999979017690071 2.09823099287269E-05 0
0 1 1 0.00205536575788651 0.997944634242113 1
1 0 0 0.651189966441231 0.348810033558769 0
0 1 1 0.0495195108518888 0.950480489148111 1
0 1 1 0.0970087014450047 0.902991298554995 1
0 1 1 0.177856402334784 0.822143597665216 1
0 1 1 0.484572404272069 0.515427595727931 1
0 1 1 0.13755575010875 0.86244424989125 1
1 0 0 0.999416270840403 0.000583729159597265 0
1 0 0 0.999826006099036 0.000173993900964314 0
1 0 0 0.892529176372599 0.107470823627401 0
0 1 1 0.0398949317637433 0.960105068236257 1
0 1 1 0.0132858593626029 0.986714140637397 1
0 1 1 0.0132254590098559 0.986774540990144 1
1 0 0 0.999994216047441 5.78395255925312E-06 0
0 1 1 0.00232864669232077 0.997671353307679 1
1 0 0 0.99999985984114 1.40158859475407E-07 0
1 0 0 0.879791231677073 0.120208768322927 0
1 0 0 0.995612916911401 0.00438708308859929 0
0 1 1 0.00183231164538538 0.998167688354615 1
1 0 0 0.987195101806339 0.012804898193661 0
1 0 0 0.999952986791925 4.70132080749533E-05 0
1 0 0 0.999998774578481 1.22542151914545E-06 0
1 0 0 0.996972118198748 0.00302788180125164 0
1 0 0 0.997564629188845 0.00243537081115489 0
1 0 0 0.999999424278989 5.75721011274369E-07 0
1 0 0 0.0749838735837353 0.925016126416265 1
0 1 1 0.468112004298257 0.531887995701743 1
0 1 1 0.000847484108973113 0.999152515891027 1
0 1 1 0.00160227914374968 0.99839772085625 1
0 1 1 0.000974731122789679 0.99902526887721 1
1 0 0 0.99988482327671 0.000115176723290255 0
1 0 0 0.999999999967847 3.21532259493158E-11 0
0 1 1 0.0501158310371814 0.949884168962819 1
0 1 1 0.00305558289647405 0.996944417103526 1
1 0 0 0.999712887804781 0.000287112195218864 0
1 0 0 0.999960238835901 3.97611640988925E-05 0
0 1 1 0.68207892330386 0.31792107669614 0
1 0 0 0.999999989539594 1.0460405944936E-08 0
1 0 0 0.999964387634689 3.56123653108395E-05 0
0 1 1 0.0702806532609439 0.929719346739056 1
1 0 0 0.999494688559158 0.000505311440841794 0
1 0 0 0.999964701769843 3.52982301568732E-05 0
0 1 1 0.314431080119469 0.685568919880531 1
0 1 1 0.000185662709637555 0.999814337290362 1
0 1 1 0.997517694730289 0.0024823052697115 0
1 0 0 0.69784072068415 0.30215927931585 0
1 0 0 0.99980886233102 0.000191137668980229 0
1 0 0 0.998845258844368 0.0011547411556317 0
0 1 1 0.00173392826921645 0.998266071730784 1
0 1 1 0.00634301818353571 0.993656981816464 1
1 0 0 0.963650067043938 0.0363499329560624 0
1 0 0 0.999912439848956 8.75601510443681E-05 0
0 1 1 0.931877640432854 0.0681223595671465 0
1 0 0 0.999101874314513 0.000898125685486665 0
0 1 1 0.413888090899694 0.586111909100306 1
1 0 0 0.904512051591279 0.095487948408721 0
1 0 0 0.999991300504556 8.69949544413917E-06 0
