1.0000 0.6667 0.6667 0.3333 0.0000 0.6667 0.0000 1.0000 0.0000 0.0000 0.0000 0.6667 0.0000 0.0000 0.0000 0.6667 0.6667 0.3333 0.3333 0.0000 0.0000 0.0000 0.0000 0.0000 0.6667 0.0000 1.0000 0.3333 0.6667 0.0000 0.0000 1.0000 1.0000 0.4800 0.0000 0.0000 1.0000 0.0000 0.0000 0.0000 
1.0000 0.6667 0.6667 0.6667 0.0000 0.0000 0.0000 0.0000 0.6667 0.3333 0.0000 0.0000 0.0000 0.3333 0.0000 0.0000 0.6667 0.0000 1.0000 0.6667 1.0000 0.6667 0.6667 0.3333 0.0000 0.6667 0.0000 0.0000 0.0000 0.0000 0.0000 1.0000 0.0000 0.2400 1.0000 0.0000 0.0000 0.0000 0.0000 0.0000 
0.6667 0.6667 0.6667 1.0000 0.3333 0.6667 0.0000 0.6667 0.0000 0.0000 0.0000 0.6667 0.0000 0.0000 0.0000 0.6667 0.6667 0.0000 0.3333 0.0000 0.0000 0.0000 0.0000 0.0000 0.6667 0.6667 0.6667 0.3333 1.0000 0.0000 0.0000 0.6667 1.0000 0.3733 0.0000 0.0000 1.0000 0.0000 0.0000 0.0000 
1.0000 0.6667 0.6667 0.0000 0.0000 0.0000 0.0000 0.0000 0.6667 0.6667 0.0000 0.0000 0.0000 0.0000 0.0000 0.0000 1.0000 0.0000 1.0000 0.6667 1.0000 0.6667 0.0000 0.3333 0.0000 0.6667 0.0000 0.0000 0.0000 0.0000 0.0000 0.3333 0.0000 0.7467 1.0000 0.0000 0.0000 0.0000 0.0000 0.0000 
1.0000 0.6667 1.0000 0.0000 0.0000 0.0000 0.0000 0.0000 1.0000 0.0000 0.0000 0.0000 0.0000 1.0000 0.0000 0.0000 0.3333 0.0000 0.3333 0.6667 0.6667 0.0000 0.6667 0.0000 0.0000 1.0000 0.0000 0.0000 0.0000 0.0000 0.0000 0.3333 0.0000 0.7467 1.0000 0.0000 0.0000 0.0000 0.0000 0.0000 
1.0000 1.0000 0.3333 0.6667 0.0000 0.0000 0.0000 0.0000 0.0000 0.3333 0.0000 0.0000 0.0000 0.6667 0.0000 1.0000 0.3333 0.0000 0.3333 0.0000 0.0000 0.0000 0.0000 0.0000 0.0000 0.0000 0.0000 0.6667 0.0000 0.0000 0.0000 0.3333 0.0000 0.2933 0.0000 1.0000 0.0000 0.0000 0.0000 0.0000 
0.6667 0.6667 0.6667 0.0000 0.0000 0.0000 0.0000 0.0000 0.0000 0.3333 0.0000 0.0000 0.0000 0.0000 0.0000 0.3333 0.6667 0.0000 0.6667 0.3333 1.0000 0.6667 0.0000 0.3333 0.0000 0.0000 0.0000 0.0000 0.0000 0.0000 0.0000 0.3333 0.0000 0.2533 1.0000 0.0000 0.0000 0.0000 0.0000 0.0000 
1.0000 1.0000 1.0000 0.6667 0.0000 0.0000 0.0000 0.0000 0.0000 0.0000 0.0000 0.0000 0.0000 0.0000 1.0000 0.6667 0.6667 0.6667 0.6667 0.0000 0.6667 0.0000 0.0000 0.0000 0.0000 0.0000 0.0000 0.0000 0.0000 0.0000 0.0000 1.0000 0.0000 0.5333 0.0000 0.0000 0.0000 0.0000 1.0000 0.0000 
1.0000 0.6667 0.6667 0.0000 0.0000 0.0000 0.0000 0.0000 0.0000 0.0000 0.0000 0.0000 0.0000 0.6667 0.0000 0.0000 0.6667 0.0000 0.3333 0.0000 0.6667 0.6667 0.0000 0.0000 0.0000 0.0000 0.0000 0.0000 0.0000 0.0000 0.0000 0.6667 0.0000 0.7467 1.0000 0.0000 0.0000 0.0000 0.0000 0.0000 
0.3333 0.3333 0.3333 0.0000 0.6667 0.0000 0.0000 0.0000 0.0000 0.0000 0.0000 0.0000 0.0000 0.3333 0.0000 0.3333 0.3333 0.3333 0.3333 0.0000 0.0000 0.0000 0.0000 0.3333 0.0000 0.0000 0.0000 0.0000 0.3333 0.0000 0.0000 0.3333 0.0000 0.4667 0.0000 0.0000 0.0000 1.0000 0.0000 0.0000 
0.6667 0.6667 0.3333 0.0000 0.3333 0.0000 0.0000 0.0000 0.0000 0.0000 0.0000 0.0000 0.0000 0.0000 0.0000 1.0000 0.6667 0.0000 0.0000 0.0000 0.0000 0.0000 0.0000 0.0000 0.0000 0.0000 0.0000 1.0000 0.0000 0.0000 0.0000 0.6667 0.0000 0.4667 0.0000 0.0000 0.0000 1.0000 0.0000 0.0000 
0.6667 0.3333 0.6667 0.0000 0.0000 0.0000 0.0000 0.0000 0.6667 0.0000 0.0000 0.0000 0.0000 0.3333 0.0000 0.0000 0.6667 0.3333 0.6667 1.0000 0.6667 1.0000 0.0000 0.0000 0.0000 1.0000 0.0000 0.0000 0.0000 0.0000 0.0000 0.0000 0.0000 0.4400 1.0000 0.0000 0.0000 0.0000 0.0000 0.0000 
0.3333 0.3333 0.3333 0.3333 0.3333 0.0000 0.3333 0.0000 0.6667 1.0000 0.0000 0.0000 0.0000 0.3333 0.0000 0.0000 0.6667 0.6667 0.3333 0.6667 0.6667 0.6667 0.6667 0.6667 0.0000 0.0000 0.0000 0.0000 0.0000 0.0000 0.0000 1.0000 0.0000 0.3333 1.0000 0.0000 0.0000 0.0000 0.0000 0.0000 
1.0000 0.6667 0.6667 1.0000 0.6667 0.0000 0.0000 0.0000 0.0000 0.6667 0.0000 0.0000 0.0000 0.6667 0.0000 0.6667 0.6667 0.3333 0.6667 1.0000 1.0000 1.0000 1.0000 0.3333 0.0000 0.0000 0.0000 0.0000 0.0000 0.0000 0.0000 1.0000 0.0000 0.8133 1.0000 0.0000 0.0000 0.0000 0.0000 0.0000 
0.6667 0.3333 0.0000 0.0000 0.0000 0.0000 0.0000 0.0000 0.0000 0.0000 0.0000 0.0000 0.5000 0.0000 0.6667 0.6667 1.0000 0.0000 0.0000 0.0000 0.6667 0.0000 0.0000 0.0000 0.0000 0.0000 0.0000 0.3333 0.0000 0.0000 0.0000 0.6667 0.0000 0.5600 0.0000 0.0000 0.0000 0.0000 1.0000 0.0000 
0.6667 1.0000 0.6667 0.0000 0.0000 0.0000 0.0000 0.0000 1.0000 0.6667 0.0000 0.0000 0.0000 0.6667 0.0000 0.0000 1.0000 0.6667 1.0000 0.6667 0.6667 1.0000 0.6667 0.3333 0.0000 0.0000 0.0000 0.0000 0.0000 0.0000 0.0000 0.6667 0.0000 0.3600 1.0000 0.0000 0.0000 0.0000 0.0000 0.0000 
0.6667 1.0000 0.6667 0.0000 0.3333 0.0000 0.0000 0.0000 0.6667 1.0000 0.0000 0.0000 0.0000 0.6667 0.0000 0.0000 0.6667 1.0000 0.3333 0.6667 0.6667 0.6667 0.3333 0.3333 0.0000 0.0000 0.0000 0.0000 0.0000 0.0000 0.0000 0.3333 0.0000 0.2667 1.0000 0.0000 0.0000 0.0000 0.0000 0.0000 
0.6667 0.3333 0.3333 0.6667 0.0000 0.0000 1.0000 0.0000 0.3333 0.6667 0.0000 0.0000 0.0000 0.3333 0.0000 0.0000 0.3333 0.6667 0.6667 0.0000 0.3333 0.0000 0.3333 0.0000 0.0000 0.0000 0.0000 0.0000 0.0000 0.3333 0.6667 0.3333 0.0000 0.1067 0.0000 0.0000 0.0000 0.0000 0.0000 1.0000 
0.6667 0.6667 1.0000 1.0000 0.6667 1.0000 0.0000 0.3333 0.0000 0.0000 0.0000 0.6667 0.0000 0.0000 0.0000 1.0000 0.6667 0.0000 0.3333 0.0000 0.0000 0.0000 0.0000 0.0000 0.6667 0.0000 1.0000 0.0000 1.0000 0.0000 0.0000 0.6667 1.0000 0.3467 0.0000 0.0000 1.0000 0.0000 0.0000 0.0000 
0.6667 0.3333 0.6667 0.6667 0.6667 1.0000 0.0000 0.6667 0.0000 0.0000 0.0000 0.6667 0.5000 0.0000 0.0000 1.0000 0.6667 0.0000 0.0000 0.0000 0.0000 0.0000 0.0000 0.0000 1.0000 0.0000 0.6667 0.0000 0.6667 0.0000 0.0000 0.6667 1.0000 0.6800 0.0000 0.0000 1.0000 0.0000 0.0000 0.0000 
0.6667 0.6667 0.0000 0.0000 0.0000 0.0000 0.0000 0.0000 0.0000 0.0000 0.0000 0.0000 0.5000 0.0000 0.0000 1.0000 0.6667 0.0000 0.0000 0.0000 0.0000 0.0000 0.0000 0.0000 0.0000 0.0000 0.0000 0.6667 0.0000 0.0000 0.0000 0.3333 0.0000 0.5333 0.0000 1.0000 0.0000 0.0000 0.0000 0.0000 
0.6667 0.6667 0.6667 0.3333 0.0000 0.0000 0.6667 0.0000 0.6667 0.6667 1.0000 0.0000 0.0000 0.0000 0.0000 0.3333 0.6667 0.0000 0.6667 0.0000 0.0000 0.0000 0.0000 0.0000 0.0000 0.0000 0.0000 0.6667 0.0000 0.6667 0.6667 0.6667 0.0000 0.0933 0.0000 0.0000 0.0000 0.0000 0.0000 1.0000 
1.0000 1.0000 1.0000 0.6667 0.3333 0.0000 0.0000 0.0000 0.3333 0.3333 1.0000 0.0000 0.0000 0.3333 0.0000 0.3333 0.6667 0.0000 0.6667 0.6667 0.6667 0.6667 0.6667 0.3333 0.0000 0.0000 0.0000 0.0000 0.0000 0.0000 0.0000 0.3333 0.0000 0.1067 1.0000 0.0000 0.0000 0.0000 0.0000 0.0000 
0.6667 0.6667 0.0000 0.6667 0.0000 0.0000 0.0000 0.0000 0.0000 0.0000 0.0000 0.0000 0.0000 0.0000 0.3333 0.3333 1.0000 0.3333 0.6667 0.0000 0.6667 0.3333 0.0000 0.0000 0.0000 0.0000 0.0000 0.3333 0.0000 0.3333 0.0000 0.6667 0.0000 0.5600 0.0000 0.0000 0.0000 0.0000 1.0000 0.0000 
0.6667 0.6667 0.3333 0.6667 0.0000 0.0000 0.0000 0.0000 0.0000 0.0000 0.0000 0.0000 0.0000 0.3333 0.0000 0.6667 0.6667 0.0000 0.6667 0.0000 0.0000 0.0000 0.0000 0.0000 0.0000 0.0000 0.0000 0.6667 0.0000 0.0000 0.0000 0.6667 0.0000 0.3600 0.0000 1.0000 0.0000 0.0000 0.0000 0.0000 
0.6667 0.6667 0.6667 0.0000 0.3333 0.0000 0.0000 0.0000 0.0000 0.3333 0.0000 0.0000 0.0000 0.3333 0.0000 0.0000 0.6667 0.0000 0.6667 1.0000 0.6667 1.0000 0.6667 0.3333 0.0000 0.3333 0.0000 0.0000 0.0000 0.0000 0.0000 0.6667 0.0000 0.6000 1.0000 0.0000 0.0000 0.0000 0.0000 0.0000 
1.0000 0.6667 0.6667 1.0000 0.0000 0.0000 0.0000 0.0000 0.6667 0.0000 0.0000 0.0000 0.0000 0.6667 0.0000 0.0000 0.6667 0.6667 0.6667 0.6667 0.6667 0.6667 0.0000 0.6667 0.0000 0.6667 0.0000 0.0000 0.0000 0.0000 0.0000 0.3333 0.0000 0.8000 1.0000 0.0000 0.0000 0.0000 0.0000 0.0000 
0.6667 0.3333 0.6667 0.6667 0.0000 0.0000 0.0000 0.0000 0.0000 0.0000 0.0000 0.0000 0.0000 0.0000 1.0000 0.0000 1.0000 0.0000 0.6667 0.0000 0.6667 0.0000 0.0000 0.0000 0.0000 0.0000 0.0000 0.6667 0.0000 0.0000 0.0000 0.3333 0.0000 0.3333 0.0000 0.0000 0.0000 0.0000 1.0000 0.0000 
0.6667 0.6667 0.6667 0.3333 0.0000 0.0000 0.0000 0.0000 0.6667 0.6667 0.0000 0.0000 0.0000 0.0000 0.0000 0.0000 0.6667 0.0000 0.6667 0.6667 1.0000 0.6667 0.0000 0.0000 0.0000 0.6667 0.0000 0.0000 0.0000 0.0000 0.0000 0.6667 0.0000 0.4800 1.0000 0.0000 0.0000 0.0000 0.0000 0.0000 
0.6667 0.6667 0.6667 1.0000 0.0000 0.0000 0.0000 0.0000 0.6667 0.6667 1.0000 0.0000 0.0000 0.3333 0.0000 0.0000 0.6667 0.3333 0.6667 1.0000 1.0000 1.0000 0.0000 0.3333 0.0000 0.6667 0.0000 0.0000 0.0000 0.0000 0.0000 0.3333 0.0000 0.3333 1.0000 0.0000 0.0000 0.0000 0.0000 0.0000 
0.6667 0.0000 0.3333 0.6667 0.0000 0.0000 0.0000 0.0000 0.0000 0.0000 0.0000 0.0000 0.0000 0.0000 0.6667 0.6667 0.3333 0.0000 0.0000 0.0000 0.6667 0.0000 0.0000 0.0000 0.0000 0.0000 0.0000 0.0000 0.0000 0.0000 0.0000 0.6667 0.0000 0.6667 0.0000 0.0000 0.0000 0.0000 1.0000 0.0000 
1.0000 1.0000 0.6667 0.3333 0.3333 0.0000 0.0000 0.0000 0.6667 0.6667 1.0000 0.0000 0.0000 0.0000 0.0000 0.0000 1.0000 0.6667 1.0000 0.6667 0.6667 0.6667 0.3333 0.3333 0.0000 0.0000 0.0000 0.0000 0.0000 0.0000 0.0000 0.3333 0.0000 0.5600 1.0000 0.0000 0.0000 0.0000 0.0000 0.0000 
1.0000 0.6667 0.6667 0.0000 0.0000 0.0000 0.0000 0.0000 1.0000 1.0000 1.0000 0.0000 0.0000 1.0000 0.0000 0.0000 1.0000 0.0000 0.6667 1.0000 0.6667 1.0000 0.6667 0.0000 0.0000 1.0000 0.0000 0.0000 0.0000 0.0000 0.0000 0.6667 0.0000 0.4667 1.0000 0.0000 0.0000 0.0000 0.0000 0.0000 
0.3333 0.3333 0.3333 0.6667 0.6667 0.6667 0.0000 0.6667 0.0000 0.0000 0.0000 0.6667 0.0000 0.0000 0.0000 0.6667 0.6667 0.0000 0.3333 0.0000 0.0000 0.0000 0.0000 0.0000 0.6667 0.0000 0.6667 0.0000 0.6667 0.0000 0.0000 1.0000 1.0000 0.6267 0.0000 0.0000 1.0000 0.0000 0.0000 0.0000 
0.3333 0.3333 0.6667 1.0000 0.0000 0.0000 0.0000 0.0000 0.0000 0.0000 0.0000 0.0000 0.0000 0.0000 1.0000 0.3333 0.3333 0.3333 0.3333 0.0000 0.0000 0.0000 0.0000 0.0000 0.0000 0.0000 0.0000 0.0000 0.0000 0.0000 0.0000 0.3333 0.0000 0.7333 0.0000 0.0000 0.0000 0.0000 1.0000 0.0000 
1.0000 0.6667 0.0000 0.3333 0.0000 0.0000 0.6667 0.0000 0.3333 0.0000 1.0000 0.0000 0.0000 0.0000 0.0000 0.3333 0.6667 0.3333 0.6667 0.0000 0.0000 0.0000 0.0000 0.0000 0.0000 0.0000 0.0000 1.0000 0.0000 0.3333 0.6667 0.6667 0.0000 0.1600 0.0000 0.0000 0.0000 0.0000 0.0000 1.0000 
0.6667 1.0000 1.0000 0.3333 0.0000 0.0000 0.0000 0.0000 0.6667 0.3333 0.0000 0.0000 0.0000 0.0000 0.0000 0.0000 1.0000 0.0000 0.6667 0.6667 0.6667 1.0000 0.0000 0.3333 0.0000 0.6667 0.0000 0.0000 0.0000 0.0000 0.0000 0.6667 0.0000 0.2933 1.0000 0.0000 0.0000 0.0000 0.0000 0.0000 
0.6667 0.6667 0.0000 0.6667 0.0000 0.0000 0.0000 0.0000 0.0000 0.0000 0.0000 0.0000 0.0000 0.3333 0.0000 1.0000 0.6667 0.0000 0.0000 0.0000 0.0000 0.0000 0.0000 0.0000 0.0000 0.0000 0.0000 1.0000 0.0000 0.0000 0.0000 0.3333 0.0000 0.4000 0.0000 1.0000 0.0000 0.0000 0.0000 0.0000 
1.0000 1.0000 0.6667 0.6667 0.0000 0.0000 0.0000 0.0000 0.6667 0.0000 0.0000 0.0000 0.0000 0.3333 0.0000 0.6667 0.3333 0.0000 0.6667 0.3333 0.3333 0.3333 0.3333 0.0000 0.0000 0.0000 0.0000 0.0000 0.0000 0.0000 0.0000 0.6667 0.0000 0.6133 1.0000 0.0000 0.0000 0.0000 0.0000 0.0000 
0.6667 0.6667 0.0000 1.0000 0.0000 0.0000 0.0000 0.0000 0.0000 0.0000 0.0000 0.0000 0.0000 0.6667 0.0000 0.6667 0.6667 0.0000 0.0000 0.0000 0.0000 0.0000 0.3333 0.0000 0.0000 0.0000 0.0000 1.0000 0.0000 0.0000 0.0000 0.3333 0.0000 0.2800 0.0000 1.0000 0.0000 0.0000 0.0000 0.0000 
0.6667 0.6667 0.6667 0.0000 0.0000 0.0000 0.0000 0.0000 0.3333 0.0000 0.0000 0.0000 0.0000 0.6667 0.0000 0.3333 1.0000 0.0000 0.3333 0.6667 0.6667 0.3333 0.0000 0.0000 0.0000 0.0000 0.0000 0.0000 0.0000 0.0000 0.0000 0.3333 0.0000 0.6933 1.0000 0.0000 0.0000 0.0000 0.0000 0.0000 
1.0000 0.6667 0.6667 0.0000 0.0000 0.0000 0.0000 0.0000 0.6667 0.6667 1.0000 0.0000 0.0000 0.6667 0.0000 0.0000 1.0000 0.6667 0.3333 0.6667 0.6667 0.6667 0.3333 0.3333 0.0000 0.0000 0.0000 0.0000 0.0000 0.0000 0.0000 0.6667 0.0000 0.7333 1.0000 0.0000 0.0000 0.0000 0.0000 0.0000 
0.6667 1.0000 0.6667 0.3333 0.0000 0.0000 0.0000 0.0000 0.0000 0.0000 0.0000 0.0000 0.0000 0.0000 0.0000 1.0000 0.6667 0.0000 0.0000 0.0000 0.0000 0.0000 0.0000 0.0000 0.0000 0.0000 0.0000 1.0000 0.0000 0.0000 0.0000 1.0000 0.0000 0.6000 0.0000 1.0000 0.0000 0.0000 0.0000 0.0000 
0.6667 0.3333 0.3333 0.3333 0.0000 0.0000 0.6667 0.0000 1.0000 0.6667 0.0000 0.0000 0.0000 0.3333 0.0000 0.3333 0.3333 0.3333 0.3333 0.0000 0.0000 0.0000 0.0000 0.0000 0.0000 0.0000 0.0000 0.0000 0.0000 0.0000 0.3333 0.3333 0.3333 0.1600 0.0000 0.0000 0.0000 0.0000 0.0000 1.0000 
0.6667 1.0000 0.0000 0.6667 0.0000 0.0000 0.0000 0.0000 0.0000 0.0000 0.0000 0.0000 0.0000 0.0000 0.0000 1.0000 1.0000 0.0000 0.0000 0.0000 0.0000 0.0000 0.0000 0.0000 0.0000 0.0000 0.0000 0.6667 0.0000 0.0000 0.0000 0.3333 0.0000 0.7333 0.0000 1.0000 0.0000 0.0000 0.0000 0.0000 
0.6667 0.6667 1.0000 0.6667 0.6667 0.6667 0.0000 1.0000 0.0000 0.0000 0.0000 0.6667 0.0000 0.0000 0.6667 0.6667 0.6667 0.0000 0.3333 0.0000 0.0000 0.0000 0.0000 0.0000 0.6667 0.0000 1.0000 1.0000 0.6667 0.0000 0.0000 0.6667 0.6667 0.6933 0.0000 0.0000 1.0000 0.0000 0.0000 0.0000 
1.0000 1.0000 1.0000 0.6667 0.6667 0.0000 0.0000 0.0000 0.6667 0.6667 0.0000 0.0000 0.0000 0.3333 0.0000 0.0000 0.3333 0.0000 0.3333 0.3333 0.3333 0.3333 0.3333 0.3333 0.0000 0.6667 0.0000 0.0000 0.0000 0.0000 0.0000 1.0000 0.0000 0.5733 1.0000 0.0000 0.0000 0.0000 0.0000 0.0000 
0.6667 0.3333 0.6667 0.3333 0.3333 0.0000 0.0000 0.6667 0.0000 0.0000 0.0000 0.6667 0.0000 0.0000 0.0000 0.6667 0.6667 0.0000 0.6667 0.0000 0.0000 0.0000 0.0000 0.0000 1.0000 0.0000 1.0000 0.0000 1.0000 0.0000 0.0000 1.0000 1.0000 0.6400 0.0000 0.0000 1.0000 0.0000 0.0000 0.0000 
1.0000 0.6667 0.6667 0.3333 0.0000 0.0000 0.0000 0.0000 0.0000 0.0000 0.0000 0.0000 0.0000 0.0000 0.0000 0.3333 0.6667 0.0000 0.0000 0.0000 0.0000 0.0000 0.0000 0.0000 0.0000 0.0000 0.0000 1.0000 0.0000 0.0000 0.0000 0.6667 0.0000 0.6267 0.0000 1.0000 0.0000 0.0000 0.0000 0.0000 
0.6667 1.0000 0.6667 1.0000 0.6667 0.0000 0.0000 0.0000 1.0000 0.6667 0.0000 0.0000 0.0000 0.3333 0.0000 0.0000 1.0000 0.6667 1.0000 0.6667 0.6667 0.6667 0.0000 1.0000 0.0000 1.0000 0.0000 0.0000 0.0000 0.0000 0.0000 0.0000 0.0000 0.4800 1.0000 0.0000 0.0000 0.0000 0.0000 0.0000 
0.6667 0.3333 0.6667 0.0000 0.6667 0.0000 0.0000 0.0000 0.0000 0.0000 0.0000 0.0000 0.0000 0.0000 0.0000 0.6667 0.6667 0.0000 0.3333 0.0000 0.0000 0.0000 0.0000 0.0000 0.0000 0.0000 0.0000 0.6667 0.0000 0.0000 0.0000 0.3333 0.0000 0.4667 0.0000 0.0000 0.0000 1.0000 0.0000 0.0000 
0.0000 0.3333 0.0000 1.0000 0.0000 0.0000 0.0000 0.0000 0.0000 0.0000 0.0000 0.0000 0.0000 0.0000 0.6667 0.0000 0.6667 0.6667 0.0000 0.0000 0.0000 0.0000 0.0000 0.0000 0.0000 0.0000 0.0000 0.0000 0.0000 0.0000 0.0000 0.3333 0.0000 0.4000 0.0000 0.0000 0.0000 0.0000 1.0000 0.0000 
0.6667 1.0000 0.6667 0.0000 0.0000 0.0000 0.0000 0.0000 0.0000 0.0000 0.0000 0.0000 1.0000 0.3333 0.0000 0.6667 0.6667 0.0000 0.6667 0.0000 0.0000 0.0000 0.3333 0.0000 0.0000 0.0000 0.0000 0.6667 0.0000 0.0000 0.0000 0.3333 0.0000 0.5467 0.0000 1.0000 0.0000 0.0000 0.0000 0.0000 
0.6667 0.3333 0.6667 0.6667 0.0000 0.0000 0.0000 0.0000 0.0000 0.0000 0.0000 0.0000 0.0000 0.0000 0.3333 0.0000 0.3333 0.0000 0.3333 0.0000 0.3333 0.0000 0.0000 0.0000 0.0000 0.0000 0.0000 0.0000 0.0000 0.0000 0.0000 0.3333 0.0000 0.5333 0.0000 0.0000 0.0000 0.0000 1.0000 0.0000 
1.0000 0.6667 0.6667 0.0000 0.0000 0.0000 0.0000 0.0000 0.0000 0.0000 0.0000 0.0000 0.0000 0.0000 0.0000 1.0000 0.6667 0.3333 0.0000 0.0000 0.0000 0.0000 0.0000 0.0000 0.0000 0.3333 0.0000 0.6667 0.0000 0.0000 0.0000 0.6667 0.0000 0.4667 0.0000 0.0000 0.0000 1.0000 0.0000 0.0000 
0.3333 0.3333 0.6667 1.0000 0.6667 0.6667 0.0000 1.0000 0.0000 0.0000 0.0000 0.6667 0.0000 0.0000 0.0000 0.6667 0.6667 0.3333 0.6667 0.0000 0.0000 0.0000 0.0000 0.0000 1.0000 0.0000 1.0000 0.0000 1.0000 0.3333 0.0000 0.6667 1.0000 0.6667 0.0000 0.0000 1.0000 0.0000 0.0000 0.0000 
0.6667 0.6667 0.6667 0.3333 0.0000 0.0000 0.0000 0.0000 0.0000 0.0000 0.0000 0.0000 0.0000 0.0000 0.0000 0.6667 0.6667 0.3333 0.6667 0.0000 0.0000 0.0000 0.0000 0.0000 0.0000 0.0000 0.0000 1.0000 0.0000 0.0000 0.0000 0.6667 0.0000 0.3333 0.0000 1.0000 0.0000 0.0000 0.0000 0.0000 
0.6667 0.6667 0.6667 1.0000 0.6667 0.6667 0.0000 0.6667 0.0000 0.0000 0.0000 1.0000 0.0000 0.0000 0.0000 1.0000 0.6667 0.0000 0.3333 0.0000 0.0000 0.0000 0.0000 0.0000 0.6667 0.0000 1.0000 0.6667 1.0000 0.0000 0.0000 1.0000 1.0000 0.2400 0.0000 0.0000 1.0000 0.0000 0.0000 0.0000 
0.6667 0.6667 0.3333 0.6667 0.0000 0.0000 0.0000 0.0000 0.0000 0.0000 0.0000 0.0000 0.5000 0.3333 0.0000 0.6667 0.6667 0.0000 0.3333 0.0000 0.0000 0.0000 0.3333 0.0000 0.0000 0.0000 0.0000 1.0000 0.0000 0.0000 0.0000 0.6667 0.0000 0.2933 0.0000 1.0000 0.0000 0.0000 0.0000 0.0000 
1.0000 0.6667 1.0000 0.6667 0.0000 0.0000 0.0000 0.0000 0.0000 0.6667 1.0000 0.0000 0.0000 0.0000 0.0000 0.6667 0.3333 1.0000 0.6667 0.6667 0.6667 0.6667 0.0000 0.0000 0.0000 1.0000 0.0000 0.0000 0.0000 0.0000 0.0000 1.0000 0.0000 0.4667 1.0000 0.0000 0.0000 0.0000 0.0000 0.0000 
0.6667 1.0000 0.0000 0.6667 0.0000 0.0000 0.0000 0.0000 0.0000 0.0000 0.0000 0.0000 0.0000 0.6667 0.0000 1.0000 1.0000 0.0000 0.0000 0.0000 0.0000 0.0000 0.0000 0.0000 0.0000 0.0000 0.0000 0.6667 0.0000 0.0000 0.0000 0.6667 0.0000 0.6933 0.0000 1.0000 0.0000 0.0000 0.0000 0.0000 
0.6667 0.6667 0.3333 0.3333 0.0000 0.0000 0.0000 0.0000 0.0000 0.0000 0.0000 0.0000 0.0000 0.3333 0.0000 0.6667 1.0000 0.0000 0.6667 0.0000 0.0000 0.0000 0.0000 0.0000 0.0000 0.0000 0.0000 0.6667 0.0000 0.0000 0.0000 0.3333 0.0000 0.3067 0.0000 1.0000 0.0000 0.0000 0.0000 0.0000 
0.6667 0.3333 0.3333 0.0000 0.3333 0.0000 0.0000 0.0000 0.0000 0.0000 0.0000 0.0000 0.0000 0.3333 0.0000 0.3333 0.3333 0.0000 0.0000 0.0000 0.0000 0.0000 0.0000 0.0000 0.0000 0.0000 0.0000 0.3333 0.0000 0.0000 0.0000 0.6667 0.0000 0.3333 0.0000 0.0000 0.0000 1.0000 0.0000 0.0000 
0.6667 0.3333 0.6667 1.0000 1.0000 0.6667 0.0000 0.6667 0.0000 0.0000 0.0000 1.0000 0.0000 0.0000 0.0000 1.0000 0.3333 0.0000 0.0000 0.0000 0.0000 0.0000 0.0000 0.0000 0.6667 0.0000 1.0000 0.0000 0.6667 0.0000 0.0000 0.6667 1.0000 0.6800 0.0000 0.0000 1.0000 0.0000 0.0000 0.0000 
0.6667 0.3333 0.3333 0.0000 0.3333 0.0000 0.0000 0.0000 0.0000 0.0000 0.0000 0.0000 0.5000 0.0000 0.0000 1.0000 0.6667 0.0000 0.3333 0.0000 0.0000 0.0000 0.0000 0.0000 0.0000 0.0000 0.0000 0.3333 0.0000 0.0000 0.0000 0.3333 0.0000 0.3600 0.0000 0.0000 0.0000 1.0000 0.0000 0.0000 
0.6667 0.3333 0.3333 1.0000 0.6667 0.6667 0.0000 0.6667 0.0000 0.0000 0.0000 0.6667 0.0000 0.0000 0.0000 0.6667 0.6667 0.0000 0.3333 0.0000 0.0000 0.0000 0.0000 0.0000 0.6667 0.0000 1.0000 0.0000 0.6667 0.0000 0.0000 1.0000 1.0000 0.2933 0.0000 0.0000 1.0000 0.0000 0.0000 0.0000 
0.3333 0.3333 0.6667 0.6667 0.6667 0.0000 0.6667 0.0000 0.3333 0.6667 0.0000 0.0000 0.0000 0.3333 0.0000 0.0000 0.6667 0.3333 0.6667 1.0000 1.0000 1.0000 0.6667 0.6667 0.0000 0.0000 0.0000 0.0000 0.0000 0.0000 0.0000 0.6667 0.0000 0.7333 1.0000 0.0000 0.0000 0.0000 0.0000 0.0000 
0.6667 1.0000 0.6667 0.0000 0.0000 0.0000 0.0000 0.0000 1.0000 0.6667 0.0000 0.0000 0.0000 0.6667 0.0000 0.0000 0.6667 0.3333 0.6667 1.0000 1.0000 0.6667 0.6667 0.0000 0.0000 0.0000 0.0000 0.0000 0.0000 0.0000 0.0000 0.3333 0.0000 0.9333 1.0000 0.0000 0.0000 0.0000 0.0000 0.0000 
1.0000 0.6667 0.0000 1.0000 0.0000 0.0000 0.0000 0.0000 0.0000 0.0000 0.0000 0.0000 0.5000 0.3333 0.0000 1.0000 0.6667 0.0000 0.3333 0.0000 0.0000 0.0000 0.0000 0.0000 0.0000 0.0000 0.0000 1.0000 0.0000 0.0000 0.0000 0.6667 0.0000 0.6933 0.0000 1.0000 0.0000 0.0000 0.0000 0.0000 
0.6667 0.6667 0.6667 1.0000 0.6667 1.0000 0.0000 0.6667 0.0000 0.0000 0.0000 0.6667 0.0000 0.0000 0.0000 0.6667 0.6667 0.0000 0.0000 0.0000 0.0000 0.0000 0.0000 0.0000 1.0000 0.0000 0.6667 0.0000 0.6667 0.0000 0.0000 0.6667 1.0000 0.4267 0.0000 0.0000 1.0000 0.0000 0.0000 0.0000 
0.6667 0.6667 1.0000 1.0000 0.3333 0.6667 0.0000 0.3333 0.0000 0.0000 0.0000 0.6667 0.0000 0.0000 0.0000 0.6667 0.6667 0.0000 0.3333 0.0000 0.0000 0.0000 0.0000 0.0000 0.3333 0.0000 0.6667 0.0000 0.6667 0.0000 0.0000 0.6667 1.0000 0.3333 0.0000 0.0000 1.0000 0.0000 0.0000 0.0000 
1.0000 0.6667 1.0000 0.0000 0.0000 0.0000 0.0000 0.0000 0.6667 0.6667 0.0000 0.0000 0.0000 0.6667 0.0000 0.0000 1.0000 0.0000 0.6667 0.6667 0.6667 1.0000 1.0000 0.0000 0.0000 0.6667 0.0000 0.0000 0.0000 0.0000 0.0000 0.6667 0.0000 0.4400 1.0000 0.0000 0.0000 0.0000 0.0000 0.0000 
1.0000 0.6667 0.6667 0.0000 0.0000 0.0000 1.0000 0.0000 0.3333 0.0000 1.0000 0.0000 0.0000 0.0000 0.0000 0.3333 1.0000 0.3333 0.3333 0.0000 0.0000 0.0000 0.0000 0.0000 0.0000 0.0000 0.0000 0.6667 0.0000 1.0000 0.6667 0.6667 0.0000 0.1333 0.0000 0.0000 0.0000 0.0000 0.0000 1.0000 
0.6667 0.3333 0.6667 1.0000 0.3333 1.0000 0.0000 1.0000 0.0000 0.0000 0.0000 0.3333 0.0000 0.0000 0.0000 0.3333 0.6667 0.0000 0.6667 0.0000 0.0000 0.0000 0.0000 0.0000 0.6667 0.0000 0.6667 1.0000 0.6667 0.0000 0.0000 0.6667 1.0000 0.3467 0.0000 0.0000 1.0000 0.0000 0.0000 0.0000 
0.6667 0.6667 1.0000 1.0000 0.3333 0.6667 0.0000 0.6667 0.0000 0.0000 0.0000 0.3333 0.0000 0.0000 0.0000 1.0000 1.0000 0.0000 0.6667 0.0000 0.0000 0.0000 0.0000 0.0000 1.0000 0.0000 0.6667 0.3333 0.6667 0.0000 0.0000 0.6667 1.0000 0.5333 0.0000 0.0000 1.0000 0.0000 0.0000 0.0000 
0.6667 1.0000 0.6667 0.0000 0.3333 0.0000 0.0000 0.0000 0.0000 0.3333 0.0000 0.0000 0.0000 0.0000 0.0000 0.0000 0.6667 0.0000 0.6667 1.0000 1.0000 0.6667 0.0000 0.6667 0.0000 0.6667 0.0000 0.0000 0.0000 0.0000 0.0000 0.6667 0.0000 0.5733 1.0000 0.0000 0.0000 0.0000 0.0000 0.0000 
1.0000 0.6667 0.6667 0.0000 0.0000 0.0000 0.0000 0.0000 0.0000 0.0000 0.0000 0.0000 0.0000 0.0000 0.3333 0.0000 0.6667 0.0000 0.0000 0.0000 0.3333 0.0000 0.0000 0.0000 0.0000 0.0000 0.0000 0.0000 0.0000 0.0000 0.0000 0.6667 0.0000 0.4533 0.0000 0.0000 0.0000 0.0000 1.0000 0.0000 
0.6667 0.6667 1.0000 1.0000 1.0000 1.0000 0.0000 0.6667 0.0000 0.0000 0.0000 0.6667 0.0000 0.0000 0.0000 0.6667 1.0000 0.0000 0.0000 0.0000 0.0000 0.0000 0.0000 0.0000 0.0000 0.6667 0.6667 1.0000 0.6667 0.0000 0.0000 1.0000 1.0000 0.7600 0.0000 0.0000 1.0000 0.0000 0.0000 0.0000 
0.6667 0.3333 0.6667 1.0000 0.6667 1.0000 0.0000 0.6667 0.0000 0.0000 1.0000 0.3333 0.0000 0.0000 0.0000 0.6667 0.3333 0.3333 0.6667 0.0000 0.0000 0.0000 0.0000 0.0000 0.3333 0.0000 0.6667 0.0000 0.6667 0.0000 0.0000 0.0000 1.0000 0.0000 0.0000 0.0000 1.0000 0.0000 0.0000 0.0000 
0.6667 1.0000 0.3333 0.6667 0.0000 0.0000 0.0000 0.0000 0.0000 0.0000 0.0000 0.0000 0.5000 0.0000 0.0000 1.0000 0.6667 0.0000 0.6667 0.0000 0.6667 0.0000 0.0000 0.0000 0.0000 0.0000 0.0000 0.6667 0.0000 0.0000 0.0000 0.3333 0.0000 0.2667 0.0000 1.0000 0.0000 0.0000 0.0000 0.0000 
0.6667 1.0000 0.3333 0.6667 0.3333 0.0000 0.0000 0.0000 0.0000 0.0000 0.0000 0.0000 0.0000 0.6667 0.0000 0.0000 0.3333 0.0000 0.0000 0.6667 0.3333 0.6667 0.6667 0.0000 0.0000 0.0000 0.0000 0.0000 0.0000 0.0000 0.0000 0.6667 0.0000 0.2533 1.0000 0.0000 0.0000 0.0000 0.0000 0.0000 
1.0000 0.6667 0.6667 0.0000 0.0000 0.0000 0.0000 0.0000 0.0000 0.3333 1.0000 0.0000 0.0000 0.6667 0.0000 0.0000 0.6667 0.0000 0.3333 0.3333 0.6667 0.6667 0.3333 0.0000 0.0000 0.6667 0.0000 0.0000 0.0000 0.0000 0.0000 0.6667 0.0000 0.2533 1.0000 0.0000 0.0000 0.0000 0.0000 0.0000 
0.6667 0.6667 0.6667 0.3333 0.0000 0.0000 0.0000 0.0000 0.0000 0.0000 0.0000 0.0000 0.0000 0.0000 0.0000 0.6667 0.6667 0.6667 0.6667 0.0000 0.0000 0.0000 0.0000 0.0000 0.0000 0.0000 0.0000 0.3333 0.0000 0.0000 0.0000 0.6667 0.0000 0.4800 0.0000 0.0000 0.0000 1.0000 0.0000 0.0000 
0.6667 1.0000 0.6667 0.0000 0.0000 0.0000 0.0000 0.0000 0.6667 0.6667 0.0000 0.0000 0.0000 0.6667 0.0000 0.0000 0.6667 0.0000 0.6667 1.0000 0.6667 0.3333 1.0000 0.0000 0.0000 0.6667 0.0000 0.0000 0.0000 0.0000 0.0000 0.6667 0.0000 0.7333 1.0000 0.0000 0.0000 0.0000 0.0000 0.0000 
0.3333 0.3333 0.6667 0.6667 0.0000 0.0000 0.0000 0.0000 0.3333 0.0000 0.0000 0.0000 0.5000 0.0000 1.0000 0.0000 1.0000 0.6667 0.0000 0.0000 0.6667 0.0000 0.0000 0.0000 0.0000 0.0000 0.0000 0.0000 0.0000 0.0000 0.0000 0.0000 0.0000 0.4800 0.0000 0.0000 0.0000 0.0000 1.0000 0.0000 
0.6667 0.0000 0.3333 0.0000 0.0000 0.6667 0.0000 0.3333 0.0000 0.0000 0.0000 1.0000 0.0000 0.0000 0.0000 0.6667 0.6667 0.6667 0.6667 0.0000 0.0000 0.0000 0.0000 0.0000 0.3333 0.0000 1.0000 0.0000 0.6667 0.0000 0.0000 0.6667 0.6667 0.8000 0.0000 0.0000 1.0000 0.0000 0.0000 0.0000 
0.6667 0.6667 0.6667 1.0000 0.6667 0.0000 0.0000 0.0000 1.0000 1.0000 0.0000 0.0000 0.0000 0.3333 0.0000 0.0000 0.6667 0.0000 0.6667 0.6667 0.6667 0.6667 0.6667 0.6667 0.0000 0.3333 0.0000 0.0000 0.0000 0.0000 0.0000 0.6667 0.0000 0.5467 1.0000 0.0000 0.0000 0.0000 0.0000 0.0000 
1.0000 0.6667 0.6667 0.6667 1.0000 0.6667 0.0000 0.6667 0.0000 0.0000 0.0000 0.6667 1.0000 0.0000 0.0000 1.0000 1.0000 0.0000 0.0000 0.0000 0.0000 0.0000 0.0000 0.0000 1.0000 0.0000 1.0000 0.0000 1.0000 0.0000 0.0000 0.6667 1.0000 0.3733 0.0000 0.0000 1.0000 0.0000 0.0000 0.0000 
0.6667 1.0000 1.0000 1.0000 1.0000 0.0000 0.0000 0.0000 0.6667 0.3333 0.0000 0.0000 0.0000 0.0000 0.0000 0.6667 0.6667 0.3333 1.0000 1.0000 1.0000 1.0000 0.0000 0.0000 0.0000 0.0000 0.0000 0.0000 0.0000 0.0000 0.0000 0.6667 0.0000 0.4000 1.0000 0.0000 0.0000 0.0000 0.0000 0.0000 
1.0000 0.3333 0.3333 0.0000 0.3333 0.0000 0.0000 0.0000 0.0000 0.0000 0.0000 0.0000 0.0000 0.0000 0.0000 0.6667 0.6667 0.0000 0.0000 0.0000 0.0000 0.0000 0.0000 0.0000 0.0000 0.0000 0.0000 0.6667 0.0000 0.0000 0.0000 1.0000 0.0000 0.4000 0.0000 0.0000 0.0000 1.0000 0.0000 0.0000 
0.6667 0.6667 0.6667 0.3333 0.0000 0.0000 0.0000 0.0000 0.0000 0.0000 0.0000 0.0000 0.0000 0.6667 0.0000 0.3333 0.6667 0.0000 1.0000 0.0000 0.0000 0.0000 0.0000 0.0000 0.0000 0.0000 0.0000 1.0000 0.0000 0.0000 0.0000 0.0000 0.0000 0.4400 0.0000 1.0000 0.0000 0.0000 0.0000 0.0000 
1.0000 0.6667 0.6667 0.0000 0.0000 0.0000 0.0000 0.0000 0.0000 0.0000 0.0000 0.0000 0.0000 0.0000 0.0000 0.6667 0.6667 0.3333 0.0000 0.0000 0.0000 0.0000 0.0000 0.0000 0.0000 0.0000 0.0000 0.6667 0.0000 0.0000 0.0000 1.0000 0.0000 0.2933 0.0000 1.0000 0.0000 0.0000 0.0000 0.0000 
0.6667 0.6667 0.3333 0.0000 0.0000 0.0000 1.0000 0.0000 0.6667 0.0000 1.0000 0.0000 0.0000 0.0000 0.0000 0.6667 0.6667 0.3333 0.6667 0.0000 0.0000 0.0000 0.0000 0.0000 0.0000 0.0000 0.0000 0.6667 0.0000 1.0000 1.0000 0.6667 0.0000 0.0933 0.0000 0.0000 0.0000 0.0000 0.0000 1.0000 
0.6667 0.6667 1.0000 0.6667 0.3333 0.6667 0.0000 0.6667 0.0000 0.0000 0.0000 0.6667 0.0000 0.0000 0.0000 0.6667 1.0000 0.0000 0.0000 0.0000 0.0000 0.0000 0.0000 0.0000 0.6667 0.0000 0.6667 0.6667 0.6667 0.0000 0.0000 1.0000 1.0000 0.3600 0.0000 0.0000 1.0000 0.0000 0.0000 0.0000 
0.3333 0.6667 0.6667 0.0000 0.3333 0.0000 0.0000 0.0000 0.0000 0.0000 0.0000 0.0000 0.0000 0.0000 0.0000 1.0000 0.6667 0.6667 0.3333 0.0000 0.0000 0.0000 0.0000 0.0000 0.0000 0.3333 0.0000 0.6667 0.0000 0.0000 0.0000 0.6667 0.0000 0.4667 0.0000 0.0000 0.0000 1.0000 0.0000 0.0000 
0.6667 1.0000 1.0000 0.0000 0.0000 0.0000 0.0000 0.0000 0.3333 0.3333 1.0000 0.0000 0.0000 0.3333 0.0000 0.0000 0.6667 0.3333 0.6667 0.3333 0.6667 1.0000 0.0000 0.6667 0.0000 0.0000 0.0000 0.0000 0.0000 0.0000 0.0000 0.6667 0.0000 0.1333 1.0000 0.0000 0.0000 0.0000 0.0000 0.0000 
1.0000 0.6667 0.6667 0.0000 0.0000 0.0000 0.0000 0.0000 0.0000 0.3333 1.0000 0.0000 0.0000 0.0000 0.0000 0.0000 1.0000 0.0000 0.6667 0.6667 1.0000 0.6667 0.0000 0.3333 0.0000 0.6667 0.0000 0.0000 0.0000 0.0000 0.0000 0.6667 0.0000 0.6667 1.0000 0.0000 0.0000 0.0000 0.0000 0.0000 
0.6667 0.6667 0.6667 1.0000 0.6667 0.0000 0.0000 0.0000 0.3333 0.3333 0.0000 0.0000 0.0000 0.3333 0.0000 0.0000 0.3333 0.3333 0.3333 0.3333 0.3333 0.3333 0.3333 0.3333 0.0000 0.6667 0.0000 0.0000 0.0000 0.0000 0.0000 1.0000 0.0000 0.5333 1.0000 0.0000 0.0000 0.0000 0.0000 0.0000 
0.6667 0.6667 0.6667 0.0000 0.3333 0.0000 0.0000 0.0000 0.0000 0.0000 0.0000 0.0000 0.0000 0.0000 0.0000 0.6667 0.6667 0.0000 0.3333 0.0000 0.0000 0.0000 0.0000 0.0000 0.0000 0.6667 0.0000 0.6667 0.0000 0.0000 0.0000 0.6667 0.0000 0.5867 0.0000 0.0000 0.0000 1.0000 0.0000 0.0000 
0.6667 0.6667 0.0000 0.3333 0.0000 0.0000 0.6667 0.0000 0.6667 0.0000 0.0000 0.0000 0.0000 0.0000 0.0000 0.6667 0.6667 0.0000 0.0000 0.0000 0.0000 0.0000 0.0000 0.0000 0.0000 0.0000 0.0000 0.3333 0.0000 0.6667 0.6667 0.6667 0.0000 0.2933 0.0000 0.0000 0.0000 0.0000 0.0000 1.0000 
0.6667 0.3333 0.3333 1.0000 0.0000 0.0000 0.3333 0.0000 0.0000 0.0000 0.0000 0.0000 0.0000 0.0000 0.6667 0.0000 0.6667 0.0000 0.0000 0.0000 1.0000 0.0000 0.0000 0.0000 0.0000 0.0000 0.0000 0.0000 0.0000 0.0000 0.0000 0.6667 0.0000 0.2533 0.0000 0.0000 0.0000 0.0000 1.0000 0.0000 
0.3333 1.0000 0.3333 0.0000 0.0000 0.0000 0.0000 0.0000 0.0000 0.0000 0.0000 0.0000 0.0000 0.6667 0.0000 0.0000 0.6667 0.0000 0.6667 0.0000 1.0000 1.0000 0.0000 0.0000 0.0000 0.0000 0.0000 0.0000 0.0000 0.0000 0.0000 1.0000 0.0000 0.8000 1.0000 0.0000 0.0000 0.0000 0.0000 0.0000 
0.6667 0.6667 1.0000 0.3333 0.0000 0.0000 0.0000 0.0000 0.6667 0.6667 0.0000 0.0000 0.0000 0.0000 0.0000 0.0000 1.0000 0.3333 1.0000 1.0000 0.6667 0.6667 0.6667 0.3333 0.0000 1.0000 0.0000 0.0000 0.0000 0.0000 0.0000 0.6667 0.0000 0.6667 1.0000 0.0000 0.0000 0.0000 0.0000 0.0000 
0.3333 0.6667 0.6667 0.0000 0.3333 0.0000 0.0000 0.0000 0.0000 0.0000 0.0000 0.0000 0.0000 0.3333 0.0000 0.6667 0.6667 0.6667 0.3333 0.0000 0.0000 0.0000 0.0000 0.0000 0.0000 0.3333 0.0000 0.6667 0.0000 0.0000 0.0000 0.3333 0.0000 0.8000 0.0000 0.0000 0.0000 1.0000 0.0000 0.0000 
0.3333 0.3333 0.3333 0.0000 0.0000 0.0000 0.3333 0.0000 0.0000 0.0000 0.0000 0.0000 0.5000 0.3333 0.0000 0.6667 0.3333 0.3333 0.3333 0.0000 0.0000 0.0000 0.0000 0.0000 0.0000 0.0000 0.0000 1.0000 0.0000 0.0000 0.0000 0.3333 0.0000 0.6800 0.0000 1.0000 0.0000 0.0000 0.0000 0.0000 
1.0000 0.6667 0.0000 0.6667 0.0000 0.0000 0.0000 0.0000 0.0000 0.0000 1.0000 0.0000 0.0000 0.6667 0.0000 0.6667 0.6667 0.0000 0.0000 0.0000 0.0000 0.0000 0.0000 0.0000 0.0000 0.0000 0.0000 1.0000 0.0000 0.0000 0.0000 1.0000 0.0000 0.7333 0.0000 1.0000 0.0000 0.0000 0.0000 0.0000 
0.6667 1.0000 0.6667 0.3333 0.0000 0.0000 0.0000 0.0000 0.3333 0.6667 1.0000 0.0000 0.0000 0.3333 0.0000 0.6667 0.3333 0.0000 0.3333 0.6667 0.6667 0.3333 0.3333 0.0000 0.0000 0.0000 0.0000 0.0000 0.0000 0.0000 0.0000 0.6667 0.0000 0.3600 1.0000 0.0000 0.0000 0.0000 0.0000 0.0000 
0.6667 0.6667 1.0000 0.6667 0.3333 1.0000 0.0000 0.6667 0.0000 0.0000 0.0000 0.6667 0.0000 0.0000 0.0000 0.6667 1.0000 0.0000 0.0000 0.0000 0.0000 0.0000 0.0000 0.0000 0.6667 0.0000 1.0000 0.0000 0.6667 0.0000 0.0000 0.6667 1.0000 0.5867 0.0000 0.0000 1.0000 0.0000 0.0000 0.0000 
0.3333 0.3333 0.3333 0.6667 0.0000 0.0000 0.0000 0.0000 0.0000 0.0000 0.0000 0.0000 0.0000 0.0000 1.0000 0.6667 0.6667 0.0000 0.0000 0.0000 0.6667 0.0000 0.0000 0.0000 0.0000 0.0000 0.0000 0.3333 0.0000 0.0000 0.0000 0.6667 0.0000 0.6000 0.0000 0.0000 0.0000 0.0000 1.0000 0.0000 
0.0000 0.0000 0.0000 0.0000 0.0000 0.0000 0.0000 1.0000 0.0000 0.0000 0.0000 0.3333 0.0000 0.0000 0.0000 1.0000 0.3333 0.3333 0.3333 0.0000 0.0000 0.0000 0.0000 0.0000 0.6667 0.0000 1.0000 1.0000 1.0000 0.0000 0.0000 1.0000 1.0000 0.6933 0.0000 0.0000 1.0000 0.0000 0.0000 0.0000 
1.0000 1.0000 0.6667 0.0000 0.0000 0.0000 0.0000 0.0000 0.6667 0.6667 0.0000 0.0000 0.0000 0.0000 0.0000 0.0000 0.6667 0.3333 0.6667 0.6667 1.0000 0.6667 0.3333 0.0000 0.0000 0.3333 0.0000 0.0000 0.0000 0.0000 0.0000 0.6667 0.0000 0.7333 1.0000 0.0000 0.0000 0.0000 0.0000 0.0000 
0.3333 0.3333 0.0000 0.3333 0.0000 0.0000 0.6667 0.0000 0.0000 0.0000 0.0000 0.0000 0.0000 0.0000 0.6667 0.6667 0.3333 0.6667 0.0000 0.0000 0.3333 0.0000 0.0000 0.0000 0.0000 0.0000 0.0000 0.0000 0.0000 0.0000 0.0000 0.3333 0.0000 0.4667 0.0000 0.0000 0.0000 0.0000 1.0000 0.0000 
1.0000 1.0000 0.6667 0.6667 0.0000 1.0000 0.0000 0.6667 0.0000 0.0000 0.0000 0.6667 0.0000 0.0000 0.0000 0.6667 0.6667 0.0000 0.6667 0.0000 0.0000 0.0000 0.0000 0.0000 0.6667 0.0000 0.6667 1.0000 1.0000 0.0000 0.0000 0.6667 1.0000 0.4267 0.0000 0.0000 1.0000 0.0000 0.0000 0.0000 
0.6667 0.6667 0.3333 0.6667 0.0000 0.0000 0.0000 0.0000 0.0000 0.0000 0.0000 0.0000 0.0000 0.0000 0.0000 0.6667 0.3333 0.0000 0.0000 0.0000 0.0000 0.0000 0.0000 0.0000 0.0000 0.0000 0.0000 0.6667 0.0000 0.0000 0.0000 0.3333 0.0000 0.4400 0.0000 1.0000 0.0000 0.0000 0.0000 0.0000 
1.0000 1.0000 1.0000 0.0000 0.0000 0.0000 0.0000 0.0000 0.6667 1.0000 0.0000 0.0000 0.0000 0.3333 0.0000 0.0000 1.0000 0.0000 1.0000 1.0000 1.0000 1.0000 0.0000 0.3333 0.0000 1.0000 0.0000 0.0000 0.0000 0.0000 0.0000 1.0000 0.0000 0.3600 1.0000 0.0000 0.0000 0.0000 0.0000 0.0000 
0.6667 0.3333 0.3333 1.0000 0.0000 1.0000 0.0000 0.3333 0.0000 0.0000 0.0000 0.3333 0.0000 0.0000 0.0000 0.6667 0.6667 0.0000 0.3333 0.0000 0.0000 0.0000 0.0000 0.0000 0.3333 0.0000 1.0000 0.0000 0.3333 0.0000 0.0000 0.6667 0.6667 0.3867 0.0000 0.0000 1.0000 0.0000 0.0000 0.0000 
1.0000 0.6667 1.0000 0.0000 0.3333 0.0000 0.0000 0.0000 0.3333 0.6667 0.0000 0.0000 0.0000 0.6667 0.0000 0.6667 0.3333 0.6667 0.3333 0.3333 0.3333 0.3333 0.3333 0.3333 0.0000 0.6667 0.0000 0.0000 0.0000 0.0000 0.0000 0.6667 0.0000 0.8667 1.0000 0.0000 0.0000 0.0000 0.0000 0.0000 
0.6667 0.6667 0.6667 0.0000 0.6667 0.0000 0.0000 0.0000 0.0000 0.0000 0.0000 0.0000 0.0000 0.0000 0.0000 0.6667 0.3333 0.0000 0.3333 0.0000 0.0000 0.0000 0.0000 0.0000 0.0000 0.3333 0.0000 0.6667 0.0000 0.0000 0.0000 0.3333 0.0000 0.2667 0.0000 0.0000 0.0000 1.0000 0.0000 0.0000 
0.6667 0.3333 0.6667 1.0000 0.6667 0.6667 0.0000 1.0000 0.0000 0.0000 0.0000 0.6667 0.5000 0.0000 0.0000 0.6667 0.6667 0.0000 0.3333 0.0000 0.0000 0.0000 0.0000 0.0000 0.6667 0.0000 0.6667 0.3333 0.6667 0.0000 0.0000 0.6667 1.0000 0.4933 0.0000 0.0000 1.0000 0.0000 0.0000 0.0000 
0.6667 0.6667 0.3333 0.6667 0.6667 0.0000 0.0000 0.0000 0.0000 0.0000 0.0000 0.0000 0.0000 0.3333 0.0000 0.3333 0.6667 0.0000 0.3333 0.0000 0.0000 0.0000 0.0000 0.0000 0.0000 0.0000 0.0000 0.6667 0.0000 0.0000 0.0000 0.6667 0.0000 0.2667 0.0000 1.0000 0.0000 0.0000 0.0000 0.0000 
0.6667 0.3333 0.3333 0.6667 0.0000 0.0000 0.0000 0.0000 0.0000 0.0000 0.0000 0.0000 0.0000 0.0000 0.0000 0.6667 0.3333 0.0000 0.0000 0.0000 0.0000 0.0000 0.0000 0.0000 0.0000 0.0000 0.0000 0.6667 0.0000 0.0000 0.0000 1.0000 0.0000 0.8133 0.0000 1.0000 0.0000 0.0000 0.0000 0.0000 
0.6667 0.6667 0.0000 0.6667 0.6667 0.0000 0.0000 0.0000 0.0000 0.0000 0.0000 0.0000 0.0000 0.0000 0.0000 1.0000 0.0000 0.0000 0.6667 0.0000 0.0000 0.0000 0.0000 0.0000 0.0000 0.0000 0.0000 1.0000 0.0000 0.0000 0.0000 0.6667 0.0000 0.3333 0.0000 0.0000 0.0000 1.0000 0.0000 0.0000 
