0 0 1 0 0 0 2 1.26578683164443E-05 1.02453422766775E-05 0.996362638777381 0.00356285136117861 1.10952972541714E-07 5.14956978747078E-05 2
1 0 0 0 0 0 0 0.999507053915432 1.99591546700157E-07 2.48966217189641E-05 1.95262671548999E-07 0.000143165391534114 0.000324489217096954 0
1 0 0 0 0 0 0 0.999422356525589 2.77772728893066E-07 3.75499409558813E-05 4.81271484502635E-07 0.000217134615234926 0.000322199874006921 0
0 0 0 0 0 1 5 0.00201201834073231 0.000396286945980701 0.00351484683780489 4.65690269482053E-05 6.51909171735817E-06 0.994023759756817 5
0 0 0 0 1 0 4 0.000736666902124874 0.000890805079437401 5.55509628934944E-07 0.000669092590415769 0.997667493409969 3.53865084238081E-05 4
0 0 0 1 0 0 3 6.68336505137257E-07 0.00237730483548834 0.00142970362980078 0.995988267288617 9.33584735846124E-05 0.000110697436004667 3
0 0 0 0 1 0 4 0.000699905390040641 0.00474430297082105 3.67576335606057E-07 0.000129144047375969 0.994378476019656 4.78039957708437E-05 4
0 0 0 0 1 0 4 0.00033538231595246 0.00223246033299791 1.25499545857757E-07 9.10423363020311E-05 0.997311158528943 2.9830986258508E-05 4
0 0 0 1 0 0 3 1.20389597362392E-07 0.00303720866609456 0.00128008080879669 0.995580124934343 2.83184691251915E-05 7.41467320430483E-05 3
0 0 0 1 0 0 3 5.43864242821149E-07 0.00282622711084834 0.00111381794852896 0.995822064743691 0.000124108466468779 0.00011323786622016 3
1 0 0 0 0 0 0 0.999608342952843 2.04526786183037E-07 2.21960924927194E-05 1.66637648718901E-07 0.000134649649696735 0.000234440140533135 0
0 0 0 1 0 0 3 2.82433810332417E-05 0.00153948225206378 0.00392132466174361 0.993206528851089 0.00107275170467118 0.000231669149399427 3
0 1 0 0 0 0 1 7.41494445074722E-07 0.993420602136899 4.2888376593754E-05 0.00188732230082741 0.00059744818688764 0.00405099750434768 1
0 0 0 0 1 0 4 0.00101867826833445 0.001553009393475 4.48333368719513E-07 0.000223279867306837 0.997096372130195 0.000108212007320181 4
0 0 0 0 1 0 4 0.00030360923105488 0.00374009796639541 1.13011440488669E-07 7.06632801124469E-05 0.995857711431384 2.78050796130459E-05 4
0 0 0 1 0 0 3 3.41055500674173E-07 0.00474129470485763 0.00128439813569303 0.993735693833607 8.1380560667737E-05 0.000156891709673637 3
1 0 0 0 0 0 0 0.999622840871265 1.53688242954671E-07 2.27416484892782E-05 1.51371952196972E-07 0.000112696216392422 0.000241416203658383 0
0 0 0 0 0 1 5 0.00405369335173588 0.00116179245458036 0.00266502292080915 9.40478346514389E-05 4.07837457726715E-05 0.99198465969245 5
0 0 1 0 0 0 2 9.73480956103154E-05 9.25539454744E-05 0.99838591703033 0.000941358539262491 9.25128607314697E-07 0.000481897260715797 2
0 0 0 0 1 0 4 0.000278154843414148 0.00218355935464257 9.01270610470362E-08 7.44287322831808E-05 0.997439498855142 2.42680874565656E-05 4
0 0 1 0 0 0 2 0.000612679795349708 0.00025609950475663 0.996586158081743 0.000135201361093396 2.46715761431037E-06 0.0024073940994434 2
0 0 0 1 0 0 3 7.86030738156675E-07 0.00126037614564866 0.00212875425932062 0.996417764236211 4.57189247809818E-05 0.00014660040330098 3
0 0 0 0 1 0 4 0.00115811890478375 0.000732027186758788 1.81106977403425E-06 0.00263095499906265 0.995433369185596 4.37186540243083E-05 4
0 0 1 0 0 0 2 3.17818558580077E-05 3.56632039260893E-05 0.997831763091325 0.00193136226836556 3.33046476875877E-07 0.0001690965340488 2
0 0 0 0 1 0 4 0.000309364872318053 0.00395968692348644 1.16230975468992E-07 9.63097777906099E-05 0.995588195312487 4.63268829427196E-05 4
1 0 0 0 0 0 0 0.99852522305139 9.91738284729081E-07 6.74986937128609E-05 1.02417403789281E-06 0.000363812256379264 0.00104145008619567 0
0 0 0 0 0 1 5 0.00121097725143291 0.000627304909691104 0.0036760470597466 6.72167609227037E-05 7.25365692544862E-06 0.994411200361281 5
0 0 1 0 0 0 2 2.2311535607362E-05 1.37876901871792E-05 0.997315934655312 0.00257372992223512 1.83304108684472E-07 7.40528925501522E-05 2
0 0 0 1 0 0 3 1.77816537871565E-06 0.000204233206703753 0.00142704572993733 0.998224415999412 9.41737850425315E-05 4.83531135259224E-05 3
1 0 0 0 0 0 0 0.999268518247649 4.1082642687773E-07 4.68678429722002E-05 3.26018236284986E-07 0.000153269456728695 0.000530607607986819 0
0 0 1 0 0 0 2 0.000129089307856446 7.22016931100647E-05 0.998693911341208 0.000588214661616628 8.20816019050708E-07 0.000515762180189544 2
0 0 1 0 0 0 2 1.5348943408785E-05 1.46078671701073E-05 0.997021183752826 0.00288153544107352 1.42683063950915E-07 6.71813124581328E-05 2
0 0 0 1 0 0 3 3.64785701176788E-07 0.00672519275824556 0.00107582701743412 0.991901164514715 0.000134565897091917 0.000162885026812086 3
0 0 1 0 0 0 2 1.47167147136852E-05 1.44342837438304E-05 0.996283003556251 0.00362407331535705 1.49329974544885E-07 6.36227999596563E-05 2
1 0 0 0 0 0 0 0.999155622094008 8.01573156348778E-07 6.56145741829975E-05 4.02686496212193E-07 0.000182759964875526 0.000594799107281192 0
0 0 0 1 0 0 3 5.48010624731374E-07 0.0104221490504369 0.0016526494879347 0.987580779172825 0.000130384301615695 0.000213489976562538 3
1 0 0 0 0 0 0 0.999479308307878 3.09652117952634E-07 2.80159305730452E-05 1.96698161440164E-07 0.000142379059087665 0.000349790352182053 0
0 0 0 1 0 0 3 2.80584864723384E-06 0.00130319655171596 0.00152809840658091 0.996701475288688 0.000281194207193517 0.000183229697173978 3
0 0 0 1 0 0 3 9.18480662877808E-07 0.00319486125699647 0.00176157829840038 0.994760095720266 0.000123175024711212 0.000159371218963677 3
1 0 0 0 0 0 0 0.999520774369334 2.56310847707062E-07 3.41260038329453E-05 2.69272604933146E-07 0.000135902681590001 0.00030867136179025 0
1 0 0 0 0 0 0 0.999616562483974 1.55598070309161E-07 2.28980131963047E-05 1.54979724334974E-07 0.000120003328275564 0.000240225596759273 0
0 0 0 1 0 0 3 5.2659975178388E-05 0.0051787725801841 0.00248573035451303 0.988611186990323 0.0027471505483231 0.000924499551478398 3
0 0 1 0 0 0 2 0.000350322584266206 0.000181231698577303 0.997784522377939 0.000246329321446439 1.83782554140483E-06 0.00143575619222952 2
0 0 0 1 0 0 3 8.45053827033499E-08 0.00367537655393389 0.000896325057246474 0.995326599924169 3.01044602061744E-05 7.1509499062097E-05 3
0 0 0 0 1 0 4 0.000100354850075758 0.00398872965603541 4.2372829409754E-08 7.24464575062738E-05 0.995818405935334 2.00207282193482E-05 4
1 0 0 0 0 0 0 0.999514292953606 2.2044379201373E-07 2.9832760448956E-05 1.92884322284962E-07 0.000117388001501172 0.000338072956329155 0
0 0 0 1 0 0 3 2.51836501240336E-06 0.0109637155335996 0.00106665845287105 0.986964300235693 0.000721014404378654 0.000281793008445179 3
0 1 0 0 0 0 1 2.92721346075607E-07 0.997112559144382 1.736973692055E-05 0.00115346932701849 0.000850008603324468 0.000866300467008663 1
0 1 0 0 0 0 1 4.01953065532987E-06 0.982290025472393 0.000219990658423692 0.0105060564819775 0.00165840331060085 0.00532150454594995 1
0 1 0 0 0 0 1 2.89002624786418E-06 0.992091271189007 4.31043940677638E-05 0.000700153540763918 0.000829458941803765 0.00633312190810937 1
0 0 1 0 0 0 2 8.13983481626479E-06 8.03340119215251E-06 0.995387589003784 0.00456172145104335 8.20935996660305E-08 3.44342155651873E-05 2
0 0 0 0 0 1 5 0.000972812536337313 0.0123032667396174 0.00447574874805823 0.000652757578183158 8.81924380271569E-05 0.981507221959777 5
0 0 1 0 0 0 2 0.000117709822309284 7.18462090059969E-05 0.998499834920581 0.000811662076034169 9.16958813418948E-07 0.000498030013256065 2
1 0 0 0 0 0 0 0.999695823953667 1.14500001731842E-07 1.97399720810017E-05 1.10009154563364E-07 9.23681044877925E-05 0.000191843460608441 0
1 0 0 0 0 0 0 0.999588131319634 1.91963852387203E-07 2.52721663832016E-05 1.89115563490063E-07 0.000129807086398738 0.000256408348167798 0
1 0 0 0 0 0 0 0.998864941450505 1.02922297366084E-06 8.28448658329033E-05 1.03811579677052E-06 0.000280820421205716 0.000769325923685688 0
0 0 1 0 0 0 2 1.27397761210319E-05 1.19276160142029E-05 0.995988914799693 0.00393094303586503 1.25306882471912E-07 5.53494654242387E-05 2
1 0 0 0 0 0 0 0.988170712554229 0.00029072326663095 0.000143928572056339 9.81793828587695E-06 0.00535961081966674 0.00602520684913151 0
0 0 1 0 0 0 2 5.55488663578195E-05 6.28972364054314E-05 0.99833632724914 0.00122135768399124 5.42670876902161E-07 0.000323326293228368 2
0 1 0 0 0 0 1 2.82773648595158E-07 0.9915893699832 4.98236517808841E-05 0.00632205710077231 0.00106150789092556 0.000976958599672464 1
1 0 0 0 0 0 0 0.994095962304658 1.05390649466977E-05 0.000139244000636355 1.40123999169224E-05 0.00474341467363984 0.000996827556201833 0
0 0 0 1 0 0 3 5.98285244872088E-07 0.00079625642040085 0.00173969233139429 0.997347339172641 3.75732283793038E-05 7.85405619394835E-05 3
0 0 0 0 1 0 4 5.64289085342497E-05 0.00341766511404527 2.79981663743258E-08 6.69330036910218E-05 0.996448471245279 1.0473730284349E-05 4
0 0 1 0 0 0 2 0.000424663619303713 0.000927049885767924 0.994577749353928 0.000348488246118034 5.62293960784776E-06 0.00371642595527468 2
1 0 0 0 0 0 0 0.990727982948131 3.18826733212748E-05 0.000239529376899309 3.21046548075531E-05 0.00797209614567099 0.000996404201169493 0
0 1 0 0 0 0 1 1.28234872338381E-05 0.99007791734294 5.44849372407277E-05 0.00141654683963672 0.00306124009928494 0.00537698729366407 1
0 0 1 0 0 0 2 0.000416961345760163 0.000312760437737952 0.996709330264808 0.000192593385017645 2.5903254200689E-06 0.00236576424125625 2
0 0 0 0 1 0 4 0.000836814178384388 0.0017723514290269 4.81624278619768E-07 0.00032362852473068 0.996999884105478 6.68401381018586E-05 4
0 1 0 0 0 0 1 2.49149685472747E-06 0.984526951959232 7.97652444663955E-05 0.00817428431197841 0.00495896346655042 0.00225754352091757 1
0 0 1 0 0 0 2 1.00336167906086E-05 7.93952618686654E-06 0.996405504779919 0.00353881903891604 8.69699465963211E-08 3.76160682406943E-05 2
0 0 1 0 0 0 2 2.8671789633906E-05 1.88715714913585E-05 0.996593696709286 0.00325165711588728 2.85292324202061E-07 0.000106817521377551 2
1 0 0 0 0 0 0 0.999345103496185 3.33210995127484E-07 2.63573956875769E-05 3.01826665525561E-07 0.000252967236935506 0.000374936833531234 0
1 0 0 0 0 0 0 0.991129410393093 1.80578478423697E-05 0.000102524055669043 7.75998942287574E-06 0.00367497568549844 0.00506727202847385 0
1 0 0 0 0 0 0 0.99033018506839 2.52617795751421E-05 0.000196738585033573 2.4273713673791E-05 0.00722357649882558 0.00219996435450193 0
1 0 0 0 0 0 0 0.999625509363358 1.49429172495206E-07 2.29726116808092E-05 1.46067594570542E-07 0.000109605524660498 0.000241617003533438 0
1 0 0 0 0 0 0 0.999238504646217 3.70549708651842E-07 3.18666715414877E-05 2.82276836070252E-07 0.000181126744436436 0.000547849111261039 0
0 0 1 0 0 0 2 0.000673712845733799 0.000200573551377963 0.997032273254704 0.000249918521797656 3.86656603213008E-06 0.00183965526035416 2
0 0 1 0 0 0 2 1.99718299470733E-05 2.6138130242729E-05 0.990207211855195 0.00963841470802765 4.2085114320758E-07 0.000107842625443871 2
0 1 0 0 0 0 1 6.29783760238019E-07 0.98955578678178 7.70593077452408E-05 0.00769109848702066 0.000983719150944032 0.00169170648875018 1
0 0 1 0 0 0 2 0.000886438043159324 0.000303906744659931 0.995537522160573 0.000216863361214639 4.16242010201574E-06 0.00305110727029158 2
0 0 0 1 0 0 3 4.37555205219251E-07 0.00129021757316254 0.000771112773643717 0.997772223119042 0.000102442100136626 6.35668788100929E-05 3
0 0 1 0 0 0 2 3.42096701649725E-05 2.77803394371406E-05 0.996944236501191 0.00283821225441302 3.93565309598253E-07 0.000155167669483978 2
0 0 1 0 0 0 2 0.000311025728272449 0.000202171304970464 0.997715268001003 0.000441856462375831 2.28341417770471E-06 0.00132739508920103 2
1 0 0 0 0 0 0 0.999640676083944 1.439198592598E-07 2.09959088714608E-05 1.34674939607968E-07 0.000111736342743487 0.00022631306964193 0
1 0 0 0 0 0 0 0.999617956774571 1.56038566550608E-07 2.35321289986274E-05 1.70107411124996E-07 0.000121524098043206 0.000236660852408963 0
0 0 0 1 0 0 3 1.80786082365299E-06 0.000287734021939903 0.00181327228619925 0.997748506342454 7.84285238219467E-05 7.0250964761463E-05 3
0 0 0 0 1 0 4 0.000202351519659611 0.00172011820160163 1.41767343358014E-07 0.000241945151669175 0.997811673579786 2.37697799400852E-05 4
1 0 0 0 0 0 0 0.999650361308304 1.43610378560345E-07 2.3128094558918E-05 1.25507592641951E-07 9.19267227004821E-05 0.000234314756465679 0
0 0 0 1 0 0 3 1.40071618876255E-06 0.00928374113423035 0.00229782521258892 0.987835056205024 0.000188623987639798 0.000393352744327787 3
0 0 0 0 1 0 4 0.00429624786541283 0.00122202283805914 1.15492329385727E-06 0.000158037735624615 0.993967551391804 0.000354985245805438 4
0 1 0 0 0 0 1 2.74220298753711E-05 0.988169800484892 3.76017610853534E-05 0.00102697686304687 0.00795435030282264 0.00278384855827786 1
1 0 0 0 0 0 0 0.999574981770485 2.24280783064105E-07 2.39987292181541E-05 1.96834403783953E-07 0.000164550879698569 0.000236047505411478 0
0 0 0 0 0 1 5 0.000680896767385697 0.00440849352656694 0.00254316107696133 0.000135242320631319 2.08645396915821E-05 0.992211341768763 5
0 0 0 1 0 0 3 6.3182123810379E-07 0.00168328657936773 0.00132896616188569 0.996787535205391 7.86795286233642E-05 0.000120900703494266 3
1 0 0 0 0 0 0 0.999343296361421 5.11282323511819E-07 2.82328024045631E-05 3.80861118167075E-07 0.000288905706892482 0.000338672985840181 0
0 0 0 1 0 0 3 6.73843853112768E-05 0.00177400379916489 0.00476027243097368 0.99162008733018 0.00095285085191643 0.00082540120245385 3
1 0 0 0 0 0 0 0.998021383075657 3.48769843515886E-06 7.87037728034441E-05 2.29275365793066E-06 0.00114279892466003 0.000751333774786514 0
0 0 0 0 0 1 5 0.00355615373611061 0.000816731841708421 0.00358322802627723 7.75144629035703E-05 2.38948572630551E-05 0.991942477075737 5
1 0 0 0 0 0 0 0.999520628283284 2.10786178981792E-07 2.71531421145204E-05 2.28819023803231E-07 0.000156551158623417 0.00029522781077614 0
0 0 1 0 0 0 2 1.11666391699689E-05 1.33412974596632E-05 0.994482547181091 0.00543685051704646 1.42281221929066E-07 5.59520840104132E-05 2
0 1 0 0 0 0 1 2.21075220361301E-05 0.987935157493457 0.000105061998627495 0.00343199043170511 0.00436397329350934 0.00414170926066536 1
0 0 0 0 1 0 4 0.000760265665456295 0.0122370057915509 1.58264328868871E-06 0.000676951773100923 0.986039015546043 0.000285178580559765 4
0 0 0 1 0 0 3 2.92452018873312E-07 0.00285637446981173 0.00138503842895925 0.995614792015718 5.7968457104103E-05 8.55341763881209E-05 3
0 0 0 0 0 1 5 0.00068644159066912 0.002311212645387 0.00305159734999015 9.13150033236399E-05 1.15253502723536E-05 0.993847908060358 5
1 0 0 0 0 0 0 0.998257317730801 2.21292832408256E-06 8.39507808322749E-05 1.1433445541947E-06 0.000341140258059475 0.00131423495742893 0
0 0 1 0 0 0 2 1.56003957495561E-05 1.61227060120612E-05 0.996758077943384 0.00313418782974778 1.61674419321124E-07 7.58494506879031E-05 2
1 0 0 0 0 0 0 0.999455806685555 3.30817704724039E-07 2.8329514305043E-05 2.39687981995898E-07 0.000170296713825538 0.000344996580628017 0
0 0 0 0 1 0 4 0.000225242021833918 0.00251766295743998 8.81227811516424E-08 7.91021753097147E-05 0.997157840071005 2.00646516304761E-05 4
0 1 0 0 0 0 1 2.61628601298792E-07 0.997566867861396 1.28153809398536E-05 0.000766552620371101 0.000942441559838424 0.00071106094885288 1
0 1 0 0 0 0 1 4.98475627956531E-07 0.997229922763446 1.27237575291536E-05 0.000647324627794988 0.00104593711857875 0.00106359325702292 1
1 0 0 0 0 0 0 0.999663305142161 1.32565681385219E-07 2.0909025205659E-05 1.34176788799684E-07 0.000106588863653976 0.000208930226509593 0
1 0 0 0 0 0 0 0.999133507090265 3.97456023757886E-07 3.20040468539573E-05 5.29567597172694E-07 0.000309459856838146 0.000524101982422289 0
0 0 0 1 0 0 3 1.77198961030011E-07 0.00113796083802837 0.00132044343222275 0.997449848233243 2.35610557617684E-05 6.8009241782389E-05 3
0 0 1 0 0 0 2 0.000167023115062551 0.000582013469983137 0.996224396961105 0.00114554254591135 3.83593207439491E-06 0.00187718797586393 2
1 0 0 0 0 0 0 0.999344029209381 4.87489206343118E-07 4.18399067836626E-05 3.24981386918991E-07 0.000161371736430541 0.000451946676812166 0
0 0 0 0 1 0 4 0.00649590996113244 0.00249019343252317 2.40615450333206E-05 0.00690395455238059 0.983529214012665 0.000556666496265263 4
1 0 0 0 0 0 0 0.999619282225135 1.71444936262998E-07 2.4705967789503E-05 1.8039521634879E-07 0.000145092993238271 0.000210566973685151 0
0 0 0 0 1 0 4 0.000132540191473016 0.00277163707089996 6.57715293284179E-08 9.22039366689407E-05 0.996989431302612 1.4121726816987E-05 4
0 0 1 0 0 0 2 1.14125486418674E-05 1.1462895760477E-05 0.995396924562222 0.00453177597434364 1.22235064685474E-07 4.83017839670018E-05 2
0 0 0 0 1 0 4 0.000410872042120517 0.00849033221408813 1.16280855710618E-06 0.000957050354271167 0.990000630596013 0.000139951984949945 4
0 0 1 0 0 0 2 0.00107611435583991 0.0014780187440091 0.989550273980468 0.00011919075957404 9.03589172091048E-06 0.00776736626838762 2
0 1 0 0 0 0 1 1.9380844349299E-07 0.995536766491153 3.17541669108427E-05 0.00295808756064676 0.000709865618131356 0.000763332354714386 1
