0 0 1 0 0 0 2 0.000241369141239453 0.000162736185066785 0.998018223241788 0.00029038410814627 1.4205898354881E-06 0.00128586673392395 2
1 0 0 0 0 0 0 0.999385741804683 4.37945826074757E-07 2.59785416565084E-05 2.72291749571688E-07 0.000243579056492853 0.000343990359592195 0
0 0 1 0 0 0 2 8.37960843841895E-05 5.80115416242638E-05 0.998798285120118 0.000684208327638397 5.48051468141818E-07 0.000375150874767207 2
1 0 0 0 0 0 0 0.999428871903974 2.95586146235764E-07 2.74601664436915E-05 3.24793821407302E-07 0.00024824510540975 0.000294802444204608 0
1 0 0 0 0 0 0 0.997809673689604 6.80755771560026E-06 0.000149459375549403 2.90875736756801E-06 0.000461566793973619 0.00156958382578983 0
0 1 0 0 0 0 1 5.50914035241294E-07 0.996883994084235 2.07999739034882E-05 0.000887245099211498 0.00058405059197277 0.00162335933664232 1
1 0 0 0 0 0 0 0.990222919955842 1.59679446154844E-05 6.62457551921266E-05 1.12998565266196E-05 0.00804459271628096 0.00163897377154347 0
0 0 0 0 1 0 4 0.000391916760981001 0.00254079773118066 1.60638637855863E-07 9.85009029244829E-05 0.996925969592601 4.26543736749948E-05 4
1 0 0 0 0 0 0 0.627677854204277 0.0031850067697861 0.000202394777587217 0.000758484553734908 0.361094977061326 0.0070812826332891 0
0 0 0 1 0 0 3 0.00228787771256562 0.00040067208128283 0.0421766562212701 0.952007080268391 0.00198817659951014 0.0011395371169808 3
0 0 0 1 0 0 3 9.84656808730738E-08 0.0113710501575293 0.000834672605120099 0.9876168835115 6.40146280570763E-05 0.000113280632112952 3
1 0 0 0 0 0 0 0.999509526140454 2.84883321367324E-07 3.0397999881652E-05 2.9576535846394E-07 0.000170681875385326 0.000288813335599134 0
1 0 0 0 0 0 0 0.99949094484294 2.09065094048848E-07 2.52519471299388E-05 2.00906829517288E-07 0.000146011299684353 0.000337381938322648 0
1 0 0 0 0 0 0 0.99941344566034 5.2569158646766E-07 3.1931246600932E-05 3.78962556880111E-07 0.000255254701378397 0.000298463737537445 0
0 0 0 0 1 0 4 0.000122199758007476 0.00722362521137484 4.99955253131715E-07 0.00120669950545869 0.991396499238274 5.04763316316305E-05 4
1 0 0 0 0 0 0 0.999436353223999 4.05030416173582E-07 2.92204539771526E-05 2.04409406425213E-07 0.000156483321090405 0.000377333561110941 0
1 0 0 0 0 0 0 0.999452620044128 3.05354665537889E-07 3.1258997670634E-05 2.16071787821674E-07 0.000135837052837077 0.00037976247891104 0
0 0 0 0 0 1 5 0.270682401453544 0.000646994105271639 0.00130669614990611 8.63936430017671E-05 0.00190118879570522 0.725376325852571 5
0 0 1 0 0 0 2 5.6646032220153E-05 3.866262450039E-05 0.99884256258892 0.000824096985861625 3.60265838851341E-07 0.000237671502659542 2
0 0 1 0 0 0 2 1.40706824381035E-05 1.13593926311657E-05 0.996862907367162 0.00305708141521675 1.25431534265069E-07 5.44557110178066E-05 2
0 1 0 0 0 0 1 6.4520633135008E-07 0.402155646450916 0.000832925761731345 0.594714042736911 0.00125138888823587 0.00104535095587444 3
0 0 0 0 0 1 5 0.000815668903580919 0.0010818093997925 0.00284900413822712 4.95960984161104E-05 6.13740320516456E-06 0.995197784056778 5
1 0 0 0 0 0 0 0.995695615366525 1.19216349913881E-05 0.000209176580479025 1.57989172000647E-06 0.000319979313892767 0.00376172721239186 0
0 0 0 0 1 0 4 0.00151945265078614 0.00779061877704608 1.25720696217511E-06 0.000341766406650495 0.99002798931609 0.000318915642464642 4
0 1 0 0 0 0 1 1.98236037837445E-06 0.992214290364043 6.17728294456297E-05 0.00326539037461777 0.00218783184970877 0.00226873222180656 1
1 0 0 0 0 0 0 0.999517540161944 2.63586992496652E-07 3.6469738402694E-05 4.03875503681086E-07 0.000174271580058616 0.000271051057098165 0
1 0 0 0 0 0 0 0.999163451896265 1.10108525576253E-06 2.83076283900786E-05 4.31427171063016E-07 0.000401591056590052 0.000405116906327682 0
0 0 0 0 1 0 4 0.000102829551535148 0.00470198118813625 6.22678509208791E-08 9.60686482561651E-05 0.995080547980443 1.8510363778088E-05 4
1 0 0 0 0 0 0 0.999267502519577 3.83416407352721E-07 2.92669273673161E-05 4.12526934844699E-07 0.000323293536348341 0.000379141073364955 0
1 0 0 0 0 0 0 0.999540007227407 2.43479424418768E-07 2.20972598619131E-05 1.63662701097174E-07 0.000146980637651389 0.000290507732954302 0
0 0 0 0 1 0 4 0.000189540645217323 0.00313578593928275 2.94229744186878E-07 0.000589563396676728 0.99605677067668 2.80451123988169E-05 4
1 0 0 0 0 0 0 0.999296789012225 3.21170056947176E-07 2.95190497409582E-05 2.6954302334434E-07 0.000180665401249589 0.000492435823704506 0
1 0 0 0 0 0 0 0.999411202817707 3.61193435322538E-07 4.17894888628623E-05 2.15248732788704E-07 0.000103103781328822 0.000443327469933175 0
0 0 1 0 0 0 2 2.07346868190792E-05 1.24635512832179E-05 0.996140792915342 0.00375904248506057 2.1142714349005E-07 6.67549343522284E-05 2
0 0 0 0 1 0 4 0.000232007787222531 0.00367439893589306 2.18179806891977E-07 0.000248609630639716 0.995813250943899 3.15145225392169E-05 4
0 0 0 0 0 1 5 0.0003580530331905 0.0204085759352653 0.00166304439322822 0.000206956520434566 4.13876883441236E-05 0.977321982429537 5
1 0 0 0 0 0 0 0.99945170214319 2.84528938909987E-07 3.00700630533489E-05 2.56224678900858E-07 0.000176913995645943 0.000340773044492621 0
0 1 0 0 0 0 1 1.60752444089371E-07 0.992275225633849 3.98414184875323E-05 0.00620857803573306 0.000737541422631895 0.000738652736853901 1
1 0 0 0 0 0 0 0.609852300835844 0.0961821921324997 0.00383696631796987 0.00205756971566322 0.0865716931448139 0.201499277853209 0
0 1 0 0 0 0 1 2.48138100873829E-07 0.997900490520929 1.25978981614644E-05 0.000652902086566839 0.000588945324008155 0.000844816032233608 1
1 0 0 0 0 0 0 0.95600359357967 0.000551748610338215 0.000168208771295546 9.61415393596964E-05 0.0391155316554746 0.00406477584386165 0
1 0 0 0 0 0 0 0.998941224631146 7.66787085139173E-07 3.52757153689322E-05 4.14808967427859E-07 0.000279307058983745 0.00074301099844933 0
0 1 0 0 0 0 1 9.66628967028832E-07 0.505092766681813 0.00129190812413603 0.490358308919291 0.00127493301538014 0.00198111663041203 1
0 0 0 0 0 1 5 0.0423799052537456 0.00210413548241425 0.0082245301402802 0.000136280134129997 0.000194603613261978 0.946960545376168 5
0 1 0 0 0 0 1 7.39798913501299E-07 0.986108597163625 7.90410560749709E-05 0.010295613530094 0.00207583892191539 0.0014401695293773 1
0 0 1 0 0 0 2 1.60645788226304E-05 3.0922889942688E-05 0.991183338347016 0.00867464646204841 3.53044531422265E-07 9.46746776387119E-05 2
1 0 0 0 0 0 0 0.99821638886941 1.61434469449274E-06 0.000232371856839284 3.09472351146354E-06 0.000323178467651544 0.00122335173789302 0
0 0 1 0 0 0 2 3.17083344948996E-05 1.90845835989087E-05 0.99774599317219 0.00209086481773089 2.68844930038302E-07 0.000112080247055695 2
0 1 0 0 0 0 1 7.35829709263177E-06 0.421824490541677 0.00251545733488493 0.567534607491726 0.00344939619067803 0.00466869014394144 3
1 0 0 0 0 0 0 0.999639423928135 1.59567034965762E-07 2.40279674427496E-05 1.43123776127396E-07 0.000105273180039837 0.000230972233571745 0
0 0 0 1 0 0 3 7.00888879138964E-07 0.000944347275225027 0.00226459354710315 0.996670331814122 4.15108128523786E-05 7.85156618182675E-05 3
0 0 0 0 1 0 4 0.000654140640472505 0.00399653130869885 3.8368923735593E-07 0.000174680555106412 0.995088624097703 8.56397087821517E-05 4
0 1 0 0 0 0 1 7.07744502688206E-06 0.97424469714808 0.000446555281549519 0.0177626209819233 0.00152954108056219 0.00600950806285799 1
0 0 0 0 1 0 4 0.0107912485391706 0.00393339041757439 1.44746171384869E-05 0.00142758387868201 0.983214391189249 0.000618911358185029 4
0 0 0 1 0 0 3 2.47346918569339E-06 0.103978518927502 0.00264711214959785 0.890862090100011 0.000818276738709139 0.00169152861499474 3
0 0 1 0 0 0 2 4.90222822737313E-05 2.93585288397951E-05 0.99875478276088 0.000982156875131166 3.12825857839303E-07 0.000184366727017081 2
0 1 0 0 0 0 1 4.41211283082724E-06 0.920661374519664 0.000726153872229709 0.0702621835711953 0.00266893279784675 0.0056769431262333 1
0 0 1 0 0 0 2 2.89384135006448E-05 2.62119948269106E-05 0.998270237193126 0.00153827091609435 2.43106265685966E-07 0.000136098376185891 2
0 1 0 0 0 0 1 4.94334357986729E-07 0.9958085141534 3.48732489461598E-05 0.00196304863617094 0.000812042777257877 0.00138102684986663 1
1 0 0 0 0 0 0 0.997649235555675 1.27285956516282E-06 5.61871923162451E-05 1.22703444420021E-06 0.000585823699056018 0.00170625365894355 0
0 1 0 0 0 0 1 2.99794684384841E-07 0.996765879750008 1.9419344470982E-05 0.00137094139598307 0.000962262247005263 0.000881197467848577 1
0 1 0 0 0 0 1 1.71752251355692E-06 0.992066230558725 6.88826395422665E-05 0.0039721033353632 0.00184450520822617 0.0020465607356301 1
0 0 0 1 0 0 3 1.85827456032728E-05 0.00500609313445411 0.00278356570957368 0.990585440539047 0.000926920254184726 0.000679397617137522 3
0 0 1 0 0 0 2 9.94517805228652E-06 8.13153619972515E-06 0.995908495117004 0.00403631318624694 9.19312287369292E-08 3.7023051267867E-05 2
0 0 0 1 0 0 3 1.42033821516434E-06 0.0214930649669019 0.00178540478101843 0.975945809476386 0.000404031206227693 0.000370269231250845 3
0 0 1 0 0 0 2 7.80632558261376E-05 4.67510255873173E-05 0.998719751088002 0.000849506006677272 5.42879827237284E-07 0.00030538574408029 2
1 0 0 0 0 0 0 0.999653643547886 1.34696896502768E-07 2.14753382603063E-05 1.35505642757116E-07 0.000105662547429796 0.000218948363885158 0
1 0 0 0 0 0 0 0.999531595000657 2.78105841427697E-07 2.35590243531226E-05 1.95057289800015E-07 0.00015675614752306 0.000287616664335078 0
0 1 0 0 0 0 1 1.82248893290903E-07 0.996918308724259 1.90503817304286E-05 0.00151175625896511 0.000797901997422538 0.000752800388730043 1
0 0 1 0 0 0 2 6.3141300586469E-05 3.93146906963245E-05 0.998787998236773 0.000857905328847111 4.04565050141811E-07 0.000251235878047098 2
0 0 1 0 0 0 2 0.000575145809772417 0.000316155570255725 0.996312287731644 0.000215569986015134 3.1124553141566E-06 0.00257772844699828 2
1 0 0 0 0 0 0 0.999397684013574 4.56959224737638E-07 3.8487557743169E-05 2.69351387188178E-07 0.000152202223463558 0.000410899894607779 0
0 0 0 0 0 1 5 0.00062165599997328 0.0010132735038125 0.00263999726607533 4.58946530006027E-05 4.79678772789351E-06 0.99567438178941 5
0 0 1 0 0 0 2 9.27132879244076E-05 9.63453948345472E-05 0.998566976484164 0.00073487281174743 7.91950228570493E-07 0.000508300071101044 2
0 0 1 0 0 0 2 0.000305643112629178 0.000286755529134886 0.997435928033287 0.000266060209682968 2.17032263489993E-06 0.00170344279263098 2
1 0 0 0 0 0 0 0.999506602094597 2.33556053761496E-07 3.44814596470715E-05 4.4420305006976E-07 0.00020228802351634 0.000255950663136 0
0 0 0 0 1 0 4 0.0281216404873571 0.0022893129232584 7.23662245301231E-05 0.00619202729694765 0.9611344527697 0.00219020029820705 4
0 0 1 0 0 0 2 9.26767700163822E-06 1.14264012802942E-05 0.993308624804366 0.0066296425563798 1.20735795398869E-07 4.09178251773999E-05 2
0 0 1 0 0 0 2 0.000769998318570289 0.00033916249629525 0.994560576580613 0.00017775485884433 2.38224207375342E-06 0.00415012550360316 2
0 1 0 0 0 0 1 4.72267620048421E-06 0.989545256957256 2.15217519228008E-05 0.00142534670682556 0.00709557804295919 0.0019075738648355 1
1 0 0 0 0 0 0 0.992725344214548 6.74899755276228E-05 0.000237800297245841 1.13279525455841E-05 0.00200471408951236 0.00495332347062102 0
1 0 0 0 0 0 0 0.991060700671122 2.33172039667032E-05 0.000139394905941229 6.91306756791748E-06 0.00204896845557259 0.00672070569582964 0
0 0 0 1 0 0 3 0.00147142386711409 0.754538612163379 0.0037192623229627 0.0883297750557648 0.0879282460552745 0.0640126805355046 1
1 0 0 0 0 0 0 0.999395332287524 4.08844535377984E-07 3.71049416273261E-05 3.15657263767081E-07 0.000162368127874891 0.000404470141174238 0
0 0 0 0 1 0 4 0.000998897193300499 0.00302036689908343 2.94560620886153E-07 6.89019681674217E-05 0.995856753301803 5.47860770246148E-05 4
0 0 1 0 0 0 2 7.58991963032901E-05 3.51099405114288E-05 0.997474242139798 0.00218240721381476 7.62398246280526E-07 0.000231579111326455 2
1 0 0 0 0 0 0 0.99958727550583 2.00083009566444E-07 2.8073484720908E-05 1.78326830511334E-07 0.000119667491995179 0.000264605107613447 0
0 0 1 0 0 0 2 2.19933525885641E-05 1.64669749607198E-05 0.998099300871015 0.00177409392520521 1.63907078547262E-07 8.79809691525035E-05 2
1 0 0 0 0 0 0 0.999499669378538 2.84840134733776E-07 3.50440543957496E-05 2.76090967172735E-07 0.000172268843194787 0.000292456792769708 0
0 0 0 1 0 0 3 8.05986320210985E-07 0.00366666795041926 0.00138513338029602 0.99459872383543 0.000164791991688534 0.000183876855846268 3
0 1 0 0 0 0 1 1.4931311105341E-06 0.994230695992891 7.61838453030665E-05 0.00320026008204401 0.000764344277449509 0.00172702267120181 1
0 1 0 0 0 0 1 3.36752480310321E-05 0.430593865960937 0.00507799626967172 0.542705148808951 0.0061183058094787 0.0154710079029308 3
0 0 0 0 0 1 5 0.000553946420927557 0.000804083048381744 0.00264853585793459 3.96596023012526E-05 3.43377541853106E-06 0.995950341295036 5
0 0 1 0 0 0 2 7.14051335730689E-05 7.17303756863796E-05 0.998455229270442 0.000997906768722719 6.47302063592116E-07 0.000403081149511853 2
0 0 0 1 0 0 3 1.39757780952168E-06 0.00349513865748832 0.00280814876257373 0.99330424324162 9.82168055217667E-05 0.000292854954986583 3
1 0 0 0 0 0 0 0.998343404991245 1.21421109839731E-06 4.86359397609727E-05 6.38766443529003E-07 0.000343419675449953 0.00126268641600161 0
1 0 0 0 0 0 0 0.998622479325589 6.53615605284362E-07 3.10034061375812E-05 8.3479012536807E-07 0.0006143659126139 0.000730662949928396 0
1 0 0 0 0 0 0 0.997900344917101 2.65253964943877E-06 0.000201538734148406 5.87685792629652E-06 0.000904810457036084 0.000984776494139005 0
0 0 0 1 0 0 3 1.16827306144261E-06 0.000796985762349614 0.00239574424584826 0.996640140610844 5.52890894795365E-05 0.000110672018417364 3
0 0 0 0 0 1 5 0.000862687868351291 0.00844703830770926 0.00359789761265069 0.000319085636090755 5.4117403507155E-05 0.986719173171691 5
0 0 0 0 1 0 4 0.00114239425284646 0.00244160479633869 3.02372583419173E-07 8.61563745329491E-05 0.996226169093379 0.000103373110319161 4
1 0 0 0 0 0 0 0.87576289909209 0.00030883578107939 6.90696779448993E-05 0.000125678521268679 0.120682246484796 0.00305127044282159 0
1 0 0 0 0 0 0 0.999629903431184 1.56273476137637E-07 2.37655954450485E-05 1.54997100292265E-07 0.000117327861810249 0.00022869184098412 0
0 0 0 1 0 0 3 3.981003757832E-06 0.00486957163050533 0.00349275534254145 0.991116937804715 0.000173184528483462 0.000343569689997564 3
0 1 0 0 0 0 1 1.0268271377773E-06 0.221554190748899 0.00133915984520555 0.774983168002145 0.000608683694220315 0.00151377088239291 3
0 1 0 0 0 0 1 3.16749077245055E-07 0.99628364226256 2.03018478226933E-05 0.00138165471353968 0.000731253437724323 0.00158283098927608 1
1 0 0 0 0 0 0 0.945951261705745 0.000243987584184108 0.000560058221794359 3.37820100022766E-05 0.00350685193029292 0.0497040585479817 0
0 0 1 0 0 0 2 0.000106212695737534 6.32672373769483E-05 0.998855671481571 0.000542234272999075 6.26747522310651E-07 0.000431987564792551 2
0 0 0 0 1 0 4 6.50383844037835E-05 0.00440659376783536 7.11124038312783E-08 0.000203509556012123 0.995308341471928 1.64457074165417E-05 4
0 0 1 0 0 0 2 1.09063942974884E-05 5.21111253827707E-05 0.968319025781924 0.031458029105974 6.50713688040267E-07 0.000159276878734106 2
1 0 0 0 0 0 0 0.999320384087389 3.14569666885981E-07 2.56551749497917E-05 3.32982801557066E-07 0.000260780045297886 0.000392533139894998 0
0 0 0 0 1 0 4 0.00217186212023835 0.00639530732912851 3.57994522144405E-06 0.00126673459915948 0.989338187896197 0.000824328110055364 4
0 0 1 0 0 0 2 0.000340250101334905 0.000387808739685001 0.996651524316117 0.00024497124689842 2.69218039491534E-06 0.00237275341556945 2
0 1 0 0 0 0 1 3.38208820185641E-06 0.921858089692754 0.000427604035694292 0.0708405077652957 0.00352001907492854 0.00335039734312524 1
1 0 0 0 0 0 0 0.999649532334581 1.38260574966325E-07 2.12957119142162E-05 1.34061975023566E-07 0.000108573401644468 0.000220326229310494 0
0 0 1 0 0 0 2 0.00157287221883439 0.00244756224007354 0.98533275362718 0.000262365475354919 2.19384620042611E-05 0.0103625079765528 2
1 0 0 0 0 0 0 0.989664791726391 3.9305146149023E-05 0.00265592952131974 0.000173687643096734 0.00134585029985496 0.00612043566318894 0
0 0 0 1 0 0 3 1.02373197159196E-06 0.000814974022816972 0.00352212699825781 0.995497620165658 2.48692288027222E-05 0.000139385852492751 3
0 0 1 0 0 0 2 3.41168488847301E-05 2.6978037730332E-05 0.998266597586361 0.00152826960489105 2.74996643262177E-07 0.000143762925489607 2
0 1 0 0 0 0 1 5.21594382286598E-05 0.198757631514138 0.00908794816087401 0.780671180211484 0.00384135935372417 0.00758972132155179 3
0 1 0 0 0 0 1 4.6985174150335E-06 0.145377606447273 0.00146086503782831 0.847662801156483 0.00409117971826669 0.00140284912273356 3
0 0 0 1 0 0 3 1.47248590215105E-07 0.0114653161865253 0.0010660709979935 0.987253083759979 6.73130871743378E-05 0.00014806871973772 3
