1 0 0 0.607715573927613 0.392284426072387 0
1 0 0 0.995477717171425 0.00452228282857469 0
0 1 1 0.0344107746024201 0.96558922539758 1
1 0 0 0.589508328136393 0.410491671863607 0
0 1 1 0.235091916150624 0.764908083849375 1
0 1 1 0.0229658778727598 0.97703412212724 1
1 0 0 0.912316122431267 0.0876838775687333 0
0 1 1 0.160946105013523 0.839053894986477 1
0 1 1 0.602625083410119 0.397374916589881 0
0 1 1 0.113740352460279 0.886259647539721 1
0 1 1 0.24938425811341 0.75061574188659 1
0 1 1 0.551675538211301 0.448324461788699 0
0 1 1 0.0507288359531343 0.949271164046866 1
0 1 1 0.134768865325644 0.865231134674356 1
1 0 0 0.630720605737653 0.369279394262347 0
0 1 1 0.562927596228237 0.437072403771763 0
1 0 0 0.997184569490357 0.00281543050964344 0
0 1 1 0.343407866893875 0.656592133106124 1
1 0 0 0.802921904095424 0.197078095904576 0
0 1 1 0.225584864535818 0.774415135464182 1
0 1 1 0.0022388681281497 0.99776113187185 1
1 0 0 0.0180515492756601 0.98194845072434 1
0 1 1 0.0782469347056891 0.921753065294311 1
1 0 0 0.930542695843406 0.0694573041565938 0
1 0 0 0.97629609341725 0.0237039065827498 0
0 1 1 0.0190032943096074 0.980996705690393 1
1 0 0 0.992283348760303 0.00771665123969692 0
0 1 1 0.148884210677772 0.851115789322228 1
0 1 1 0.00592079343594766 0.994079206564052 1
0 1 1 0.0167020052844824 0.983297994715518 1
0 1 1 0.108078891668765 0.891921108331235 1
1 0 0 0.980619280615686 0.0193807193843143 0
0 1 1 0.118294100770025 0.881705899229975 1
0 1 1 0.328256291794945 0.671743708205055 1
1 0 0 0.730677468181455 0.269322531818545 0
1 0 0 0.958140559516022 0.0418594404839775 0
1 0 0 0.725516615132259 0.274483384867741 0
1 0 0 0.992876762773159 0.00712323722684154 0
0 1 1 0.474805023558245 0.525194976441755 1
0 1 1 0.095849710670466 0.904150289329534 1
1 0 0 0.663907554533989 0.336092445466011 0
0 1 1 0.153075898908965 0.846924101091035 1
1 0 0 0.872717145661469 0.127282854338531 0
1 0 0 0.870116768583735 0.129883231416265 0
0 1 1 0.0477434408749528 0.952256559125047 1
1 0 0 0.665947256633301 0.334052743366699 0
1 0 0 0.757226755200659 0.242773244799341 0
0 1 1 0.00678978044719092 0.993210219552809 1
1 0 0 0.961524602654546 0.0384753973454539 0
0 1 1 0.0042502694917678 0.995749730508232 1
1 0 0 0.818736923204308 0.181263076795692 0
0 1 1 0.135311186449638 0.864688813550362 1
0 1 1 0.107912520841326 0.892087479158674 1
1 0 0 0.904251763726614 0.0957482362733865 0
1 0 0 0.940304795185671 0.0596952048143291 0
0 1 1 0.0280043787450307 0.971995621254969 1
0 1 1 0.436542641868485 0.563457358131515 1
1 0 0 0.998928276730356 0.00107172326964435 0
0 1 1 0.324159147801422 0.675840852198578 1
1 0 0 0.343773403807672 0.656226596192328 1
0 1 1 0.246990237909537 0.753009762090463 1
1 0 0 0.804515725360299 0.195484274639701 0
1 0 0 0.93633434532598 0.0636656546740195 0
0 1 1 0.00616939951801696 0.993830600481983 1
1 0 0 0.898593145464652 0.101406854535348 0
0 1 1 0.156597779127791 0.843402220872209 1
0 1 1 0.699411321838698 0.300588678161302 0
0 1 1 0.0674972773790575 0.932502722620942 1
1 0 0 0.846156607412375 0.153843392587625 0
1 0 0 0.0385196922584759 0.961480307741524 1
1 0 0 0.993203289057414 0.00679671094258619 0
0 1 1 0.00569654728250808 0.994303452717492 1
0 1 1 0.0688354676246885 0.931164532375311 1
0 1 1 0.151863917786609 0.848136082213391 1
1 0 0 0.971864895702122 0.0281351042978778 0
0 1 1 0.0210181472438319 0.978981852756168 1
0 1 1 0.00312536709447406 0.996874632905526 1
0 1 1 0.53977193055007 0.46022806944993 0
0 1 1 0.0342855941145448 0.965714405885455 1
1 0 0 0.97803759709366 0.0219624029063402 0
0 1 1 0.0924410160574559 0.907558983942544 1
0 1 1 0.275307477961587 0.724692522038413 1
1 0 0 0.805858698513738 0.194141301486262 0
0 1 1 0.01074523940136 0.98925476059864 1
1 0 0 0.952702761279059 0.0472972387209407 0
1 0 0 0.744505890532669 0.255494109467331 0
1 0 0 0.822363787773337 0.177636212226663 0
0 1 1 0.279029827809758 0.720970172190242 1
0 1 1 0.432924313085293 0.567075686914707 1
0 1 1 0.109609209308263 0.890390790691737 1
1 0 0 0.967632342471275 0.0323676575287247 0
0 1 1 0.30630247108455 0.69369752891545 1
0 1 1 0.65596346462357 0.34403653537643 0
1 0 0 0.984484080894984 0.0155159191050157 0
1 0 0 0.910789788511423 0.0892102114885771 0
0 1 1 0.0021819953732458 0.997818004626754 1
0 1 1 0.0410469225928744 0.958953077407126 1
1 0 0 0.534520000406838 0.465479999593162 0
0 1 1 0.00201128130520169 0.997988718694798 1
0 1 1 0.1741635707268 0.8258364292732 1
1 0 0 0.947251368293567 0.0527486317064333 0
0 1 1 0.00159790304452645 0.998402096955474 1
0 1 1 0.1715186032765 0.8284813967235 1
1 0 0 0.960977676633019 0.0390223233669805 0
1 0 0 0.960904333941618 0.0390956660583814 0
1 0 0 0.997567401969063 0.00243259803093684 0
1 0 0 0.990891655024038 0.00910834497596259 0
0 1 1 0.492000161762808 0.507999838237192 1
1 0 0 0.859253227039271 0.140746772960729 0
1 0 0 0.860846029751108 0.139153970248892 0
1 0 0 0.926653877845725 0.0733461221542749 0
0 1 1 0.0992359268521296 0.90076407314787 1
1 0 0 0.855550988962545 0.144449011037455 0
1 0 0 0.998021661189996 0.00197833881000359 0
0 1 1 0.00454584804223748 0.995454151957763 1
0 1 1 0.0996648523839161 0.900335147616084 1
0 1 1 0.00318388239116944 0.99681611760883 1
0 1 1 0.107501183160954 0.892498816839046 1
1 0 0 0.757178923109282 0.242821076890718 0
0 1 1 0.114480977103788 0.885519022896212 1
1 0 0 0.94018697919909 0.0598130208009096 0
0 1 1 0.00733790777482326 0.992662092225177 1
0 1 1 0.247849549556791 0.752150450443209 1
0 1 1 0.156816229048944 0.843183770951056 1
1 0 0 0.997657448194257 0.00234255180574313 0
1 0 0 0.992496494567228 0.00750350543277168 0
0 1 1 0.413480892068976 0.586519107931024 1
0 1 1 0.060487408257702 0.939512591742298 1
0 1 1 0.146060218947672 0.853939781052328 1
0 1 1 0.053105062886837 0.946894937113163 1
0 1 1 0.0784751849256308 0.921524815074369 1
0 1 1 0.0889383016155206 0.911061698384479 1
1 0 0 0.724397233598734 0.275602766401266 0
0 1 1 0.205549244775477 0.794450755224523 1
0 1 1 0.0374352872963002 0.9625647127037 1
1 0 0 0.996918318966514 0.00308168103348589 0
0 1 1 0.0133365451886472 0.986663454811353 1
0 1 1 0.0879475377123582 0.912052462287642 1
1 0 0 0.803466448320448 0.196533551679552 0
1 0 0 0.721038026919756 0.278961973080244 0
1 0 0 0.99799135045035 0.00200864954964977 0
0 1 1 0.234630252489642 0.765369747510358 1
1 0 0 0.702411319812915 0.297588680187085 0
1 0 0 0.989803681395895 0.010196318604105 0
0 1 1 0.431478957539828 0.568521042460172 1
0 1 1 0.0745322769299001 0.9254677230701 1
0 1 1 0.311325636729376 0.688674363270624 1
0 1 1 0.157935849150138 0.842064150849862 1
1 0 0 0.997537497155249 0.00246250284475055 0
1 0 0 0.508132268258975 0.491867731741025 0
1 0 0 0.897119286411215 0.102880713588785 0
1 0 0 0.833530928428096 0.166469071571904 0
0 1 1 0.0696958855799519 0.930304114420048 1
1 0 0 0.742462104212648 0.257537895787352 0
1 0 0 0.885818030618516 0.114181969381484 0
1 0 0 0.803897341567813 0.196102658432187 0
1 0 0 0.9996138034724 0.000386196527599829 0
0 1 1 0.267782467511067 0.732217532488933 1
1 0 0 0.997057285418264 0.00294271458173608 0
0 1 1 0.106295820424756 0.893704179575244 1
1 0 0 0.867345501900738 0.132654498099262 0
0 1 1 0.310381778840961 0.689618221159039 1
0 1 1 0.276354800243073 0.723645199756927 1
0 1 1 0.34697603914328 0.65302396085672 1
1 0 0 0.998301569519871 0.00169843048012909 0
0 1 1 0.108622760954261 0.891377239045739 1
0 1 1 0.379054124491256 0.620945875508744 1
0 1 1 0.495212804709772 0.504787195290228 1
1 0 0 0.90716639804544 0.0928336019545595 0
1 0 0 0.78733549311483 0.21266450688517 0
0 1 1 0.00993624983732275 0.990063750162677 1
1 0 0 0.827283765714076 0.172716234285924 0
0 1 1 0.355224772443116 0.644775227556884 1
1 0 0 0.673812363570856 0.326187636429144 0
1 0 0 0.99805880526005 0.00194119473995 0
1 0 0 0.997866673224482 0.00213332677551759 0
1 0 0 0.361519041852602 0.638480958147397 1
0 1 1 0.0449737785425549 0.955026221457445 1
1 0 0 0.860535147236835 0.139464852763165 0
1 0 0 0.441637071766932 0.558362928233068 1
1 0 0 0.952264761583479 0.0477352384165215 0
0 1 1 0.400947649533768 0.599052350466232 1
0 1 1 0.560758101181687 0.439241898818313 0
1 0 0 0.978948165087113 0.0210518349128873 0
1 0 0 0.79870286987981 0.20129713012019 0
1 0 0 0.980375190367521 0.0196248096324786 0
1 0 0 0.672078235791209 0.327921764208791 0
0 1 1 0.0731599265909687 0.926840073409031 1
0 1 1 0.0325467751098405 0.96745322489016 1
1 0 0 0.934567034711242 0.0654329652887583 0
0 1 1 0.0397276713990744 0.960272328600926 1
1 0 0 0.863100903779656 0.136899096220344 0
0 1 1 0.331213504460046 0.668786495539954 1
0 1 1 0.0412962587616464 0.958703741238354 1
1 0 0 0.97511553696155 0.0248844630384498 0
0 1 1 0.00129949966920497 0.998700500330795 1
1 0 0 0.818578479742243 0.181421520257758 0
0 1 1 0.156902508513509 0.843097491486491 1
0 1 1 0.243410344630703 0.756589655369296 1
0 1 1 0.0768148598610831 0.923185140138917 1
0 1 1 0.0420285560149667 0.957971443985033 1
0 1 1 0.582161077182094 0.417838922817906 0
0 1 1 0.237854720372889 0.762145279627111 1
1 0 0 0.985434977993096 0.014565022006904 0
0 1 1 0.187610365505934 0.812389634494066 1
1 0 0 0.760583717272572 0.239416282727427 0
1 0 0 0.997389621904684 0.0026103780953163 0
0 1 1 0.185280246001561 0.814719753998439 1
1 0 0 0.816140751148713 0.183859248851287 0
1 0 0 0.998597140931405 0.00140285906859493 0
1 0 0 0.93373826279738 0.0662617372026197 0
1 0 0 0.918257104970735 0.0817428950292649 0
0 1 1 0.485980144093945 0.514019855906055 1
1 0 0 0.715504306811755 0.284495693188245 0
0 1 1 0.0919669990743071 0.908033000925693 1
0 1 1 0.00129406669559421 0.998705933304406 1
1 0 0 0.9945134115529 0.00548658844710043 0
0 1 1 0.0152283173824779 0.984771682617522 1
0 1 1 0.721032867660203 0.278967132339797 0
1 0 0 0.950096623476054 0.0499033765239459 0
1 0 0 0.993823335711949 0.00617666428805069 0
0 1 1 0.314697380085178 0.685302619914822 1
0 1 1 0.123761143166617 0.876238856833383 1
1 0 0 0.87414907831173 0.125850921688271 0
0 1 1 0.413779871106162 0.586220128893838 1
0 1 1 0.253491047262294 0.746508952737706 1
1 0 0 0.665375892867673 0.334624107132327 0
1 0 0 0.976611392605616 0.0233886073943841 0
1 0 0 0.994048677075475 0.0059513229245254 0
1 0 0 0.931782715855919 0.0682172841440805 0
0 1 1 0.0426854712142436 0.957314528785756 1
1 0 0 0.898617089612383 0.101382910387617 0
0 1 1 0.156372599253805 0.843627400746194 1
0 1 1 0.234204903796632 0.765795096203368 1
1 0 0 0.998595464150952 0.0014045358490477 0
0 1 1 0.0503624174944924 0.949637582505508 1
1 0 0 0.473222531149159 0.526777468850841 1
0 1 1 0.247934455873665 0.752065544126336 1
1 0 0 0.752614483741759 0.247385516258241 0
0 1 1 0.0112738330933269 0.988726166906673 1
0 1 1 0.0120089898198963 0.987991010180104 1
1 0 0 0.840861287567308 0.159138712432692 0
1 0 0 0.958971300291606 0.041028699708394 0
0 1 1 0.00536908954872256 0.994630910451277 1
1 0 0 0.820895231184083 0.179104768815917 0
0 1 1 0.00388279958926922 0.996117200410731 1
1 0 0 0.991151560902532 0.00884843909746815 0
0 1 1 0.451806662489026 0.548193337510974 1
1 0 0 0.995093926503142 0.00490607349685798 0
0 1 1 0.0183778376331955 0.981622162366804 1
0 1 1 0.0103663255209652 0.989633674479035 1
1 0 0 0.885856248556737 0.114143751443263 0
0 1 1 0.00786493715770643 0.992135062842293 1
0 1 1 0.0264349052566662 0.973565094743334 1
0 1 1 0.252478056480794 0.747521943519206 1
1 0 0 0.969928384975136 0.0300716150248644 0
1 0 0 0.913584163307512 0.0864158366924875 0
0 1 1 0.134091254511227 0.865908745488773 1
0 1 1 0.0728705135294802 0.92712948647052 1
1 0 0 0.887484545483312 0.112515454516688 0
0 1 1 0.0519888096772247 0.948011190322775 1
0 1 1 0.298435154589735 0.701564845410265 1
0 1 1 0.414030396658039 0.585969603341961 1
0 1 1 0.0884430972040865 0.911556902795913 1
1 0 0 0.961209506413794 0.0387904935862061 0
0 1 1 0.321908896919803 0.678091103080197 1
0 1 1 0.385692243430012 0.614307756569988 1
0 1 1 0.168714832864821 0.831285167135179 1
0 1 1 0.0124683423787819 0.987531657621218 1
0 1 1 0.350118918432917 0.649881081567083 1
1 0 0 0.688452985371546 0.311547014628454 0
1 0 0 0.969673334778875 0.0303266652211251 0
1 0 0 0.985534269574374 0.0144657304256264 0
0 1 1 0.203648692095006 0.796351307904994 1
0 1 1 0.101762131600619 0.898237868399381 1
0 1 1 0.296875252544142 0.703124747455858 1
1 0 0 0.518964356558692 0.481035643441308 0
0 1 1 0.405327534599893 0.594672465400107 1
1 0 0 0.773977172423655 0.226022827576345 0
1 0 0 0.996135566655631 0.0038644333443695 0
1 0 0 0.921280453909488 0.0787195460905117 0
1 0 0 0.990307612500739 0.00969238749926071 0
1 0 0 0.663355485136791 0.336644514863209 0
0 1 1 0.263955571661502 0.736044428338498 1
0 1 1 0.141837638169256 0.858162361830744 1
0 1 1 0.154189292996582 0.845810707003418 1
1 0 0 0.725376341668166 0.274623658331834 0
0 1 1 0.0456172737406662 0.954382726259334 1
0 1 1 0.0046668778157947 0.995333122184205 1
1 0 0 0.666599864326334 0.333400135673666 0
0 1 1 0.0658336952707093 0.934166304729291 1
1 0 0 0.987188371173979 0.0128116288260209 0
1 0 0 0.872836852077352 0.127163147922648 0
1 0 0 0.713102904632825 0.286897095367175 0
0 1 1 0.00791612836839451 0.992083871631605 1
0 1 1 0.254873536736794 0.745126463263206 1
0 1 1 0.0301490772093208 0.969850922790679 1
1 0 0 0.875622411850761 0.124377588149239 0
1 0 0 0.901673981354675 0.0983260186453249 0
1 0 0 0.865843927918646 0.134156072081355 0
1 0 0 0.986980932123028 0.013019067876972 0
1 0 0 0.999493870267367 0.000506129732632905 0
1 0 0 0.939803568579835 0.0601964314201647 0
1 0 0 0.994177245303279 0.00582275469672086 0
0 1 1 0.41023540579826 0.58976459420174 1
1 0 0 0.995756490892442 0.00424350910755793 0
1 0 0 0.972727477073919 0.0272725229260808 0
1 0 0 0.98251106826107 0.0174889317389301 0
0 1 1 0.227996231351023 0.772003768648977 1
0 1 1 0.16132366532167 0.83867633467833 1
0 1 1 0.00103169584782297 0.998968304152177 1
1 0 0 0.851286748483175 0.148713251516825 0
0 1 1 0.307569985902124 0.692430014097876 1
1 0 0 0.820057579914569 0.179942420085431 0
0 1 1 0.0976748119966111 0.902325188003389 1
1 0 0 0.938079225526999 0.0619207744730007 0
1 0 0 0.973968831685545 0.0260311683144554 0
1 0 0 0.999111001573842 0.000888998426158235 0
1 0 0 0.594802888234928 0.405197111765072 0
0 1 1 0.142366305832565 0.857633694167435 1
1 0 0 0.514651666820133 0.485348333179867 0
1 0 0 0.814325601550274 0.185674398449726 0
0 1 1 0.138321263406409 0.861678736593591 1
1 0 0 0.774961024417274 0.225038975582726 0
1 0 0 0.997903975525423 0.00209602447457727 0
1 0 0 0.65969172873022 0.34030827126978 0
1 0 0 0.71724580106601 0.28275419893399 0
0 1 1 0.150539563881334 0.849460436118666 1
1 0 0 0.935782331047637 0.0642176689523635 0
0 1 1 0.183884377294572 0.816115622705428 1
1 0 0 0.51768262494073 0.48231737505927 0
1 0 0 0.946619880404046 0.0533801195959543 0
1 0 0 0.71899114446898 0.28100885553102 0
1 0 0 0.381460825970746 0.618539174029254 1
1 0 0 0.975979958409145 0.0240200415908551 0
1 0 0 0.857811126344143 0.142188873655857 0
0 1 1 0.463481361061886 0.536518638938114 1
0 1 1 0.15924666520461 0.84075333479539 1
0 1 1 0.120170557711482 0.879829442288518 1
1 0 0 0.472510285693028 0.527489714306972 1
1 0 0 0.994004845181455 0.00599515481854532 0
0 1 1 0.0422118981834479 0.957788101816552 1
1 0 0 0.983809604462234 0.0161903955377659 0
1 0 0 0.926582382677395 0.0734176173226047 0
0 1 1 0.302586671379975 0.697413328620025 1
1 0 0 0.531283268473684 0.468716731526316 0
1 0 0 0.936939018313276 0.0630609816867238 0
0 1 1 0.0500581779525135 0.949941822047487 1
0 1 1 0.260725509737194 0.739274490262806 1
0 1 1 0.140121092799155 0.859878907200845 1
0 1 1 0.0342174530963971 0.965782546903603 1
1 0 0 0.894166806053677 0.105833193946323 0
1 0 0 0.984574719315231 0.015425280684769 0
1 0 0 0.726521014812063 0.273478985187937 0
1 0 0 0.997159277904038 0.00284072209596236 0
0 1 1 0.066828810096396 0.933171189903604 1
1 0 0 0.985225160693494 0.014774839306506 0
0 1 1 0.16943744820734 0.83056255179266 1
1 0 0 0.896415640264662 0.103584359735338 0
0 1 1 0.0582777671701712 0.941722232829829 1
0 1 1 0.116615637933206 0.883384362066794 1
1 0 0 0.994958076973525 0.00504192302647479 0
1 0 0 0.942787478812888 0.0572125211871125 0
0 1 1 0.0294769732577264 0.970523026742274 1
0 1 1 0.381395795838874 0.618604204161126 1
0 1 1 0.0607216023083054 0.939278397691695 1
0 1 1 0.107034859849261 0.892965140150739 1
1 0 0 0.992605220776375 0.00739477922362535 0
1 0 0 0.81940774817147 0.18059225182853 0
1 0 0 0.835519153901844 0.164480846098156 0
1 0 0 0.631923308924223 0.368076691075777 0
0 1 1 0.0286745021993823 0.971325497800618 1
0 1 1 0.320443497602262 0.679556502397738 1
1 0 0 0.990573683071353 0.00942631692864735 0
0 1 1 0.005264067643059 0.994735932356941 1
1 0 0 0.97154643958005 0.0284535604199502 0
0 1 1 0.35259259822645 0.64740740177355 1
0 1 1 0.0325286639393163 0.967471336060684 1
1 0 0 0.916876288258855 0.0831237117411449 0
0 1 1 0.0544754475720258 0.945524552427974 1
1 0 0 0.978947713064873 0.0210522869351264 0
0 1 1 0.669258047548714 0.330741952451286 0
1 0 0 0.983976101002817 0.0160238989971835 0
1 0 0 0.877034192088883 0.122965807911117 0
0 1 1 0.358729895107307 0.641270104892693 1
1 0 0 0.965254935904959 0.0347450640950411 0
1 0 0 0.404488732927408 0.595511267072592 1
1 0 0 0.951733606487066 0.0482663935129345 0
1 0 0 0.981288040222738 0.0187119597772623 0
0 1 1 0.215127845993257 0.784872154006743 1
1 0 0 0.733240203193218 0.266759796806782 0
1 0 0 0.979890169066649 0.0201098309333514 0
1 0 0 0.967413554163546 0.0325864458364536 0
1 0 0 0.652459365534708 0.347540634465292 0
1 0 0 0.915376113609297 0.0846238863907024 0
0 1 1 0.243087317320131 0.756912682679869 1
1 0 0 0.973506516466826 0.026493483533174 0
0 1 1 0.116628421975566 0.883371578024434 1
1 0 0 0.99780907831172 0.00219092168828045 0
1 0 0 0.953927297620359 0.0460727023796408 0
1 0 0 0.745105460379853 0.254894539620147 0
0 1 1 0.203603443852521 0.796396556147479 1
1 0 0 0.958291407445023 0.0417085925549765 0
1 0 0 0.943890407979756 0.0561095920202444 0
0 1 1 0.107678486384621 0.892321513615379 1
1 0 0 0.847756477470378 0.152243522529622 0
0 1 1 0.351056021804209 0.648943978195791 1
1 0 0 0.994394129238776 0.00560587076122371 0
0 1 1 0.565166947792245 0.434833052207755 0
1 0 0 0.992453817462462 0.00754618253753801 0
0 1 1 0.00188982666570551 0.998110173334294 1
0 1 1 0.506420777746685 0.493579222253315 0
0 1 1 0.135454912307352 0.864545087692648 1
1 0 0 0.944361195669581 0.0556388043304188 0
1 0 0 0.735654438669126 0.264345561330874 0
1 0 0 0.94023293525139 0.0597670647486104 0
0 1 1 0.00959281220797079 0.990407187792029 1
0 1 1 0.0763799945145133 0.923620005485487 1
0 1 1 0.30810038494896 0.69189961505104 1
1 0 0 0.831044884803128 0.168955115196872 0
0 1 1 0.00271634037560954 0.99728365962439 1
1 0 0 0.709221455394175 0.290778544605825 0
0 1 1 0.575675098855401 0.424324901144599 0
0 1 1 0.00278739140227868 0.997212608597721 1
1 0 0 0.999446414418028 0.00055358558197206 0
0 1 1 0.0202581821379215 0.979741817862078 1
0 1 1 0.559866923205173 0.440133076794827 0
1 0 0 0.772401122040385 0.227598877959615 0
0 1 1 0.143511404092555 0.856488595907445 1
0 1 1 0.609210281756072 0.390789718243928 0
0 1 1 0.130214184346144 0.869785815653856 1
0 1 1 0.168788102275813 0.831211897724187 1
0 1 1 0.00169498985652762 0.998305010143472 1
0 1 1 0.285908477616167 0.714091522383833 1
0 1 1 0.00694229086117292 0.993057709138827 1
0 1 1 0.0438725502263616 0.956127449773639 1
0 1 1 0.0684758851502055 0.931524114849794 1
1 0 0 0.876420517548251 0.123579482451749 0
0 1 1 0.0619043177591716 0.938095682240829 1
0 1 1 0.498605857297691 0.501394142702309 1
1 0 0 0.99849531993576 0.00150468006424003 0
1 0 0 0.972631761876633 0.0273682381233672 0
1 0 0 0.965742368862194 0.0342576311378056 0
0 1 1 0.00447040375304395 0.995529596246956 1
0 1 1 0.0101949015766549 0.989805098423345 1
1 0 0 0.91743642202362 0.0825635779763803 0
0 1 1 0.0966220738921429 0.903377926107857 1
0 1 1 0.0959659542490798 0.90403404575092 1
1 0 0 0.756226003724284 0.243773996275716 0
1 0 0 0.9944292230537 0.00557077694630013 0
0 1 1 0.0199298544906909 0.980070145509309 1
1 0 0 0.999286431528285 0.000713568471715041 0
0 1 1 0.207255593136591 0.792744406863409 1
0 1 1 0.664495490407183 0.335504509592817 0
1 0 0 0.860065608444556 0.139934391555444 0
0 1 1 0.147176919270502 0.852823080729498 1
0 1 1 0.013419271039903 0.986580728960097 1
0 1 1 0.206720768954513 0.793279231045487 1
0 1 1 0.0692896952229152 0.930710304777085 1
0 1 1 0.00414485347776034 0.99585514652224 1
0 1 1 0.0184405780528003 0.9815594219472 1
0 1 1 0.105816710665076 0.894183289334924 1
0 1 1 0.195536565165813 0.804463434834187 1
0 1 1 0.0877849818717407 0.912215018128259 1
0 1 1 0.264061850374434 0.735938149625566 1
0 1 1 0.0120679530046483 0.987932046995352 1
1 0 0 0.993569207920975 0.00643079207902495 0
0 1 1 0.0420684638377036 0.957931536162296 1
1 0 0 0.980846018710492 0.0191539812895076 0
0 1 1 0.357760912852295 0.642239087147705 1
0 1 1 0.0781804631002104 0.92181953689979 1
0 1 1 0.0755085689656594 0.924491431034341 1
1 0 0 0.538886725238059 0.461113274761941 0
0 1 1 0.123655405911053 0.876344594088947 1
1 0 0 0.867406734476623 0.132593265523377 0
0 1 1 0.0950602651371472 0.904939734862853 1
0 1 1 0.182830522804216 0.817169477195784 1
1 0 0 0.992943483122561 0.00705651687743856 0
0 1 1 0.0179363555550102 0.98206364444499 1
0 1 1 0.00209776125651616 0.997902238743484 1
0 1 1 0.570868661257157 0.429131338742843 0
1 0 0 0.893032788151734 0.106967211848266 0
0 1 1 0.00694825660865454 0.993051743391346 1
1 0 0 0.919688839468821 0.0803111605311787 0
0 1 1 0.0496014232662745 0.950398576733726 1
1 0 0 0.976000202715501 0.0239997972844984 0
1 0 0 0.827780037304801 0.1722199626952 0
1 0 0 0.778228440941134 0.221771559058866 0
0 1 1 0.145257089366311 0.854742910633689 1
0 1 1 0.178348203602852 0.821651796397148 1
0 1 1 0.3228351980694 0.6771648019306 1
1 0 0 0.987693622058449 0.0123063779415509 0
0 1 1 0.272050980560995 0.727949019439005 1
1 0 0 0.99688949201071 0.00311050798929052 0
0 1 1 0.0562357018565166 0.943764298143483 1
0 1 1 0.0108224980090728 0.989177501990927 1
1 0 0 0.869815921368249 0.130184078631751 0
1 0 0 0.961709857469108 0.0382901425308918 0
1 0 0 0.939000410694398 0.0609995893056016 0
0 1 1 0.628121646084901 0.371878353915099 0
0 1 1 0.00917562472992606 0.990824375270074 1
0 1 1 0.0560187539373465 0.943981246062653 1
1 0 0 0.932691782423511 0.0673082175764888 0
1 0 0 0.999088751848926 0.000911248151074386 0
1 0 0 0.842276263247426 0.157723736752574 0
0 1 1 0.105939690742038 0.894060309257962 1
1 0 0 0.918827893557217 0.0811721064427835 0
1 0 0 0.834148214737414 0.165851785262586 0
0 1 1 0.00531431898887276 0.994685681011127 1
1 0 0 0.514511701857937 0.485488298142063 0
1 0 0 0.465019086408821 0.534980913591179 1
1 0 0 0.452949034579865 0.547050965420135 1
1 0 0 0.934543017922526 0.0654569820774737 0
0 1 1 0.193179830941056 0.806820169058944 1
0 1 1 0.00144317428675092 0.998556825713249 1
1 0 0 0.923456697209029 0.0765433027909708 0
1 0 0 0.752719800599398 0.247280199400602 0
1 0 0 0.648699856097404 0.351300143902596 0
0 1 1 0.0370595494210534 0.962940450578947 1
0 1 1 0.25140498802517 0.74859501197483 1
1 0 0 0.951470770094781 0.0485292299052188 0
0 1 1 0.00622698883699854 0.993773011163001 1
1 0 0 0.550811861102007 0.449188138897993 0
0 1 1 0.0028010248215081 0.997198975178492 1
0 1 1 0.19882505016347 0.80117494983653 1
1 0 0 0.385488007700925 0.614511992299075 1
0 1 1 0.089497872798302 0.910502127201698 1
0 1 1 0.139662154621607 0.860337845378393 1
1 0 0 0.55230227209902 0.44769772790098 0
0 1 1 0.0636677728344019 0.936332227165598 1
0 1 1 0.0361777983584526 0.963822201641548 1
1 0 0 0.877937111258001 0.122062888741999 0
0 1 1 0.267586927180545 0.732413072819456 1
0 1 1 0.000593028368017924 0.999406971631982 1
0 1 1 0.00748471425374338 0.992515285746257 1
1 0 0 0.450519744586061 0.549480255413939 1
0 1 1 0.250829985213305 0.749170014786695 1
0 1 1 0.18503163944296 0.81496836055704 1
0 1 1 0.386543672586518 0.613456327413482 1
0 1 1 0.0137695345914858 0.986230465408514 1
0 1 1 0.0470584957322459 0.952941504267754 1
0 1 1 0.398619671071367 0.601380328928633 1
0 1 1 0.14093360681696 0.859066393183039 1
0 1 1 0.0872439419968632 0.912756058003137 1
0 1 1 0.0156111366617902 0.98438886333821 1
1 0 0 0.81158720831789 0.18841279168211 0
0 1 1 0.054233983388773 0.945766016611227 1
1 0 0 0.867147854803323 0.132852145196677 0
1 0 0 0.982908054993777 0.0170919450062234 0
1 0 0 0.854946423375822 0.145053576624178 0
1 0 0 0.580137915841364 0.419862084158636 0
0 1 1 0.037857678418736 0.962142321581264 1
1 0 0 0.965964448750474 0.0340355512495261 0
1 0 0 0.695698308406748 0.304301691593252 0
0 1 1 0.495307238065417 0.504692761934583 1
0 1 1 0.0872815137250245 0.912718486274976 1
0 1 1 0.384385131330291 0.615614868669709 1
0 1 1 0.00929618818275373 0.990703811817246 1
0 1 1 0.331785088456389 0.668214911543611 1
1 0 0 0.776971557998192 0.223028442001808 0
1 0 0 0.532968495038 0.467031504962 0
0 1 1 0.0634994148155688 0.936500585184431 1
0 1 1 0.183782068495565 0.816217931504435 1
0 1 1 0.579991717120169 0.420008282879831 0
0 1 1 0.381783081700115 0.618216918299885 1
1 0 0 0.658475048435794 0.341524951564206 0
1 0 0 0.831176323509863 0.168823676490137 0
0 1 1 0.580427022211081 0.419572977788919 0
0 1 1 0.00667670681050257 0.993323293189498 1
1 0 0 0.786433843302505 0.213566156697495 0
1 0 0 0.668875858621475 0.331124141378525 0
1 0 0 0.93283823044721 0.0671617695527898 0
1 0 0 0.771028284308787 0.228971715691213 0
0 1 1 0.197069293596573 0.802930706403427 1
1 0 0 0.998422403578412 0.00157759642158786 0
0 1 1 0.217101012487825 0.782898987512175 1
1 0 0 0.778611561673883 0.221388438326117 0
0 1 1 0.0173366013350799 0.98266339866492 1
1 0 0 0.956023351214479 0.0439766487855212 0
0 1 1 0.0255571118757464 0.974442888124254 1
1 0 0 0.913052513841448 0.0869474861585515 0
0 1 1 0.0756083023099204 0.92439169769008 1
1 0 0 0.387349285252515 0.612650714747485 1
1 0 0 0.638488405703237 0.361511594296763 0
0 1 1 0.0670044380789665 0.932995561921033 1
1 0 0 0.533517616886256 0.466482383113744 0
0 1 1 0.0208008224768444 0.979199177523156 1
1 0 0 0.988546093302855 0.0114539066971445 0
1 0 0 0.994968540491889 0.0050314595081108 0
1 0 0 0.947926530533673 0.0520734694663273 0
1 0 0 0.795413349201728 0.204586650798272 0
1 0 0 0.999333212201562 0.000666787798438406 0
0 1 1 0.069123303242714 0.930876696757286 1
0 1 1 0.330845337786367 0.669154662213633 1
0 1 1 0.396736096176124 0.603263903823876 1
1 0 0 0.686991833482502 0.313008166517498 0
1 0 0 0.979642051708835 0.0203579482911645 0
0 1 1 0.599744124300115 0.400255875699885 0
0 1 1 0.108492635585559 0.891507364414441 1
1 0 0 0.633695569160124 0.366304430839876 0
0 1 1 0.0558828758476918 0.944117124152308 1
1 0 0 0.997403652007638 0.00259634799236214 0
1 0 0 0.998896646307099 0.00110335369290092 0
0 1 1 0.110625266503932 0.889374733496068 1
1 0 0 0.902027749764036 0.0979722502359639 0
0 1 1 0.0143776267134948 0.985622373286505 1
1 0 0 0.862543466530894 0.137456533469106 0
0 1 1 0.379264160862626 0.620735839137374 1
0 1 1 0.0254141362722288 0.974585863727771 1
1 0 0 0.775837901248209 0.224162098751791 0
1 0 0 0.621641294855822 0.378358705144178 0
0 1 1 0.265577169918984 0.734422830081017 1
1 0 0 0.749993026448705 0.250006973551295 0
1 0 0 0.655451677339468 0.344548322660532 0
1 0 0 0.963749729689895 0.0362502703101046 0
1 0 0 0.997971799974402 0.00202820002559838 0
0 1 1 0.326866148965283 0.673133851034717 1
1 0 0 0.963058988595301 0.0369410114046993 0
1 0 0 0.98852990309431 0.01147009690569 0
0 1 1 0.354946679401347 0.645053320598653 1
1 0 0 0.962560347581794 0.0374396524182057 0
0 1 1 0.0193938699631838 0.980606130036816 1
1 0 0 0.932261320698423 0.0677386793015771 0
0 1 1 0.0403856816984057 0.959614318301594 1
1 0 0 0.723592767251212 0.276407232748788 0
1 0 0 0.313735698889935 0.686264301110065 1
0 1 1 0.0433315477739467 0.956668452226053 1
1 0 0 0.857523979701241 0.142476020298759 0
1 0 0 0.864199267489909 0.135800732510092 0
0 1 1 0.068823776107177 0.931176223892823 1
1 0 0 0.777888167077666 0.222111832922334 0
1 0 0 0.99715273782283 0.00284726217716958 0
0 1 1 0.865286138496645 0.134713861503355 0
1 0 0 0.994177760005744 0.00582223999425582 0
0 1 1 0.315146948903334 0.684853051096666 1
0 1 1 0.556754714488009 0.443245285511991 0
0 1 1 0.0810303911996787 0.918969608800321 1
0 1 1 0.210380924004809 0.789619075995191 1
1 0 0 0.972412384015705 0.027587615984295 0
0 1 1 0.200124414173846 0.799875585826154 1
1 0 0 0.997904209340895 0.00209579065910512 0
1 0 0 0.918386890146473 0.0816131098535273 0
1 0 0 0.989614700451357 0.0103852995486429 0
1 0 0 0.981033569305578 0.018966430694422 0
0 1 1 0.00559255167827879 0.994407448321721 1
1 0 0 0.992814380540774 0.00718561945922592 0
1 0 0 0.98521040579676 0.0147895942032404 0
0 1 1 0.0791073869958577 0.920892613004142 1
1 0 0 0.911967434643061 0.0880325653569391 0
1 0 0 0.99617826194369 0.00382173805631045 0
1 0 0 0.670601364608975 0.329398635391025 0
0 1 1 0.0154260959653157 0.984573904034684 1
1 0 0 0.311620281071642 0.688379718928358 1
1 0 0 0.997288712542403 0.00271128745759707 0
1 0 0 0.982806935730002 0.0171930642699984 0
1 0 0 0.996571547825934 0.00342845217406653 0
1 0 0 0.996643869797034 0.00335613020296604 0
1 0 0 0.85861994420572 0.14138005579428 0
1 0 0 0.74802316509779 0.25197683490221 0
1 0 0 0.401286735690238 0.598713264309762 1
1 0 0 0.724416016034632 0.275583983965368 0
0 1 1 0.133084615638684 0.866915384361316 1
1 0 0 0.750898663591296 0.249101336408704 0
1 0 0 0.868825370546596 0.131174629453404 0
1 0 0 0.946321237452565 0.053678762547435 0
1 0 0 0.71132752299618 0.28867247700382 0
0 1 1 0.059681650230753 0.940318349769247 1
0 1 1 0.227627340824912 0.772372659175088 1
1 0 0 0.992262468899632 0.00773753110036827 0
1 0 0 0.941508560898226 0.0584914391017739 0
0 1 1 0.295390028134083 0.704609971865917 1
1 0 0 0.880250884691929 0.119749115308071 0
0 1 1 0.00628011434715909 0.993719885652841 1
1 0 0 0.861125803215775 0.138874196784225 0
0 1 1 0.0142272189670468 0.985772781032953 1
0 1 1 0.16045209836813 0.83954790163187 1
1 0 0 0.998966221831103 0.00103377816889736 0
0 1 1 0.227178031725281 0.772821968274719 1
0 1 1 0.0530586546426044 0.946941345357395 1
0 1 1 0.0340309575752183 0.965969042424782 1
0 1 1 0.000800466279553942 0.999199533720446 1
1 0 0 0.501404351668926 0.498595648331074 0
1 0 0 0.583890587189745 0.416109412810255 0
1 0 0 0.987171725751504 0.0128282742484962 0
1 0 0 0.995045640732331 0.0049543592676694 0
0 1 1 0.389516724419544 0.610483275580456 1
1 0 0 0.710531699757813 0.289468300242187 0
0 1 1 0.0508889558630941 0.949111044136906 1
1 0 0 0.240802608004309 0.759197391995691 1
1 0 0 0.572901283096371 0.427098716903629 0
0 1 1 0.34205785033348 0.65794214966652 1
0 1 1 0.130844912176855 0.869155087823145 1
1 0 0 0.520514688418925 0.479485311581075 0
1 0 0 0.336524988427143 0.663475011572857 1
0 1 1 0.127531415311315 0.872468584688685 1
1 0 0 0.984037947743225 0.015962052256775 0
1 0 0 0.262568435100905 0.737431564899095 1
0 1 1 0.00883884736946743 0.991161152630533 1
1 0 0 0.998858988265701 0.00114101173429899 0
0 1 1 0.0226617069332853 0.977338293066715 1
1 0 0 0.92031671958224 0.0796832804177602 0
1 0 0 0.913012353946275 0.0869876460537253 0
1 0 0 0.99927263464464 0.000727365355359543 0
0 1 1 0.243583353176987 0.756416646823013 1
0 1 1 0.337605706677642 0.662394293322358 1
1 0 0 0.722913958175785 0.277086041824215 0
0 1 1 0.522691646014279 0.477308353985721 0
0 1 1 0.413872513701484 0.586127486298516 1
0 1 1 0.0478001976396405 0.95219980236036 1
0 1 1 0.153730011342739 0.846269988657261 1
0 1 1 0.0548850798870443 0.945114920112956 1
0 1 1 0.0246571525425453 0.975342847457455 1
1 0 0 0.606938443943566 0.393061556056434 0
1 0 0 0.998979170546609 0.00102082945339128 0
1 0 0 0.950990411882856 0.0490095881171441 0
0 1 1 0.0224400716441995 0.9775599283558 1
1 0 0 0.789768985389794 0.210231014610206 0
0 1 1 0.0228095632114454 0.977190436788555 1
0 1 1 0.250003915092356 0.749996084907644 1
0 1 1 0.267624824350208 0.732375175649792 1
0 1 1 0.141017314606659 0.858982685393341 1
1 0 0 0.966714456576942 0.0332855434230576 0
1 0 0 0.996164497761733 0.00383550223826666 0
0 1 1 0.00702419818474666 0.992975801815253 1
0 1 1 0.0489537041483048 0.951046295851695 1
0 1 1 0.113817479575872 0.886182520424128 1
1 0 0 0.995954016586991 0.00404598341300903 0
0 1 1 0.496843902129163 0.503156097870837 1
0 1 1 0.00343833472815904 0.996561665271841 1
0 1 1 0.191453177174821 0.808546822825179 1
0 1 1 0.00472487121174052 0.995275128788259 1
0 1 1 0.00810698952228543 0.991893010477715 1
0 1 1 0.00336882240184044 0.99663117759816 1
0 1 1 0.189148826551741 0.810851173448259 1
0 1 1 0.0119724722017033 0.988027527798297 1
1 0 0 0.993129325688368 0.00687067431163179 0
1 0 0 0.996091400947939 0.00390859905206103 0
1 0 0 0.591566636843051 0.408433363156949 0
1 0 0 0.825246551840551 0.174753448159449 0
0 1 1 0.0572650140341335 0.942734985965867 1
1 0 0 0.92124787762739 0.0787521223726098 0
1 0 0 0.989793545044134 0.0102064549558663 0
1 0 0 0.51169254086815 0.48830745913185 0
0 1 1 0.154947008133443 0.845052991866557 1
1 0 0 0.960694477452278 0.039305522547722 0
0 1 1 0.145057393817212 0.854942606182788 1
0 1 1 0.365834369144568 0.634165630855432 1
1 0 0 0.5556535788523 0.4443464211477 0
0 1 1 0.0182048917268235 0.981795108273177 1
1 0 0 0.586234899260494 0.413765100739506 0
0 1 1 0.584564464607391 0.415435535392609 0
1 0 0 0.37281267027211 0.62718732972789 1
1 0 0 0.912960879548655 0.0870391204513446 0
0 1 1 0.262126563908034 0.737873436091966 1
0 1 1 0.228878898723647 0.771121101276353 1
1 0 0 0.619420317564574 0.380579682435426 0
0 1 1 0.00449767743515708 0.995502322564843 1
0 1 1 0.311428416396309 0.688571583603691 1
0 1 1 0.506427834645694 0.493572165354307 0
1 0 0 0.96182558246058 0.0381744175394205 0
1 0 0 0.464448220217167 0.535551779782833 1
0 1 1 0.105447421476579 0.894552578523421 1
0 1 1 0.00166192606273779 0.998338073937262 1
1 0 0 0.672491851683342 0.327508148316658 0
0 1 1 0.0971864463807984 0.902813553619202 1
1 0 0 0.593553619705584 0.406446380294416 0
0 1 1 0.0782888859881475 0.921711114011853 1
1 0 0 0.969755101980318 0.0302448980196818 0
0 1 1 0.346237657482525 0.653762342517475 1
0 1 1 0.18746558682708 0.81253441317292 1
0 1 1 0.481973578374791 0.518026421625209 1
0 1 1 0.224153994162551 0.775846005837449 1
1 0 0 0.878787175706616 0.121212824293384 0
0 1 1 0.0025339764597498 0.99746602354025 1
0 1 1 0.293342484099816 0.706657515900184 1
0 1 1 0.384016459121457 0.615983540878543 1
0 1 1 0.226737032261915 0.773262967738085 1
1 0 0 0.985444597429849 0.0145554025701511 0
0 1 1 0.136174959291733 0.863825040708267 1
0 1 1 0.0208042942369301 0.97919570576307 1
0 1 1 0.0271563068003109 0.972843693199689 1
0 1 1 0.160481739455696 0.839518260544304 1
1 0 0 0.973919395666244 0.0260806043337556 0
1 0 0 0.624530932036749 0.375469067963251 0
0 1 1 0.079736177909683 0.920263822090317 1
0 1 1 0.102316897267549 0.897683102732451 1
0 1 1 0.26608336911551 0.73391663088449 1
0 1 1 0.137556226989164 0.862443773010836 1
0 1 1 0.0079135016803481 0.992086498319652 1
1 0 0 0.517296911943074 0.482703088056926 0
1 0 0 0.819998956902219 0.180001043097781 0
1 0 0 0.9811469126718 0.0188530873282004 0
1 0 0 0.894503227945892 0.105496772054108 0
0 1 1 0.165743900968334 0.834256099031666 1
1 0 0 0.931481524163449 0.0685184758365511 0
1 0 0 0.997553900347734 0.00244609965226616 0
0 1 1 0.0270081420733294 0.972991857926671 1
1 0 0 0.938375622955737 0.0616243770442636 0
1 0 0 0.855913397965653 0.144086602034347 0
1 0 0 0.308416148142058 0.691583851857942 1
1 0 0 0.986309342534066 0.0136906574659343 0
0 1 1 0.447692802426669 0.552307197573331 1
1 0 0 0.979061839140944 0.0209381608590559 0
0 1 1 0.306994741798752 0.693005258201248 1
1 0 0 0.635098927743512 0.364901072256488 0
1 0 0 0.998533910128965 0.00146608987103542 0
0 1 1 0.00175525374047869 0.998244746259521 1
1 0 0 0.660253794309986 0.339746205690014 0
1 0 0 0.819792721427107 0.180207278572893 0
1 0 0 0.64824484783919 0.35175515216081 0
1 0 0 0.898744889986477 0.101255110013523 0
0 1 1 0.122568422939255 0.877431577060745 1
1 0 0 0.936975527071016 0.0630244729289838 0
1 0 0 0.587399480728518 0.412600519271482 0
1 0 0 0.497906108230715 0.502093891769285 1
0 1 1 0.0378113137968346 0.962188686203165 1
0 1 1 0.262917886890083 0.737082113109917 1
1 0 0 0.828360956668314 0.171639043331686 0
1 0 0 0.958181409652017 0.0418185903479827 0
1 0 0 0.998950461731384 0.00104953826861572 0
0 1 1 0.00758435165206619 0.992415648347934 1
0 1 1 0.0483963367890191 0.951603663210981 1
0 1 1 0.0677845870418689 0.932215412958131 1
1 0 0 0.938870188121466 0.0611298118785344 0
1 0 0 0.989033503245693 0.0109664967543069 0
1 0 0 0.959475878958775 0.0405241210412254 0
1 0 0 0.97762531313267 0.0223746868673301 0
0 1 1 0.0328724031341981 0.967127596865802 1
0 1 1 0.274187522868152 0.725812477131848 1
1 0 0 0.987718866858214 0.0122811331417857 0
0 1 1 0.128957459157247 0.871042540842753 1
0 1 1 0.00661649973892756 0.993383500261072 1
0 1 1 0.0543721734581172 0.945627826541883 1
1 0 0 0.713735759588346 0.286264240411654 0
1 0 0 0.934636264613926 0.0653637353860737 0
0 1 1 0.0927339550240716 0.907266044975928 1
1 0 0 0.996323745270265 0.00367625472973474 0
0 1 1 0.160939300995077 0.839060699004923 1
0 1 1 0.256820487781622 0.743179512218378 1
1 0 0 0.996778753640592 0.00322124635940772 0
1 0 0 0.733841561182758 0.266158438817242 0
1 0 0 0.682893165308362 0.317106834691638 0
1 0 0 0.688387876916338 0.311612123083662 0
0 1 1 0.0896411287737443 0.910358871226256 1
1 0 0 0.683910946756964 0.316089053243036 0
1 0 0 0.883510360711669 0.116489639288331 0
0 1 1 0.00183818000198646 0.998161819998014 1
0 1 1 0.510192498890432 0.489807501109568 0
0 1 1 0.0101849263305563 0.989815073669444 1
0 1 1 0.19849650326943 0.801503496730571 1
0 1 1 0.0181391675588385 0.981860832441162 1
1 0 0 0.409656460563581 0.590343539436419 1
0 1 1 0.262939170762131 0.737060829237869 1
1 0 0 0.996793573848252 0.00320642615174805 0
1 0 0 0.703965917964936 0.296034082035064 0
1 0 0 0.617435333005067 0.382564666994933 0
1 0 0 0.923231481533299 0.0767685184667007 0
0 1 1 0.00140761464586203 0.998592385354138 1
1 0 0 0.997778200367677 0.00222179963232331 0
0 1 1 0.0734702235839947 0.926529776416005 1
0 1 1 0.0358189537088473 0.964181046291153 1
1 0 0 0.982592432423892 0.0174075675761083 0
1 0 0 0.831458251746072 0.168541748253928 0
1 0 0 0.986804520980003 0.0131954790199969 0
0 1 1 0.596919835326569 0.403080164673431 0
0 1 1 0.441110426476664 0.558889573523336 1
0 1 1 0.0186921628286775 0.981307837171322 1
1 0 0 0.997057281427797 0.00294271857220312 0
1 0 0 0.907203303189226 0.0927966968107738 0
0 1 1 0.429654488561217 0.570345511438783 1
1 0 0 0.994054777511297 0.00594522248870314 0
1 0 0 0.978999549382313 0.0210004506176865 0
1 0 0 0.990869946289762 0.00913005371023792 0
0 1 1 0.482635634400022 0.517364365599978 1
1 0 0 0.635974571415521 0.364025428584479 0
1 0 0 0.947581352069398 0.0524186479306021 0
0 1 1 0.0414808530937726 0.958519146906227 1
1 0 0 0.884232741074617 0.115767258925382 0
1 0 0 0.703689163775205 0.296310836224795 0
0 1 1 0.130856448385228 0.869143551614772 1
1 0 0 0.90477548136813 0.0952245186318698 0
0 1 1 0.00591943259319968 0.9940805674068 1
0 1 1 0.00255507778880543 0.997444922211195 1
0 1 1 0.256563767613959 0.743436232386042 1
0 1 1 0.00103943541030097 0.998960564589699 1
1 0 0 0.99637438916278 0.00362561083722037 0
0 1 1 0.668920336840907 0.331079663159093 0
1 0 0 0.724134102950155 0.275865897049845 0
0 1 1 0.118080095208079 0.881919904791921 1
1 0 0 0.46153046470434 0.53846953529566 1
0 1 1 0.0477905803965496 0.95220941960345 1
0 1 1 0.11348124653499 0.88651875346501 1
0 1 1 0.109794133564234 0.890205866435766 1
1 0 0 0.489866814100338 0.510133185899662 1
0 1 1 0.061221305891354 0.938778694108646 1
1 0 0 0.966094502585387 0.0339054974146128 0
0 1 1 0.429055051064994 0.570944948935006 1
1 0 0 0.92027305547285 0.0797269445271505 0
0 1 1 0.248339921008659 0.751660078991341 1
1 0 0 0.981744499467266 0.0182555005327341 0
1 0 0 0.804914179399785 0.195085820600215 0
1 0 0 0.900708384076993 0.0992916159230069 0
1 0 0 0.81157717886492 0.18842282113508 0
0 1 1 0.370398151481881 0.629601848518119 1
1 0 0 0.897258091249998 0.102741908750002 0
1 0 0 0.991928912334439 0.00807108766556106 0
1 0 0 0.84353132428179 0.15646867571821 0
1 0 0 0.998962814602257 0.00103718539774333 0
0 1 1 0.017997179441833 0.982002820558167 1
0 1 1 0.132266201411483 0.867733798588517 1
0 1 1 0.00743046578131674 0.992569534218683 1
0 1 1 0.0339964895526705 0.966003510447329 1
0 1 1 0.371531183483322 0.628468816516678 1
0 1 1 0.0306671965992575 0.969332803400742 1
0 1 1 0.0346551214791619 0.965344878520838 1
0 1 1 0.0941598045921559 0.905840195407844 1
0 1 1 0.287113283731751 0.712886716268249 1
0 1 1 0.00360891509847654 0.996391084901524 1
0 1 1 0.179223510070038 0.820776489929962 1
1 0 0 0.871279862370281 0.128720137629719 0
1 0 0 0.985625265964314 0.0143747340356858 0
1 0 0 0.607868765957982 0.392131234042018 0
1 0 0 0.928921539845141 0.0710784601548585 0
0 1 1 0.0536867750428707 0.946313224957129 1
1 0 0 0.846894837429959 0.153105162570041 0
1 0 0 0.930589253358742 0.0694107466412579 0
0 1 1 0.120795859147659 0.879204140852341 1
1 0 0 0.9833976827767 0.0166023172232998 0
0 1 1 0.216282300339865 0.783717699660135 1
0 1 1 0.0631602414713397 0.93683975852866 1
0 1 1 0.0580300437726943 0.941969956227306 1
1 0 0 0.435075527866168 0.564924472133832 1
0 1 1 0.72559314176461 0.27440685823539 0
1 0 0 0.984304348094759 0.0156956519052413 0
0 1 1 0.101875394999084 0.898124605000916 1
1 0 0 0.764098721271901 0.235901278728099 0
0 1 1 0.0155991931941227 0.984400806805877 1
0 1 1 0.167488282096209 0.832511717903791 1
0 1 1 0.00174476429961514 0.998255235700385 1
1 0 0 0.898802456509628 0.101197543490372 0
0 1 1 0.00162839778791199 0.998371602212088 1
0 1 1 0.146961662171489 0.853038337828511 1
1 0 0 0.997081792062599 0.0029182079374012 0
0 1 1 0.0639633331681658 0.936036666831834 1
1 0 0 0.51438291843262 0.48561708156738 0
0 1 1 0.187717408469726 0.812282591530274 1
0 1 1 0.00104701740287066 0.998952982597129 1
0 1 1 0.101372284650999 0.898627715349001 1
0 1 1 0.0326084307302427 0.967391569269757 1
1 0 0 0.383656436190725 0.616343563809275 1
0 1 1 0.0137154469225641 0.986284553077436 1
0 1 1 0.00283269387676942 0.99716730612323 1
1 0 0 0.963391561330703 0.0366084386692969 0
1 0 0 0.874426220033632 0.125573779966368 0
1 0 0 0.965547214695484 0.0344527853045163 0
1 0 0 0.795929017115 0.204070982885 0
1 0 0 0.896808094762165 0.103191905237835 0
1 0 0 0.402890874163864 0.597109125836136 1
0 1 1 0.000743357199318744 0.999256642800681 1
0 1 1 0.941970530568686 0.0580294694313138 0
1 0 0 0.590411637772129 0.409588362227871 0
0 1 1 0.00134090041194207 0.998659099588058 1
0 1 1 0.0774543574074106 0.922545642592589 1
1 0 0 0.80538107304598 0.19461892695402 0
1 0 0 0.745676253659274 0.254323746340726 0
1 0 0 0.974546946004255 0.0254530539957452 0
0 1 1 0.032411554399926 0.967588445600074 1
1 0 0 0.996457625797396 0.00354237420260445 0
1 0 0 0.774347153338578 0.225652846661422 0
1 0 0 0.990725907909562 0.00927409209043801 0
1 0 0 0.698096705614291 0.301903294385709 0
1 0 0 0.98247125465149 0.0175287453485098 0
0 1 1 0.512612880631602 0.487387119368398 0
1 0 0 0.705138987437736 0.294861012562264 0
1 0 0 0.466456991039155 0.533543008960846 1
1 0 0 0.943688030617326 0.0563119693826743 0
0 1 1 0.00339841995742181 0.996601580042578 1
0 1 1 0.415112878619967 0.584887121380033 1
0 1 1 0.374899428229815 0.625100571770185 1
0 1 1 0.288189769910981 0.711810230089019 1
1 0 0 0.853526888691628 0.146473111308372 0
0 1 1 0.203867691095341 0.796132308904659 1
1 0 0 0.987564432819724 0.0124355671802761 0
0 1 1 0.17407499575885 0.82592500424115 1
0 1 1 0.0508496513455753 0.949150348654425 1
1 0 0 0.874323556010475 0.125676443989525 0
0 1 1 0.61803938313112 0.38196061686888 0
1 0 0 0.851784163683494 0.148215836316506 0
1 0 0 0.990103024301594 0.00989697569840583 0
1 0 0 0.992725240076593 0.00727475992340689 0
1 0 0 0.702652688867878 0.297347311132122 0
1 0 0 0.794255861215539 0.205744138784461 0
1 0 0 0.93675445235344 0.0632455476465602 0
1 0 0 0.518885322764094 0.481114677235906 0
0 1 1 0.0438456873833262 0.956154312616674 1
0 1 1 0.0431239886905535 0.956876011309446 1
0 1 1 0.142561936110857 0.857438063889143 1
1 0 0 0.764185786355094 0.235814213644906 0
1 0 0 0.999382123591016 0.000617876408983838 0
0 1 1 0.0596864400291946 0.940313559970805 1
0 1 1 0.0351164741370121 0.964883525862988 1
0 1 1 0.00161997393458657 0.998380026065413 1
0 1 1 0.660178755323568 0.339821244676432 0
0 1 1 0.00404353214937867 0.995956467850621 1
1 0 0 0.922114826605899 0.0778851733941008 0
0 1 1 0.0579133652354564 0.942086634764544 1
1 0 0 0.665857789663424 0.334142210336576 0
1 0 0 0.953163368770852 0.0468366312291482 0
0 1 1 0.0844339602696218 0.915566039730378 1
0 1 1 0.237918374072429 0.762081625927571 1
1 0 0 0.591360310957206 0.408639689042794 0
1 0 0 0.842133567602328 0.157866432397672 0
1 0 0 0.951729190397802 0.0482708096021978 0
1 0 0 0.926221326137474 0.0737786738625259 0
0 1 1 0.0273150674174421 0.972684932582558 1
1 0 0 0.996796314964443 0.00320368503555731 0
0 1 1 0.053232740278458 0.946767259721542 1
1 0 0 0.764464706497506 0.235535293502494 0
1 0 0 0.998143814784459 0.00185618521554116 0
0 1 1 0.249656686122433 0.750343313877567 1
1 0 0 0.971944886463157 0.0280551135368432 0
0 1 1 0.272807331761168 0.727192668238832 1
0 1 1 0.0920231647736736 0.907976835226326 1
1 0 0 0.99263767479944 0.00736232520056036 0
1 0 0 0.594417500117584 0.405582499882416 0
0 1 1 0.465136594163518 0.534863405836482 1
1 0 0 0.930487155600738 0.0695128443992625 0
1 0 0 0.433465527840654 0.566534472159346 1
0 1 1 0.0138983718242266 0.986101628175774 1
1 0 0 0.915367278105529 0.0846327218944713 0
1 0 0 0.895909553213677 0.104090446786323 0
1 0 0 0.942852773061958 0.0571472269380421 0
1 0 0 0.999350431836821 0.00064956816317894 0
1 0 0 0.594418042118016 0.405581957881984 0
0 1 1 0.149132427915564 0.850867572084436 1
1 0 0 0.952322172262419 0.0476778277375813 0
0 1 1 0.335330271255217 0.664669728744783 1
0 1 1 0.238233396450758 0.761766603549242 1
0 1 1 0.0116198960360009 0.988380103963999 1
1 0 0 0.83853134327923 0.16146865672077 0
0 1 1 0.507887226790949 0.492112773209051 0
0 1 1 0.00572990743037707 0.994270092569623 1
0 1 1 0.136042310674051 0.863957689325949 1
1 0 0 0.741703852895625 0.258296147104375 0
0 1 1 0.122689001867742 0.877310998132258 1
1 0 0 0.928525202523523 0.0714747974764765 0
1 0 0 0.999341943923856 0.000658056076143894 0
1 0 0 0.950644951555664 0.0493550484443363 0
1 0 0 0.984823164908988 0.0151768350910121 0
0 1 1 0.628829289018998 0.371170710981002 0
1 0 0 0.971632588540728 0.0283674114592721 0
1 0 0 0.985344754381435 0.0146552456185646 0
1 0 0 0.495088172742135 0.504911827257865 1
0 1 1 0.10867659855991 0.89132340144009 1
1 0 0 0.626864747326875 0.373135252673125 0
1 0 0 0.978826524767198 0.0211734752328024 0
1 0 0 0.645196249314127 0.354803750685873 0
0 1 1 0.0073575995180733 0.992642400481927 1
0 1 1 0.0811423699596581 0.918857630040342 1
1 0 0 0.54611587491327 0.45388412508673 0
0 1 1 0.0985183261577671 0.901481673842233 1
0 1 1 0.331940577878409 0.668059422121591 1
0 1 1 0.0548769563020028 0.945123043697997 1
1 0 0 0.887539999599132 0.112460000400868 0
1 0 0 0.824016881572588 0.175983118427412 0
1 0 0 0.870411711816481 0.12958828818352 0
0 1 1 0.441828802574686 0.558171197425314 1
0 1 1 0.20042072982024 0.79957927017976 1
0 1 1 0.0150070023500997 0.9849929976499 1
0 1 1 0.0381481076114638 0.961851892388536 1
0 1 1 0.0467368881134392 0.953263111886561 1
1 0 0 0.912565050602309 0.0874349493976911 0
1 0 0 0.971365785150145 0.0286342148498554 0
0 1 1 0.0138789303072034 0.986121069692797 1
1 0 0 0.808182435822786 0.191817564177214 0
0 1 1 0.307907402220727 0.692092597779273 1
0 1 1 0.00550192332704437 0.994498076672956 1
1 0 0 0.978694018920162 0.0213059810798383 0
0 1 1 0.0677916644931658 0.932208335506834 1
0 1 1 0.163195406312968 0.836804593687032 1
0 1 1 0.0184121465651314 0.981587853434869 1
0 1 1 0.0936363824794902 0.90636361752051 1
0 1 1 0.0262127829355377 0.973787217064462 1
0 1 1 0.112061433852559 0.887938566147441 1
1 0 0 0.864123665756652 0.135876334243348 0
1 0 0 0.291431563697975 0.708568436302025 1
0 1 1 0.449346140463434 0.550653859536566 1
1 0 0 0.963774864952786 0.0362251350472144 0
1 0 0 0.71455138590281 0.28544861409719 0
1 0 0 0.872898667210239 0.127101332789761 0
1 0 0 0.791122756571276 0.208877243428724 0
0 1 1 0.0468956427897249 0.953104357210275 1
0 1 1 0.362609505567644 0.637390494432357 1
0 1 1 0.218659810594224 0.781340189405776 1
0 1 1 0.091934120763286 0.908065879236714 1
0 1 1 0.102739389522285 0.897260610477715 1
1 0 0 0.745618635945246 0.254381364054754 0
1 0 0 0.658480599655033 0.341519400344966 0
0 1 1 0.0403279150280614 0.959672084971939 1
1 0 0 0.800726819621128 0.199273180378872 0
1 0 0 0.991921206732124 0.00807879326787587 0
0 1 1 0.0713974433859437 0.928602556614056 1
0 1 1 0.413081399508612 0.586918600491388 1
0 1 1 0.0658471890699728 0.934152810930027 1
0 1 1 0.0764772147744431 0.923522785225557 1
0 1 1 0.00183056871449008 0.99816943128551 1
0 1 1 0.148886365098057 0.851113634901943 1
0 1 1 0.0340281578418684 0.965971842158132 1
0 1 1 0.177825930272926 0.822174069727074 1
1 0 0 0.938509942078933 0.0614900579210666 0
1 0 0 0.473960049752037 0.526039950247963 1
0 1 1 0.146722863990615 0.853277136009385 1
0 1 1 0.0199625572086687 0.980037442791331 1
1 0 0 0.803660397926557 0.196339602073443 0
1 0 0 0.778995414430488 0.221004585569512 0
1 0 0 0.974801914065088 0.0251980859349123 0
1 0 0 0.997729555243098 0.00227044475690212 0
0 1 1 0.00918784103854571 0.990812158961454 1
0 1 1 0.286847410145569 0.713152589854431 1
1 0 0 0.991439295284569 0.00856070471543101 0
0 1 1 0.0310899871606096 0.96891001283939 1
0 1 1 0.179941760608633 0.820058239391367 1
0 1 1 0.290921725631294 0.709078274368706 1
0 1 1 0.278530299121304 0.721469700878696 1
1 0 0 0.617039397364849 0.382960602635151 0
0 1 1 0.408238171358109 0.591761828641891 1
0 1 1 0.0152528320061934 0.984747167993807 1
0 1 1 0.389976178131138 0.610023821868862 1
0 1 1 0.39789047076472 0.60210952923528 1
0 1 1 0.534398883457592 0.465601116542408 0
0 1 1 0.230018449705915 0.769981550294085 1
0 1 1 0.112007646383026 0.887992353616974 1
1 0 0 0.932559230975429 0.0674407690245713 0
1 0 0 0.969244890643494 0.0307551093565062 0
1 0 0 0.99522880101895 0.00477119898104971 0
0 1 1 0.327681552197751 0.672318447802249 1
0 1 1 0.00995504220270904 0.990044957797291 1
0 1 1 0.00214242680279981 0.9978575731972 1
0 1 1 0.0147323355145892 0.985267664485411 1
0 1 1 0.00109656595046797 0.998903434049532 1
0 1 1 0.111713494627089 0.888286505372911 1
0 1 1 0.203026233643333 0.796973766356667 1
1 0 0 0.936340151425766 0.0636598485742336 0
0 1 1 0.225407869730457 0.774592130269543 1
1 0 0 0.835967961272909 0.164032038727091 0
1 0 0 0.967077324870752 0.0329226751292477 0
0 1 1 0.283308027179655 0.716691972820345 1
0 1 1 0.00470787518248021 0.99529212481752 1
1 0 0 0.779625815505426 0.220374184494574 0
1 0 0 0.580059311519899 0.419940688480101 0
1 0 0 0.975422121902497 0.0245778780975027 0
1 0 0 0.977326197158529 0.022673802841471 0
1 0 0 0.587552700424257 0.412447299575743 0
1 0 0 0.705974475114511 0.29402552488549 0
1 0 0 0.99897188689231 0.00102811310769026 0
1 0 0 0.842961507272722 0.157038492727278 0
1 0 0 0.998927951268454 0.00107204873154603 0
1 0 0 0.624277425766611 0.375722574233389 0
1 0 0 0.996034457029713 0.00396554297028664 0
1 0 0 0.82783152280162 0.17216847719838 0
1 0 0 0.781224169059377 0.218775830940623 0
0 1 1 0.438023656747821 0.561976343252179 1
1 0 0 0.726382441893156 0.273617558106844 0
0 1 1 0.650159432194908 0.349840567805092 0
1 0 0 0.42905618033587 0.57094381966413 1
1 0 0 0.550679933983061 0.449320066016939 0
0 1 1 0.325403979863141 0.674596020136859 1
0 1 1 0.151448952447352 0.848551047552648 1
1 0 0 0.575770596372694 0.424229403627306 0
1 0 0 0.255419406982885 0.744580593017115 1
0 1 1 0.351751284722286 0.648248715277714 1
1 0 0 0.540993813420761 0.459006186579239 0
1 0 0 0.361124488269039 0.638875511730961 1
1 0 0 0.182549591016478 0.817450408983522 1
0 1 1 0.817178050783731 0.18282194921627 0
1 0 0 0.66345174595237 0.33654825404763 0
0 1 1 0.808352139586184 0.191647860413816 0
1 0 0 0.221013999524078 0.778986000475922 1
1 0 0 0.565293395251691 0.434706604748309 0
1 0 0 0.450340714648319 0.549659285351681 1
0 1 1 0.309917522428189 0.690082477571811 1
1 0 0 0.486170032781454 0.513829967218546 1
1 0 0 0.515236621521844 0.484763378478156 0
0 1 1 0.907974184537772 0.0920258154622282 0
0 1 1 0.692453453709858 0.307546546290142 0
1 0 0 0.435599248765581 0.564400751234419 1
1 0 0 0.63480903248748 0.36519096751252 0
0 1 1 0.716285790174094 0.283714209825906 0
1 0 0 0.433934775072439 0.566065224927561 1
1 0 0 0.176254032874755 0.823745967125245 1
0 1 1 0.50273588937815 0.497264110621851 0
0 1 1 0.284897221551957 0.715102778448043 1
1 0 0 0.253496815950158 0.746503184049842 1
1 0 0 0.514455367778682 0.485544632221318 0
1 0 0 0.534085299148686 0.465914700851314 0
0 1 1 0.751153247998653 0.248846752001347 0
1 0 0 0.269501371843464 0.730498628156536 1
0 1 1 0.772120636600567 0.227879363399433 0
0 1 1 0.614341068414738 0.385658931585262 0
0 1 1 0.734057479440755 0.265942520559245 0
0 1 1 0.410849637990754 0.589150362009246 1
1 0 0 0.324782029453231 0.675217970546769 1
1 0 0 0.193413107578292 0.806586892421708 1
0 1 1 0.651940269418218 0.348059730581782 0
1 0 0 0.358925994086931 0.641074005913069 1
1 0 0 0.193668770315591 0.806331229684409 1
1 0 0 0.35416638483765 0.64583361516235 1
1 0 0 0.461531710020842 0.538468289979158 1
0 1 1 0.573365853619519 0.426634146380481 0
1 0 0 0.174230859789637 0.825769140210363 1
0 1 1 0.72938233530297 0.27061766469703 0
0 1 1 0.408366661513327 0.591633338486673 1
0 1 1 0.82286874279515 0.17713125720485 0
0 1 1 0.353045955163627 0.646954044836373 1
1 0 0 0.503240275427273 0.496759724572727 0
0 1 1 0.659003840854703 0.340996159145298 0
0 1 1 0.293181101215792 0.706818898784208 1
1 0 0 0.417845248994587 0.582154751005413 1
1 0 0 0.815839428347694 0.184160571652307 0
0 1 1 0.44170236823589 0.55829763176411 1
0 1 1 0.595569565242686 0.404430434757314 0
1 0 0 0.570767375528622 0.429232624471378 0
