0.354948 0.102456 0.646273 0.619171 0.256423 1.000000 0.000000 (0 , 0)  Correct
0.005684 0.743726 0.030113 0.915381 0.344537 1.000000 0.000000 (0 , 0)  Correct
0.968821 0.988042 0.496454 0.023124 0.441815 0.000000 1.000000 (1 , 1)  Correct
0.200126 0.806672 0.968835 0.261469 0.320716 1.000000 0.000000 (0 , 0)  Correct
0.636911 0.952411 0.279028 0.400346 0.179688 0.000000 1.000000 (1 , 1)  Correct
0.818477 0.398400 0.904400 0.391737 0.508092 0.000000 1.000000 (1 , 1)  Correct
0.113044 0.679671 0.297517 0.505131 0.094686 1.000000 0.000000 (0 , 0)  Correct
0.157749 0.709071 0.563558 0.100502 0.091396 0.000000 1.000000 (1 , 1)  Correct
0.388978 0.108943 0.409800 0.620721 0.028857 0.000000 1.000000 (0 , 1)  Wrong  
0.830171 0.843128 0.281544 0.101138 0.134070 0.000000 1.000000 (1 , 1)  Correct
0.030812 0.512907 0.193988 0.389567 0.096876 0.000000 1.000000 (1 , 1)  Correct
0.092262 0.158099 0.764755 0.657606 0.173463 0.000000 1.000000 (0 , 1)  Wrong  
0.690870 0.342956 0.767888 0.476605 0.836220 0.000000 1.000000 (1 , 1)  Correct
0.405074 0.768444 0.086908 0.041179 0.092899 0.000000 1.000000 (1 , 1)  Correct
0.976712 0.200332 0.706257 0.862397 0.616424 1.000000 0.000000 (0 , 0)  Correct
0.877672 0.198814 0.058727 0.734240 0.336578 0.000000 1.000000 (0 , 1)  Wrong  
0.054970 0.542601 0.365470 0.813052 1.023417 1.000000 0.000000 (0 , 0)  Correct
0.529979 0.421097 0.580015 0.553022 0.825040 0.000000 1.000000 (1 , 1)  Correct
0.615801 0.984865 0.372558 0.823758 0.346625 1.000000 0.000000 (0 , 0)  Correct
0.298938 0.759634 0.079517 0.111172 0.142890 0.000000 1.000000 (1 , 1)  Correct
0.622333 0.305073 0.394142 0.082841 0.144150 0.000000 1.000000 (1 , 1)  Correct
0.352585 0.398969 0.109237 0.296006 0.556729 1.000000 0.000000 (1 , 0)  Wrong  
0.342879 0.512806 0.021168 0.253192 0.554214 0.000000 1.000000 (1 , 1)  Correct
0.132854 0.478514 0.388403 0.679337 0.688485 1.000000 0.000000 (0 , 0)  Correct
0.033972 0.590913 0.654052 0.617963 0.674319 1.000000 0.000000 (0 , 0)  Correct
0.979613 0.008502 0.917801 0.034752 0.596593 0.000000 1.000000 (1 , 1)  Correct
0.812532 0.769381 0.113033 0.887386 0.419578 1.000000 0.000000 (0 , 0)  Correct
0.962441 0.091610 0.754489 0.383200 0.205465 0.000000 1.000000 (1 , 1)  Correct
0.439830 0.440797 0.976826 0.213606 0.076798 0.000000 1.000000 (1 , 1)  Correct
0.916672 0.184614 0.804645 0.238781 0.500096 0.000000 1.000000 (1 , 1)  Correct
0.647543 0.076794 0.226726 0.210398 0.083365 0.000000 1.000000 (1 , 1)  Correct
0.063255 0.384460 0.595551 0.976610 0.905633 1.000000 0.000000 (0 , 0)  Correct
0.028260 0.754841 0.212672 0.024637 0.292481 0.000000 1.000000 (1 , 1)  Correct
0.751634 0.973126 0.450556 0.494616 0.319763 0.000000 1.000000 (1 , 1)  Correct
0.242066 0.154769 0.450290 0.756401 0.908731 1.000000 0.000000 (0 , 0)  Correct
0.313613 0.705647 0.423256 0.591167 0.162710 1.000000 0.000000 (0 , 0)  Correct
0.642482 0.134391 0.458160 0.774587 0.866920 1.000000 0.000000 (0 , 0)  Correct
0.360900 0.575680 0.227082 0.730392 0.564660 1.000000 0.000000 (0 , 0)  Correct
0.165545 0.243600 0.729971 0.724906 0.886431 0.000000 1.000000 (1 , 1)  Correct
0.446586 0.042979 0.310433 0.117072 0.026781 0.000000 1.000000 (1 , 1)  Correct
0.710697 0.786323 0.801976 0.277137 0.451919 1.000000 0.000000 (0 , 0)  Correct
0.068418 0.957164 0.230366 0.252971 0.015245 0.000000 1.000000 (1 , 1)  Correct
0.549739 0.289696 0.324053 0.908509 0.628947 1.000000 0.000000 (0 , 0)  Correct
0.970690 0.662154 0.582770 0.396495 0.496535 1.000000 0.000000 (0 , 0)  Correct
0.865461 0.489842 0.423235 0.270101 0.105098 0.000000 1.000000 (1 , 1)  Correct
0.221747 0.015633 0.985742 0.597544 0.465742 1.000000 0.000000 (0 , 0)  Correct
0.926038 0.193629 0.697217 0.933114 0.590884 1.000000 0.000000 (0 , 0)  Correct
0.514305 0.307938 0.043315 0.229430 0.298523 0.000000 1.000000 (1 , 1)  Correct
0.901021 0.625774 0.609917 0.561910 0.004087 1.000000 0.000000 (0 , 0)  Correct
0.238981 0.314729 0.156748 0.189746 0.199545 0.000000 1.000000 (1 , 1)  Correct
0.703493 0.120680 0.171274 0.810676 0.779621 1.000000 0.000000 (0 , 0)  Correct
0.593771 0.967830 0.766212 0.192054 0.434636 0.000000 1.000000 (1 , 1)  Correct
0.208250 0.268366 0.212810 0.490599 0.352169 0.000000 1.000000 (1 , 1)  Correct
0.947369 0.378604 0.363359 0.820263 0.390525 1.000000 0.000000 (0 , 0)  Correct
0.579615 0.873886 0.010523 0.804429 0.119669 1.000000 0.000000 (0 , 0)  Correct
0.640620 0.198242 0.810216 0.267588 0.103940 0.000000 1.000000 (1 , 1)  Correct
0.207071 0.339584 0.357143 0.695287 0.054919 0.000000 1.000000 (1 , 1)  Correct
0.397530 0.549344 0.750118 0.931941 0.379410 1.000000 0.000000 (0 , 0)  Correct
0.732658 0.329589 0.293790 0.606624 0.841204 0.000000 1.000000 (1 , 1)  Correct
0.633863 0.013163 0.246367 0.289656 0.088373 1.000000 0.000000 (1 , 0)  Wrong  
0.338177 0.825905 0.456404 0.200166 0.178517 0.000000 1.000000 (1 , 1)  Correct
0.360681 0.406887 0.493761 0.719396 0.854527 1.000000 0.000000 (0 , 0)  Correct
0.895495 0.935480 0.524875 0.828763 0.678546 1.000000 0.000000 (0 , 0)  Correct
0.515826 0.335337 0.542596 0.198144 0.410263 0.000000 1.000000 (1 , 1)  Correct
0.121356 0.057621 0.451556 0.810981 0.997579 1.000000 0.000000 (0 , 0)  Correct
0.299720 0.751449 0.013095 0.041124 0.143464 0.000000 1.000000 (1 , 1)  Correct
0.973241 0.271146 0.227928 0.804333 1.002812 0.000000 1.000000 (0 , 1)  Wrong  
0.748751 0.009930 0.676282 0.107559 0.695128 0.000000 1.000000 (1 , 1)  Correct
0.362990 0.050628 0.766604 0.824018 0.921914 1.000000 0.000000 (0 , 0)  Correct
0.070354 0.148441 0.233994 0.144110 0.757511 1.000000 0.000000 (1 , 0)  Wrong  
0.632470 0.671119 0.786371 0.704039 0.816913 1.000000 0.000000 (0 , 0)  Correct
0.667181 0.380705 0.035404 0.187891 0.698723 0.000000 1.000000 (1 , 1)  Correct
0.410684 0.910729 0.457703 0.047586 0.626939 0.000000 1.000000 (1 , 1)  Correct
0.641863 0.035896 0.593086 0.200935 0.016051 0.000000 1.000000 (1 , 1)  Correct
0.449296 0.910422 0.070341 0.963541 0.637751 1.000000 0.000000 (0 , 0)  Correct
0.978996 0.428695 0.891283 0.357969 0.581428 0.000000 1.000000 (1 , 1)  Correct
0.448874 0.300428 0.117735 0.136004 0.285535 0.000000 1.000000 (1 , 1)  Correct
0.373532 0.394387 0.600825 0.659391 0.996014 0.000000 1.000000 (0 , 1)  Wrong  
0.538431 0.952615 0.381198 0.023687 0.009824 0.000000 1.000000 (1 , 1)  Correct
0.392176 0.473371 0.598885 0.791320 0.713559 1.000000 0.000000 (0 , 0)  Correct
0.430797 0.968228 0.386281 0.236081 0.291660 0.000000 1.000000 (1 , 1)  Correct
0.714367 0.979452 0.457270 0.404584 0.866175 0.000000 1.000000 (1 , 1)  Correct
0.440383 0.760343 0.832967 0.383245 0.206380 1.000000 0.000000 (0 , 0)  Correct
0.389237 0.436315 0.329437 0.234533 0.305499 0.000000 1.000000 (1 , 1)  Correct
0.819059 0.340428 0.145645 0.946106 0.233905 1.000000 0.000000 (0 , 0)  Correct
0.651804 0.116513 0.054065 0.733548 0.680289 1.000000 0.000000 (0 , 0)  Correct
0.902745 0.168381 0.503475 0.964143 1.174151 1.000000 0.000000 (0 , 0)  Correct
0.228879 0.667394 0.941114 0.138114 0.707835 0.000000 1.000000 (1 , 1)  Correct
0.066772 0.175417 0.232953 0.587328 0.671545 0.000000 1.000000 (1 , 1)  Correct
0.128208 0.058299 0.062725 0.142351 0.657245 0.000000 1.000000 (1 , 1)  Correct
0.792440 0.819183 0.315203 0.789199 0.156520 1.000000 0.000000 (0 , 0)  Correct
0.924217 0.333432 0.279003 0.599848 0.710730 0.000000 1.000000 (1 , 1)  Correct
0.733797 0.280475 0.161991 0.787941 0.333679 0.000000 1.000000 (0 , 1)  Wrong  
0.734247 0.904769 0.660990 0.925707 0.758394 1.000000 0.000000 (0 , 0)  Correct
0.420640 0.160930 0.174602 0.972354 0.811862 1.000000 0.000000 (0 , 0)  Correct
0.872231 0.369378 0.323755 0.120654 0.149628 0.000000 1.000000 (1 , 1)  Correct
0.428717 0.291068 0.427604 0.379570 0.248521 0.000000 1.000000 (1 , 1)  Correct
0.157460 0.085532 0.010136 0.589086 0.298486 1.000000 0.000000 (0 , 0)  Correct
0.011388 0.508071 0.133476 0.021413 0.130271 0.000000 1.000000 (1 , 1)  Correct
0.577467 0.991981 0.871957 0.172952 0.753717 0.000000 1.000000 (1 , 1)  Correct
0.894714 0.512645 0.214730 0.606256 0.725938 1.000000 0.000000 (0 , 0)  Correct
0.551875 0.404769 0.642220 0.073318 0.561931 0.000000 1.000000 (1 , 1)  Correct
0.355067 0.164377 0.745151 0.453272 0.562610 0.000000 1.000000 (1 , 1)  Correct
0.371503 0.775961 0.869331 0.581514 0.522368 1.000000 0.000000 (0 , 0)  Correct
0.650728 0.824933 0.902623 0.645935 0.486184 1.000000 0.000000 (0 , 0)  Correct
0.175011 0.648659 0.764316 0.791710 0.870095 1.000000 0.000000 (0 , 0)  Correct
0.523139 0.608484 0.985975 0.721657 0.125083 1.000000 0.000000 (0 , 0)  Correct
0.577627 0.292682 0.152816 0.716830 0.337240 0.000000 1.000000 (1 , 1)  Correct
0.136438 0.648738 0.541770 0.444430 0.222263 1.000000 0.000000 (0 , 0)  Correct
0.191924 0.755293 0.090994 0.479649 0.017039 1.000000 0.000000 (0 , 0)  Correct
0.276786 0.741940 0.803777 0.457357 0.820756 1.000000 0.000000 (0 , 0)  Correct
0.250317 0.311323 0.680576 0.500965 0.925866 0.000000 1.000000 (1 , 1)  Correct
0.969143 0.975237 0.208930 0.861931 0.527848 1.000000 0.000000 (0 , 0)  Correct
0.209880 0.547103 0.594354 0.856715 0.804497 1.000000 0.000000 (0 , 0)  Correct
0.152692 0.199754 0.905042 0.020959 0.705237 0.000000 1.000000 (1 , 1)  Correct
0.239713 0.562548 0.717216 0.225915 0.460266 0.000000 1.000000 (1 , 1)  Correct
0.224799 0.457781 0.643063 0.131979 0.118049 0.000000 1.000000 (1 , 1)  Correct
0.428353 0.025782 0.545134 0.101288 0.131438 0.000000 1.000000 (1 , 1)  Correct
0.496268 0.723439 0.634537 0.368079 0.090439 1.000000 0.000000 (0 , 0)  Correct
0.067919 0.064682 0.813082 0.184472 0.180562 0.000000 1.000000 (1 , 1)  Correct
0.674078 0.566185 0.969332 0.632952 0.864485 1.000000 0.000000 (0 , 0)  Correct
0.957124 0.229703 0.233246 0.137661 0.063872 0.000000 1.000000 (1 , 1)  Correct
0.529709 0.596562 0.064110 0.227103 0.218706 0.000000 1.000000 (1 , 1)  Correct
0.093245 0.012378 0.622921 0.113580 0.115987 0.000000 1.000000 (1 , 1)  Correct
0.750874 0.803530 0.624696 0.972049 0.902249 1.000000 0.000000 (0 , 0)  Correct
0.474176 0.653844 0.243268 0.735645 0.382185 1.000000 0.000000 (0 , 0)  Correct
0.972554 0.142792 0.336033 0.589414 0.015736 0.000000 1.000000 (1 , 1)  Correct
0.820534 0.227794 0.687261 0.450196 0.922621 0.000000 1.000000 (1 , 1)  Correct
0.917638 0.985457 0.335976 0.381773 0.023864 0.000000 1.000000 (1 , 1)  Correct
0.776280 0.232210 0.829007 0.422681 0.218705 0.000000 1.000000 (1 , 1)  Correct
0.410335 0.286442 0.906610 0.512132 0.506318 0.000000 1.000000 (1 , 1)  Correct
0.779557 0.174262 0.678849 0.399648 0.460463 0.000000 1.000000 (1 , 1)  Correct
0.573663 0.581965 0.762430 0.428918 0.140966 1.000000 0.000000 (0 , 0)  Correct
0.430541 0.882750 0.447111 0.208448 0.640095 0.000000 1.000000 (1 , 1)  Correct
0.598937 0.175522 0.115149 0.233346 0.410645 0.000000 1.000000 (1 , 1)  Correct
0.836764 0.532457 0.078342 0.816495 0.609642 1.000000 0.000000 (0 , 0)  Correct
0.681206 0.121709 0.758477 0.036051 0.031694 0.000000 1.000000 (1 , 1)  Correct
0.384334 0.614788 0.935340 0.121976 0.442364 0.000000 1.000000 (1 , 1)  Correct
0.226266 0.867280 0.251229 0.599848 0.118761 1.000000 0.000000 (0 , 0)  Correct
0.544156 0.339077 0.927229 0.897885 0.897408 1.000000 0.000000 (0 , 0)  Correct
0.211876 0.658794 0.783012 0.815498 0.831821 1.000000 0.000000 (0 , 0)  Correct
0.888229 0.198935 0.414013 0.561248 0.978880 0.000000 1.000000 (1 , 1)  Correct
0.894944 0.076252 0.810098 0.807367 0.713503 1.000000 0.000000 (0 , 0)  Correct
0.931322 0.688006 0.313913 0.689419 0.575297 1.000000 0.000000 (0 , 0)  Correct
0.366270 0.302074 0.752939 0.715828 0.096890 0.000000 1.000000 (1 , 1)  Correct
0.606459 0.399518 0.752792 0.455319 0.372598 0.000000 1.000000 (1 , 1)  Correct
0.527913 0.984811 0.744332 0.453307 0.241014 0.000000 1.000000 (1 , 1)  Correct
0.949162 0.993992 0.094233 0.403503 0.236766 0.000000 1.000000 (1 , 1)  Correct
0.691427 0.806950 0.961738 0.980835 0.632195 1.000000 0.000000 (0 , 0)  Correct
0.228965 0.769497 0.838232 0.238915 0.169826 1.000000 0.000000 (0 , 0)  Correct
0.170778 0.116208 0.197375 0.901978 0.604939 1.000000 0.000000 (0 , 0)  Correct
0.537595 0.818815 0.017567 0.550215 0.030313 1.000000 0.000000 (0 , 0)  Correct
0.467338 0.229663 0.857974 0.421027 0.059707 0.000000 1.000000 (1 , 1)  Correct
0.290997 0.007892 0.986478 0.639552 0.250202 1.000000 0.000000 (0 , 0)  Correct
0.769731 0.270124 0.440751 0.962328 0.645542 1.000000 0.000000 (0 , 0)  Correct
0.770157 0.259962 0.092634 0.880659 0.393416 1.000000 0.000000 (0 , 0)  Correct
0.341317 0.644094 0.841201 0.997606 0.596729 1.000000 0.000000 (0 , 0)  Correct
0.275188 0.879700 0.231969 0.277138 0.089167 0.000000 1.000000 (1 , 1)  Correct
0.137031 0.520715 0.564236 0.878185 0.317858 1.000000 0.000000 (0 , 0)  Correct
0.234327 0.901797 0.463686 0.142826 0.276174 0.000000 1.000000 (1 , 1)  Correct
0.103156 0.921061 0.033591 0.718955 0.335315 1.000000 0.000000 (0 , 0)  Correct
0.996179 0.698319 0.824006 0.076088 0.640785 0.000000 1.000000 (1 , 1)  Correct
0.735780 0.277159 0.179317 0.630983 0.126136 0.000000 1.000000 (1 , 1)  Correct
0.437165 0.329233 0.592922 0.649954 0.644719 0.000000 1.000000 (1 , 1)  Correct
0.129332 0.570113 0.672365 0.849622 1.054933 1.000000 0.000000 (0 , 0)  Correct
0.669244 0.370471 0.564562 0.489929 0.717998 0.000000 1.000000 (1 , 1)  Correct
0.280643 0.406702 0.202357 0.555004 0.730013 0.000000 1.000000 (1 , 1)  Correct
0.060516 0.203905 0.594801 0.661389 0.572279 0.000000 1.000000 (1 , 1)  Correct
0.637492 0.643831 0.332752 0.431802 0.878562 1.000000 0.000000 (0 , 0)  Correct
0.116084 0.003620 0.253507 0.538412 0.512819 1.000000 0.000000 (0 , 0)  Correct
0.216456 0.420207 0.191342 0.265106 0.070569 0.000000 1.000000 (1 , 1)  Correct
0.874233 0.902840 0.891859 0.575938 0.226642 1.000000 0.000000 (0 , 0)  Correct
0.833733 0.704621 0.912458 0.119325 0.282801 0.000000 1.000000 (1 , 1)  Correct
0.705036 0.075900 0.590330 0.657119 0.285276 1.000000 0.000000 (0 , 0)  Correct
0.837698 0.720199 0.866995 0.896959 0.344624 1.000000 0.000000 (0 , 0)  Correct
0.463444 0.719631 0.213278 0.937737 0.561318 1.000000 0.000000 (0 , 0)  Correct
0.764400 0.854013 0.334713 0.324138 0.231796 1.000000 0.000000 (1 , 0)  Wrong  
0.869424 0.168531 0.791746 0.359575 0.719612 0.000000 1.000000 (1 , 1)  Correct
0.049977 0.911412 0.514976 0.659784 1.018883 1.000000 0.000000 (0 , 0)  Correct
0.736883 0.628106 0.883464 0.254603 0.549501 1.000000 0.000000 (1 , 0)  Wrong  
0.101976 0.824458 0.490824 0.675291 0.767306 1.000000 0.000000 (0 , 0)  Correct
0.984329 0.260744 0.551439 0.711857 0.414269 0.000000 1.000000 (1 , 1)  Correct
0.962215 0.173837 0.158796 0.701581 0.371190 0.000000 1.000000 (0 , 1)  Wrong  
0.812699 0.608505 0.166248 0.628898 0.270022 1.000000 0.000000 (0 , 0)  Correct
0.178816 0.133623 0.498845 0.790420 0.291166 1.000000 0.000000 (0 , 0)  Correct
0.845663 0.587202 0.432277 0.619703 0.491879 1.000000 0.000000 (0 , 0)  Correct
0.802700 0.698267 0.307388 0.286867 0.711016 1.000000 0.000000 (0 , 0)  Correct
0.516871 0.536144 0.240117 0.200887 0.772390 0.000000 1.000000 (1 , 1)  Correct
0.799850 0.301190 0.042614 0.359731 0.517319 0.000000 1.000000 (1 , 1)  Correct
0.280417 0.057921 0.622656 0.928118 0.196832 1.000000 0.000000 (0 , 0)  Correct
0.765163 0.184348 0.028491 0.286909 0.218102 0.000000 1.000000 (1 , 1)  Correct
0.765382 0.632596 0.013420 0.404596 0.894546 1.000000 0.000000 (0 , 0)  Correct
0.395251 0.128153 0.795657 0.542485 0.581494 0.000000 1.000000 (1 , 1)  Correct
0.513941 0.240696 0.430516 0.333489 0.198223 0.000000 1.000000 (1 , 1)  Correct
0.847248 0.401119 0.712668 0.982459 1.141967 1.000000 0.000000 (0 , 0)  Correct
0.352455 0.479356 0.706647 0.036174 0.023957 0.000000 1.000000 (1 , 1)  Correct
0.669756 0.038611 0.098271 0.675984 0.676298 1.000000 0.000000 (0 , 0)  Correct
0.899678 0.906016 0.741982 0.108191 0.279469 0.000000 1.000000 (1 , 1)  Correct
0.655407 0.810067 0.187119 0.178989 0.536689 0.000000 1.000000 (1 , 1)  Correct
0.424503 0.594015 0.171756 0.134750 0.273623 0.000000 1.000000 (1 , 1)  Correct
0.335465 0.484072 0.629655 0.297054 0.130000 0.000000 1.000000 (1 , 1)  Correct
0.231845 0.134491 0.574369 0.637697 0.060846 0.000000 1.000000 (0 , 1)  Wrong  
0.481794 0.250666 0.890791 0.634423 0.188544 0.000000 1.000000 (1 , 1)  Correct
0.516501 0.568932 0.252073 0.675793 0.435264 1.000000 0.000000 (0 , 0)  Correct
0.813818 0.410242 0.217745 0.476026 0.386639 0.000000 1.000000 (1 , 1)  Correct
0.529312 0.986774 0.236893 0.770189 0.867690 1.000000 0.000000 (0 , 0)  Correct
0.679629 0.688429 0.347181 0.799376 1.067513 1.000000 0.000000 (0 , 0)  Correct
0.824585 0.772408 0.584185 0.076973 0.083026 0.000000 1.000000 (1 , 1)  Correct
0.850406 0.786326 0.248299 0.463229 0.660027 1.000000 0.000000 (0 , 0)  Correct
0.651813 0.735980 0.186539 0.978664 0.872280 1.000000 0.000000 (0 , 0)  Correct
0.288098 0.025456 0.583533 0.869881 0.378433 1.000000 0.000000 (0 , 0)  Correct
0.400110 0.612353 0.764289 0.516519 0.019278 1.000000 0.000000 (0 , 0)  Correct
0.572595 0.196827 0.143534 0.647965 0.882535 0.000000 1.000000 (1 , 1)  Correct
0.601869 0.662609 0.743796 0.335545 0.118751 1.000000 0.000000 (0 , 0)  Correct
0.319342 0.973474 0.738728 0.152632 0.491644 0.000000 1.000000 (1 , 1)  Correct
0.658754 0.362462 0.806371 0.064076 0.212481 0.000000 1.000000 (1 , 1)  Correct
0.454574 0.495838 0.005841 0.829998 0.658597 1.000000 0.000000 (0 , 0)  Correct
0.993118 0.411968 0.697606 0.299793 0.355148 0.000000 1.000000 (1 , 1)  Correct
0.438785 0.989390 0.363867 0.742711 0.745945 0.000000 1.000000 (0 , 1)  Wrong  
0.141491 0.550887 0.147817 0.624070 0.168349 1.000000 0.000000 (0 , 0)  Correct
0.028230 0.523841 0.598988 0.803539 0.693576 1.000000 0.000000 (0 , 0)  Correct
0.363682 0.914094 0.553129 0.316512 0.731854 0.000000 1.000000 (1 , 1)  Correct
0.021143 0.273338 0.908091 0.513828 0.063514 0.000000 1.000000 (1 , 1)  Correct
0.066249 0.911404 0.810546 0.691563 0.289769 1.000000 0.000000 (0 , 0)  Correct
0.673340 0.887006 0.933667 0.253729 0.211324 0.000000 1.000000 (1 , 1)  Correct
0.888232 0.866175 0.421637 0.229061 0.452447 0.000000 1.000000 (1 , 1)  Correct
0.949623 0.829221 0.564491 0.421051 0.095799 1.000000 0.000000 (0 , 0)  Correct
0.332428 0.897092 0.427603 0.920612 0.654059 1.000000 0.000000 (0 , 0)  Correct
0.799843 0.798984 0.221759 0.965623 0.330983 1.000000 0.000000 (0 , 0)  Correct
0.607944 0.777471 0.733220 0.503662 0.765112 1.000000 0.000000 (0 , 0)  Correct
0.554726 0.587763 0.581932 0.116042 0.076635 0.000000 1.000000 (1 , 1)  Correct
0.331531 0.756498 0.681479 0.505133 0.124945 1.000000 0.000000 (0 , 0)  Correct
0.369096 0.985205 0.099148 0.345674 0.645020 0.000000 1.000000 (1 , 1)  Correct
0.384672 0.576737 0.154510 0.266512 0.004344 0.000000 1.000000 (1 , 1)  Correct
0.595391 0.592053 0.037531 0.874793 0.690386 1.000000 0.000000 (0 , 0)  Correct
0.770359 0.172315 0.934545 0.372256 0.288444 0.000000 1.000000 (1 , 1)  Correct
0.040419 0.649680 0.107408 0.255721 0.177821 1.000000 0.000000 (1 , 0)  Wrong  
0.275826 0.782143 0.217406 0.153390 0.011729 0.000000 1.000000 (1 , 1)  Correct
0.124445 0.245592 0.363019 0.837859 0.491442 1.000000 0.000000 (0 , 0)  Correct
0.938095 0.462548 0.368790 0.188184 0.288245 0.000000 1.000000 (1 , 1)  Correct
0.071012 0.504288 0.720658 0.159468 0.754958 0.000000 1.000000 (1 , 1)  Correct
0.319220 0.233700 0.001846 0.971764 0.297926 1.000000 0.000000 (0 , 0)  Correct
0.258153 0.622841 0.619903 0.563091 0.252157 1.000000 0.000000 (0 , 0)  Correct
0.446704 0.344192 0.430339 0.176556 0.634989 0.000000 1.000000 (1 , 1)  Correct
0.774496 0.860583 0.611528 0.581473 0.098851 1.000000 0.000000 (0 , 0)  Correct
0.521255 0.388177 0.721027 0.175408 0.247716 0.000000 1.000000 (1 , 1)  Correct
0.956483 0.842267 0.465864 0.890873 0.897942 1.000000 0.000000 (0 , 0)  Correct
0.400843 0.259399 0.898663 0.749304 0.082601 0.000000 1.000000 (1 , 1)  Correct
0.997404 0.784083 0.611709 0.878628 0.464488 1.000000 0.000000 (0 , 0)  Correct
0.532129 0.176527 0.654083 0.151503 0.441200 0.000000 1.000000 (1 , 1)  Correct
0.758109 0.501892 0.460059 0.121854 0.554538 0.000000 1.000000 (1 , 1)  Correct
0.408434 0.264150 0.142969 0.950013 0.515844 1.000000 0.000000 (0 , 0)  Correct
0.958664 0.311072 0.903118 0.324149 0.739085 0.000000 1.000000 (1 , 1)  Correct
0.701581 0.423805 0.612894 0.320251 0.369306 0.000000 1.000000 (1 , 1)  Correct
0.638502 0.177335 0.288774 0.507185 0.345677 0.000000 1.000000 (1 , 1)  Correct
0.793017 0.479430 0.219048 0.709780 0.639252 1.000000 0.000000 (0 , 0)  Correct
0.299221 0.727895 0.323020 0.504055 0.580184 1.000000 0.000000 (0 , 0)  Correct
0.286520 0.831594 0.620506 0.046985 0.470949 0.000000 1.000000 (1 , 1)  Correct
0.545510 0.982364 0.924487 0.051251 0.234401 0.000000 1.000000 (1 , 1)  Correct
0.838512 0.104900 0.182515 0.915574 0.197650 1.000000 0.000000 (0 , 0)  Correct
0.294113 0.912753 0.514306 0.026154 0.191917 0.000000 1.000000 (1 , 1)  Correct
0.173847 0.522924 0.432351 0.366774 0.678403 0.000000 1.000000 (1 , 1)  Correct
0.899305 0.191941 0.129034 0.626905 0.580051 0.000000 1.000000 (1 , 1)  Correct
0.710653 0.995065 0.321978 0.291094 0.013779 0.000000 1.000000 (1 , 1)  Correct
0.684845 0.740005 0.960860 0.541531 0.686088 1.000000 0.000000 (0 , 0)  Correct
0.872962 0.149693 0.256642 0.521537 0.595560 0.000000 1.000000 (1 , 1)  Correct
0.958006 0.927768 0.332470 0.403206 0.841174 0.000000 1.000000 (1 , 1)  Correct
0.058480 0.797948 0.199476 0.090130 0.381520 0.000000 1.000000 (1 , 1)  Correct
0.704510 0.546958 0.225643 0.078525 0.104589 0.000000 1.000000 (1 , 1)  Correct
0.229474 0.562592 0.188661 0.309650 0.693287 0.000000 1.000000 (1 , 1)  Correct
0.583630 0.906335 0.107105 0.585650 0.747583 1.000000 0.000000 (0 , 0)  Correct
0.187994 0.656263 0.438474 0.602422 0.181096 1.000000 0.000000 (0 , 0)  Correct
0.750133 0.663172 0.189333 0.689222 0.160466 1.000000 0.000000 (0 , 0)  Correct
0.352532 0.043527 0.682438 0.248057 0.053407 0.000000 1.000000 (1 , 1)  Correct
0.596246 0.249466 0.471342 0.468904 0.001359 0.000000 1.000000 (1 , 1)  Correct
0.190404 0.471086 0.502330 0.472018 0.275834 0.000000 1.000000 (1 , 1)  Correct
0.520509 0.002247 0.679441 0.408432 0.046564 1.000000 0.000000 (0 , 0)  Correct
0.256355 0.100535 0.913687 0.546876 0.412271 0.000000 1.000000 (1 , 1)  Correct
0.505857 0.357366 0.583988 0.802045 0.136181 1.000000 0.000000 (0 , 0)  Correct
0.597883 0.728024 0.510720 0.828136 0.561452 1.000000 0.000000 (0 , 0)  Correct
0.454446 0.716130 0.213122 0.525178 0.384730 1.000000 0.000000 (0 , 0)  Correct
0.414257 0.825214 0.190931 0.896512 0.985478 1.000000 0.000000 (0 , 0)  Correct
0.321518 0.844170 0.400634 0.466286 0.282880 1.000000 0.000000 (0 , 0)  Correct
0.719342 0.885894 0.754905 0.228520 0.094839 0.000000 1.000000 (1 , 1)  Correct
0.582096 0.911905 0.567082 0.166677 0.478013 0.000000 1.000000 (1 , 1)  Correct
0.244916 0.812640 0.055865 0.067265 0.146073 0.000000 1.000000 (1 , 1)  Correct
0.700529 0.535986 0.551295 0.465222 0.757694 1.000000 0.000000 (0 , 0)  Correct
0.383773 0.327887 0.499774 0.415303 0.103525 0.000000 1.000000 (1 , 1)  Correct
0.553990 0.431091 0.864171 0.194829 0.795666 0.000000 1.000000 (1 , 1)  Correct
0.096374 0.643788 0.463290 0.321440 0.730983 1.000000 0.000000 (0 , 0)  Correct
0.387213 0.531446 0.177368 0.227551 0.310896 0.000000 1.000000 (1 , 1)  Correct
0.874428 0.875244 0.831068 0.883363 0.680215 1.000000 0.000000 (0 , 0)  Correct
0.739352 0.691443 0.431938 0.415196 0.515738 1.000000 0.000000 (0 , 0)  Correct
0.309470 0.930459 0.168737 0.637955 0.588829 1.000000 0.000000 (0 , 0)  Correct
0.477566 0.324748 0.333718 0.222321 0.374956 0.000000 1.000000 (1 , 1)  Correct
0.622620 0.863428 0.120699 0.261186 0.158073 0.000000 1.000000 (1 , 1)  Correct
0.134945 0.591243 0.457492 0.098490 0.156113 0.000000 1.000000 (1 , 1)  Correct
0.784342 0.922696 0.574483 0.749450 0.241609 1.000000 0.000000 (0 , 0)  Correct
0.720917 0.991209 0.467492 0.886656 0.786837 1.000000 0.000000 (0 , 0)  Correct
0.507881 0.780794 0.618673 0.504221 0.097002 1.000000 0.000000 (0 , 0)  Correct
0.501687 0.476101 0.528783 0.814557 0.666838 1.000000 0.000000 (0 , 0)  Correct
0.929012 0.678709 0.587806 0.991900 0.929063 1.000000 0.000000 (0 , 0)  Correct
0.507531 0.435307 0.862301 0.865992 1.084746 1.000000 0.000000 (0 , 0)  Correct
0.659362 0.469764 0.564627 0.900743 0.153652 1.000000 0.000000 (0 , 0)  Correct
0.618820 0.168250 0.129405 0.578859 0.752517 0.000000 1.000000 (1 , 1)  Correct
0.827967 0.797297 0.449201 0.966721 0.265280 1.000000 0.000000 (0 , 0)  Correct
0.388863 0.701229 0.777502 0.566815 0.578088 1.000000 0.000000 (0 , 0)  Correct
0.266622 0.890494 0.775830 0.890211 0.554867 1.000000 0.000000 (0 , 0)  Correct
0.127980 0.058344 0.893869 0.311460 0.123642 0.000000 1.000000 (1 , 1)  Correct
0.552112 0.712769 0.723132 0.015378 0.553356 0.000000 1.000000 (1 , 1)  Correct
0.156942 0.345918 0.759825 0.021891 0.019547 0.000000 1.000000 (1 , 1)  Correct
0.252607 0.447051 0.125858 0.694127 0.200274 1.000000 0.000000 (0 , 0)  Correct
0.842579 0.259754 0.223261 0.608514 0.877353 0.000000 1.000000 (1 , 1)  Correct
0.372263 0.552366 0.311869 0.506500 0.159357 1.000000 0.000000 (0 , 0)  Correct
0.236013 0.874623 0.559236 0.068001 0.388544 0.000000 1.000000 (1 , 1)  Correct
0.563563 0.876081 0.496236 0.759396 0.421836 1.000000 0.000000 (0 , 0)  Correct
0.214879 0.825364 0.207206 0.826241 0.126199 1.000000 0.000000 (0 , 0)  Correct
0.236815 0.556184 0.410026 0.935484 0.397428 1.000000 0.000000 (0 , 0)  Correct
0.406732 0.238941 0.824764 0.836180 0.843671 1.000000 0.000000 (0 , 0)  Correct
0.307337 0.697984 0.878121 0.014186 0.616022 0.000000 1.000000 (1 , 1)  Correct
0.189228 0.026870 0.951528 0.477419 0.197258 1.000000 0.000000 (0 , 0)  Correct
0.571770 0.059593 0.908580 0.836607 0.439631 1.000000 0.000000 (0 , 0)  Correct
0.469923 0.397365 0.992347 0.554445 0.102109 0.000000 1.000000 (1 , 1)  Correct
0.105288 0.230582 0.938229 0.936285 0.743050 1.000000 0.000000 (0 , 0)  Correct
0.916255 0.696578 0.171900 0.940365 0.202243 1.000000 0.000000 (0 , 0)  Correct
0.409468 0.038163 0.232301 0.507635 0.789689 1.000000 0.000000 (0 , 0)  Correct
0.394969 0.938333 0.214085 0.663033 0.078174 1.000000 0.000000 (0 , 0)  Correct
0.736236 0.165296 0.060234 0.433964 0.248582 0.000000 1.000000 (1 , 1)  Correct
0.858026 0.631695 0.622715 0.480420 0.707890 1.000000 0.000000 (0 , 0)  Correct
0.124569 0.215081 0.002466 0.546932 0.458374 0.000000 1.000000 (1 , 1)  Correct
0.036536 0.765775 0.833904 0.242134 0.282190 1.000000 0.000000 (0 , 0)  Correct
0.016641 0.705813 0.072265 0.539333 0.845815 1.000000 0.000000 (0 , 0)  Correct
0.051195 0.061132 0.491923 0.583932 0.750968 1.000000 0.000000 (0 , 0)  Correct
0.881836 0.731077 0.270558 0.203070 0.307270 1.000000 0.000000 (1 , 0)  Wrong  
0.467060 0.847156 0.722359 0.752128 0.776403 1.000000 0.000000 (0 , 0)  Correct
0.825523 0.269260 0.292982 0.914201 0.651634 1.000000 0.000000 (0 , 0)  Correct
0.421871 0.174798 0.078184 0.604745 0.943780 0.000000 1.000000 (1 , 1)  Correct
0.101877 0.376846 0.445115 0.536935 0.131515 0.000000 1.000000 (1 , 1)  Correct
0.216725 0.024028 0.180637 0.086315 0.490231 0.000000 1.000000 (1 , 1)  Correct
0.824322 0.749878 0.535691 0.168438 0.746156 1.000000 0.000000 (1 , 0)  Wrong  
0.091877 0.715397 0.788150 0.723175 0.915901 1.000000 0.000000 (0 , 0)  Correct
0.709946 0.387964 0.142887 0.396344 0.055477 0.000000 1.000000 (1 , 1)  Correct
0.565030 0.885073 0.295644 0.936153 0.903611 1.000000 0.000000 (0 , 0)  Correct
0.708581 0.345189 0.797828 0.990831 0.567233 1.000000 0.000000 (0 , 0)  Correct
0.001672 0.632727 0.174393 0.217504 0.019209 0.000000 1.000000 (1 , 1)  Correct
0.967924 0.802319 0.910734 0.203146 0.166302 1.000000 0.000000 (0 , 0)  Correct
0.777601 0.701650 0.733556 0.468990 0.608715 1.000000 0.000000 (0 , 0)  Correct
0.712924 0.944672 0.232208 0.092446 0.112022 0.000000 1.000000 (1 , 1)  Correct
0.687265 0.800472 0.951536 0.047958 0.150974 0.000000 1.000000 (1 , 1)  Correct
0.471281 0.380024 0.891341 0.552836 0.155590 0.000000 1.000000 (1 , 1)  Correct
0.249377 0.425847 0.347799 0.318303 0.709454 0.000000 1.000000 (1 , 1)  Correct
0.560532 0.080932 0.885963 0.962484 0.250231 1.000000 0.000000 (0 , 0)  Correct
0.049097 0.795505 0.601592 0.753193 0.705719 1.000000 0.000000 (0 , 0)  Correct
0.124147 0.085845 0.243160 0.626665 0.786058 1.000000 0.000000 (0 , 0)  Correct
0.898613 0.751019 0.484641 0.886423 0.701994 1.000000 0.000000 (0 , 0)  Correct
0.977578 0.443377 0.858569 0.436645 0.735764 0.000000 1.000000 (1 , 1)  Correct
0.646198 0.739680 0.847355 0.659279 0.647412 1.000000 0.000000 (0 , 0)  Correct
0.735120 0.134121 0.047331 0.416245 0.121121 0.000000 1.000000 (1 , 1)  Correct
0.135800 0.234844 0.165915 0.959781 0.834321 1.000000 0.000000 (0 , 0)  Correct
0.147542 0.954381 0.526500 0.077984 0.668282 0.000000 1.000000 (1 , 1)  Correct
0.460850 0.204133 0.168176 0.401187 0.731742 0.000000 1.000000 (1 , 1)  Correct
0.645158 0.596184 0.193087 0.760663 0.377487 1.000000 0.000000 (0 , 0)  Correct
0.974222 0.484863 0.129835 0.636632 0.723374 1.000000 0.000000 (0 , 0)  Correct
0.104362 0.407965 0.099032 0.370271 0.061439 0.000000 1.000000 (1 , 1)  Correct
0.774505 0.176074 0.944124 0.756770 0.730173 0.000000 1.000000 (1 , 1)  Correct
0.049544 0.570285 0.976532 0.196088 0.472676 0.000000 1.000000 (1 , 1)  Correct
0.832358 0.406531 0.959846 0.567298 0.890285 0.000000 1.000000 (1 , 1)  Correct
0.739865 0.670964 0.437448 0.723852 0.316521 1.000000 0.000000 (0 , 0)  Correct
0.166898 0.088087 0.762958 0.793247 0.674922 1.000000 0.000000 (0 , 0)  Correct
0.085367 0.914009 0.916065 0.617881 0.389082 1.000000 0.000000 (0 , 0)  Correct
0.207924 0.513762 0.667899 0.506895 0.317090 1.000000 0.000000 (0 , 0)  Correct
0.626856 0.446698 0.553691 0.294006 0.443195 0.000000 1.000000 (1 , 1)  Correct
0.687697 0.909930 0.750353 0.326193 0.043257 0.000000 1.000000 (1 , 1)  Correct
0.610787 0.539207 0.473634 0.755204 0.112091 1.000000 0.000000 (0 , 0)  Correct
0.376159 0.301977 0.060046 0.180573 0.510278 0.000000 1.000000 (1 , 1)  Correct
0.112239 0.601149 0.517420 0.611804 0.326937 1.000000 0.000000 (0 , 0)  Correct
0.281775 0.302822 0.139336 0.691015 0.138925 0.000000 1.000000 (1 , 1)  Correct
0.985405 0.269407 0.866652 0.458130 0.628359 0.000000 1.000000 (1 , 1)  Correct
0.343167 0.683650 0.874485 0.461246 0.253679 1.000000 0.000000 (0 , 0)  Correct
0.148610 0.051626 0.333224 0.027473 0.286623 0.000000 1.000000 (1 , 1)  Correct
0.676650 0.836253 0.298294 0.826945 0.701032 1.000000 0.000000 (0 , 0)  Correct
0.790431 0.259745 0.235460 0.797253 0.368084 0.000000 1.000000 (0 , 1)  Wrong  
0.220812 0.486353 0.932982 0.859831 0.795564 1.000000 0.000000 (0 , 0)  Correct
0.838360 0.217944 0.330588 0.966251 0.697897 1.000000 0.000000 (0 , 0)  Correct
0.130309 0.267268 0.173646 0.673516 0.354743 0.000000 1.000000 (1 , 1)  Correct
0.980672 0.979380 0.737014 0.975793 0.487289 1.000000 0.000000 (0 , 0)  Correct
0.513393 0.013308 0.207632 0.327979 0.090476 1.000000 0.000000 (1 , 0)  Wrong  
0.851209 0.036088 0.322929 0.996746 0.377133 1.000000 0.000000 (0 , 0)  Correct
0.915425 0.882274 0.782291 0.879555 0.271466 1.000000 0.000000 (0 , 0)  Correct
0.222511 0.756420 0.976115 0.054213 0.146610 0.000000 1.000000 (1 , 1)  Correct
0.144805 0.666429 0.276188 0.373309 0.050640 1.000000 0.000000 (0 , 0)  Correct
0.658711 0.534394 0.707416 0.711799 0.230689 1.000000 0.000000 (0 , 0)  Correct
0.464583 0.901330 0.876934 0.824659 0.372371 1.000000 0.000000 (0 , 0)  Correct
0.541797 0.885342 0.709589 0.487321 0.157792 1.000000 0.000000 (0 , 0)  Correct
0.912245 0.631873 0.367447 0.487144 0.124316 1.000000 0.000000 (0 , 0)  Correct
0.821022 0.972213 0.377771 0.421840 0.522821 0.000000 1.000000 (1 , 1)  Correct
0.324883 0.944950 0.664059 0.953185 0.678013 1.000000 0.000000 (0 , 0)  Correct
0.859118 0.296916 0.059512 0.473885 0.869999 0.000000 1.000000 (1 , 1)  Correct
0.340689 0.628080 0.125523 0.884746 0.230043 1.000000 0.000000 (0 , 0)  Correct
0.120925 0.541086 0.870208 0.660750 0.936096 1.000000 0.000000 (0 , 0)  Correct
0.612007 0.563393 0.217656 0.420734 0.610031 1.000000 0.000000 (0 , 0)  Correct
0.070944 0.790624 0.281628 0.118737 0.622090 0.000000 1.000000 (1 , 1)  Correct
0.065159 0.716330 0.253540 0.558049 0.957767 1.000000 0.000000 (0 , 0)  Correct
0.432059 0.628417 0.724032 0.504217 0.759651 1.000000 0.000000 (0 , 0)  Correct
0.827309 0.828465 0.241576 0.053131 0.520995 0.000000 1.000000 (1 , 1)  Correct
0.884732 0.829583 0.972581 0.407388 0.790925 1.000000 0.000000 (0 , 0)  Correct
0.469264 0.173781 0.947910 0.640893 0.127525 0.000000 1.000000 (1 , 1)  Correct
0.385706 0.643643 0.357157 0.700600 0.985635 1.000000 0.000000 (0 , 0)  Correct
0.105215 0.987815 0.218124 0.617915 0.070430 0.000000 1.000000 (0 , 1)  Wrong  
0.066562 0.897969 0.947406 0.993133 0.462762 1.000000 0.000000 (0 , 0)  Correct
0.076774 0.429019 0.736838 0.086761 0.543398 0.000000 1.000000 (1 , 1)  Correct
0.948370 0.406907 0.478676 0.614284 0.478974 0.000000 1.000000 (0 , 1)  Wrong  
0.661963 0.181730 0.339467 0.408319 0.827576 0.000000 1.000000 (1 , 1)  Correct
0.647138 0.420934 0.435393 0.796662 0.552808 1.000000 0.000000 (0 , 0)  Correct
0.900248 0.060107 0.154487 0.659009 1.018658 1.000000 0.000000 (0 , 0)  Correct
0.255558 0.100229 0.287001 0.981542 0.926523 1.000000 0.000000 (0 , 0)  Correct
0.868255 0.222433 0.251805 0.139758 0.319777 0.000000 1.000000 (1 , 1)  Correct
0.875787 0.247034 0.332335 0.418172 0.571718 0.000000 1.000000 (1 , 1)  Correct
0.128177 0.855129 0.773481 0.233604 0.190476 0.000000 1.000000 (1 , 1)  Correct
0.678111 0.781178 0.559270 0.478894 0.074511 1.000000 0.000000 (0 , 0)  Correct
0.818606 0.435881 0.945058 0.158810 0.589863 0.000000 1.000000 (1 , 1)  Correct
0.390756 0.693145 0.318895 0.361969 0.027335 1.000000 0.000000 (0 , 0)  Correct
0.833673 0.935238 0.872112 0.414358 0.501772 0.000000 1.000000 (0 , 1)  Wrong  
0.584096 0.459046 0.796585 0.103964 0.551526 0.000000 1.000000 (1 , 1)  Correct
0.803693 0.566061 0.431934 0.964703 0.262919 1.000000 0.000000 (0 , 0)  Correct
0.191617 0.151891 0.302307 0.073587 0.651557 0.000000 1.000000 (1 , 1)  Correct
0.860476 0.940202 0.602875 0.460660 0.807118 0.000000 1.000000 (0 , 1)  Wrong  
0.746749 0.733516 0.495392 0.368844 0.341397 1.000000 0.000000 (0 , 0)  Correct
0.050799 0.741784 0.143834 0.043297 0.284024 0.000000 1.000000 (1 , 1)  Correct
0.616397 0.261558 0.524264 0.789390 0.819006 0.000000 1.000000 (0 , 1)  Wrong  
0.157981 0.276452 0.758922 0.527713 0.842230 0.000000 1.000000 (1 , 1)  Correct
0.226363 0.995837 0.957376 0.305949 0.119002 0.000000 1.000000 (1 , 1)  Correct
0.344575 0.505987 0.193543 0.013572 0.117796 0.000000 1.000000 (1 , 1)  Correct
0.042560 0.638526 0.133606 0.198683 0.271949 0.000000 1.000000 (1 , 1)  Correct
0.954292 0.427630 0.748543 0.219268 0.146212 0.000000 1.000000 (1 , 1)  Correct
0.762166 0.192493 0.445774 0.286378 0.098577 0.000000 1.000000 (1 , 1)  Correct
0.742637 0.907526 0.440904 0.086607 0.089026 0.000000 1.000000 (1 , 1)  Correct
0.181752 0.172179 0.414850 0.918324 1.009876 1.000000 0.000000 (0 , 0)  Correct
0.090925 0.327632 0.532411 0.452857 0.064686 0.000000 1.000000 (1 , 1)  Correct
0.807718 0.151381 0.503458 0.650774 0.207060 0.000000 1.000000 (1 , 1)  Correct
0.714502 0.655477 0.546341 0.837069 1.086191 1.000000 0.000000 (0 , 0)  Correct
0.276107 0.882338 0.693003 0.779833 1.072267 1.000000 0.000000 (0 , 0)  Correct
0.138967 0.796158 0.893039 0.637527 0.380905 1.000000 0.000000 (0 , 0)  Correct
0.027050 0.470473 0.744335 0.152683 0.150295 0.000000 1.000000 (1 , 1)  Correct
0.459273 0.335926 0.934310 0.287197 0.020924 0.000000 1.000000 (1 , 1)  Correct
0.513914 0.339176 0.527384 0.928995 1.113124 1.000000 0.000000 (0 , 0)  Correct
0.237940 0.036759 0.975866 0.164077 0.070508 0.000000 1.000000 (1 , 1)  Correct
0.031537 0.968998 0.410119 0.214413 0.720739 0.000000 1.000000 (1 , 1)  Correct
0.243225 0.691274 0.818230 0.303284 0.846081 1.000000 0.000000 (0 , 0)  Correct
0.070780 0.645642 0.857413 0.737980 0.232302 1.000000 0.000000 (0 , 0)  Correct
0.811801 0.197382 0.150569 0.207791 0.160265 0.000000 1.000000 (1 , 1)  Correct
0.484337 0.701107 0.701162 0.995393 0.217301 1.000000 0.000000 (0 , 0)  Correct
0.684099 0.962027 0.755878 0.304661 0.221533 0.000000 1.000000 (1 , 1)  Correct
0.645165 0.982383 0.887108 0.529944 0.842991 0.000000 1.000000 (0 , 1)  Wrong  
0.294706 0.993418 0.542286 0.843671 0.711076 1.000000 0.000000 (0 , 0)  Correct
0.182105 0.532048 0.185415 0.273035 0.817298 0.000000 1.000000 (1 , 1)  Correct
0.777816 0.291098 0.071394 0.285185 0.213402 0.000000 1.000000 (1 , 1)  Correct
0.756936 0.715165 0.116285 0.116141 0.158125 0.000000 1.000000 (1 , 1)  Correct
0.218485 0.393249 0.969663 0.474173 0.043929 0.000000 1.000000 (1 , 1)  Correct
0.519270 0.276836 0.259955 0.136088 0.105127 0.000000 1.000000 (1 , 1)  Correct
0.145350 0.190599 0.746501 0.147222 0.209660 0.000000 1.000000 (1 , 1)  Correct
0.070328 0.064797 0.572157 0.145533 0.149920 0.000000 1.000000 (1 , 1)  Correct
0.037838 0.366295 0.266298 0.569442 0.238148 0.000000 1.000000 (1 , 1)  Correct
0.523505 0.401428 0.797511 0.490504 0.940701 0.000000 1.000000 (1 , 1)  Correct
0.147726 0.071143 0.705361 0.348128 0.640020 0.000000 1.000000 (1 , 1)  Correct
0.212031 0.339550 0.403963 0.266899 0.453060 0.000000 1.000000 (1 , 1)  Correct
0.918997 0.693560 0.426531 0.720045 0.759608 1.000000 0.000000 (0 , 0)  Correct
0.030600 0.286390 0.466264 0.377792 0.243537 0.000000 1.000000 (1 , 1)  Correct
0.815548 0.833638 0.258924 0.859237 0.497478 1.000000 0.000000 (0 , 0)  Correct
0.967068 0.730080 0.922813 0.103444 0.117059 0.000000 1.000000 (1 , 1)  Correct
0.717786 0.840678 0.577497 0.002205 0.013687 0.000000 1.000000 (1 , 1)  Correct
0.544438 0.053074 0.125590 0.105880 0.258194 0.000000 1.000000 (1 , 1)  Correct
0.333701 0.523582 0.581978 0.437347 0.802749 1.000000 0.000000 (0 , 0)  Correct
0.539313 0.666852 0.670469 0.039910 0.639098 0.000000 1.000000 (1 , 1)  Correct
0.041989 0.893464 0.442897 0.655536 0.926455 1.000000 0.000000 (0 , 0)  Correct
0.152415 0.952287 0.356516 0.192474 0.664109 0.000000 1.000000 (1 , 1)  Correct
0.180639 0.047866 0.208889 0.208698 0.358050 0.000000 1.000000 (1 , 1)  Correct
0.746178 0.740057 0.455550 0.822181 0.137862 1.000000 0.000000 (0 , 0)  Correct
0.423120 0.555956 0.013708 0.073278 0.062789 0.000000 1.000000 (1 , 1)  Correct
0.502880 0.315463 0.044001 0.120917 0.220074 0.000000 1.000000 (1 , 1)  Correct
0.242756 0.954064 0.765856 0.565462 0.187242 0.000000 1.000000 (0 , 1)  Wrong  
0.494293 0.182041 0.400306 0.969398 0.665913 1.000000 0.000000 (0 , 0)  Correct
0.291491 0.210964 0.937330 0.105031 0.451835 0.000000 1.000000 (1 , 1)  Correct
0.355385 0.068336 0.483141 0.908549 0.845782 1.000000 0.000000 (0 , 0)  Correct
0.541197 0.272235 0.386472 0.374725 0.579834 0.000000 1.000000 (1 , 1)  Correct
0.424308 0.912219 0.172368 0.998566 0.363162 1.000000 0.000000 (0 , 0)  Correct
0.080153 0.043118 0.599612 0.671989 0.403780 1.000000 0.000000 (0 , 0)  Correct
0.174263 0.807110 0.290812 0.487565 0.110063 1.000000 0.000000 (0 , 0)  Correct
0.252031 0.419215 0.783794 0.499974 0.019962 0.000000 1.000000 (1 , 1)  Correct
0.790570 0.144502 0.549011 0.461661 0.885603 0.000000 1.000000 (1 , 1)  Correct
0.579061 0.224414 0.911593 0.694676 0.337353 0.000000 1.000000 (1 , 1)  Correct
0.883567 0.437134 0.530148 0.898377 0.204708 1.000000 0.000000 (0 , 0)  Correct
0.585809 0.165419 0.930446 0.635077 0.691658 0.000000 1.000000 (1 , 1)  Correct
0.358965 0.557218 0.425770 0.795243 0.802633 1.000000 0.000000 (0 , 0)  Correct
0.866729 0.162258 0.800444 0.333175 0.055965 0.000000 1.000000 (1 , 1)  Correct
0.839325 0.374069 0.779487 0.295470 0.079419 0.000000 1.000000 (1 , 1)  Correct
0.390838 0.664135 0.555503 0.450769 0.039626 1.000000 0.000000 (0 , 0)  Correct
0.066150 0.025532 0.099033 0.982564 0.639725 1.000000 0.000000 (0 , 0)  Correct
0.845380 0.810018 0.999644 0.539872 0.853561 1.000000 0.000000 (0 , 0)  Correct
0.646187 0.307566 0.127737 0.765765 0.306122 0.000000 1.000000 (0 , 1)  Wrong  
0.702646 0.543322 0.178490 0.053640 0.260539 0.000000 1.000000 (1 , 1)  Correct
0.007667 0.916372 0.298372 0.028176 0.392211 0.000000 1.000000 (1 , 1)  Correct
0.677305 0.040069 0.502561 0.924680 0.165327 1.000000 0.000000 (0 , 0)  Correct
0.561001 0.527433 0.656610 0.959473 0.746325 1.000000 0.000000 (0 , 0)  Correct
0.662473 0.059904 0.298862 0.757614 0.200293 1.000000 0.000000 (0 , 0)  Correct
0.834429 0.945845 0.251785 0.245044 0.159890 0.000000 1.000000 (1 , 1)  Correct
0.149385 0.079336 0.742714 0.932780 0.569887 1.000000 0.000000 (0 , 0)  Correct
0.119866 0.812309 0.418863 0.533462 0.281099 1.000000 0.000000 (0 , 0)  Correct
0.819340 0.316573 0.046146 0.167936 0.686632 0.000000 1.000000 (1 , 1)  Correct
0.192850 0.599164 0.640346 0.354149 0.040854 1.000000 0.000000 (0 , 0)  Correct
0.330459 0.007346 0.394515 0.334854 0.086445 1.000000 0.000000 (1 , 0)  Wrong  
0.885213 0.880835 0.399026 0.407109 0.290686 1.000000 0.000000 (1 , 0)  Wrong  
0.387347 0.541077 0.216386 0.577659 0.598176 1.000000 0.000000 (0 , 0)  Correct
0.283316 0.113066 0.921721 0.396606 0.029012 0.000000 1.000000 (1 , 1)  Correct
0.362576 0.316774 0.639471 0.029817 0.164389 0.000000 1.000000 (1 , 1)  Correct
0.043612 0.405326 0.400679 0.830665 0.248131 1.000000 0.000000 (0 , 0)  Correct
0.522429 0.428027 0.346164 0.676620 0.053593 1.000000 0.000000 (0 , 0)  Correct
0.200108 0.020739 0.232401 0.458266 0.530131 1.000000 0.000000 (0 , 0)  Correct
0.660618 0.536486 0.211414 0.160056 0.449370 0.000000 1.000000 (1 , 1)  Correct
0.395132 0.587944 0.890802 0.266110 0.609251 0.000000 1.000000 (1 , 1)  Correct
0.606307 0.543185 0.219655 0.572936 0.871684 1.000000 0.000000 (0 , 0)  Correct
0.066991 0.259237 0.097627 0.206829 0.002008 0.000000 1.000000 (1 , 1)  Correct
0.670772 0.917093 0.163548 0.539160 0.360946 1.000000 0.000000 (0 , 0)  Correct
0.778285 0.299370 0.432927 0.080515 0.730502 0.000000 1.000000 (1 , 1)  Correct
0.750197 0.790267 0.194840 0.126979 0.473630 0.000000 1.000000 (1 , 1)  Correct
0.127610 0.839407 0.769270 0.241452 0.360768 1.000000 0.000000 (1 , 0)  Wrong  
0.021412 0.178988 0.963204 0.392155 0.672487 0.000000 1.000000 (1 , 1)  Correct
0.753773 0.779973 0.196577 0.051902 0.624759 0.000000 1.000000 (1 , 1)  Correct
0.868465 0.940237 0.287227 0.597863 0.061573 1.000000 0.000000 (0 , 0)  Correct
0.839306 0.078310 0.938224 0.254859 0.085477 0.000000 1.000000 (1 , 1)  Correct
0.616470 0.322904 0.156824 0.408241 0.096293 0.000000 1.000000 (1 , 1)  Correct
0.748704 0.903484 0.507081 0.687600 0.623619 1.000000 0.000000 (0 , 0)  Correct
0.264979 0.223103 0.837485 0.602432 0.336469 0.000000 1.000000 (1 , 1)  Correct
0.730517 0.394142 0.325587 0.007951 0.095674 0.000000 1.000000 (1 , 1)  Correct
0.377323 0.502952 0.061359 0.106024 0.422273 0.000000 1.000000 (1 , 1)  Correct
0.796012 0.003170 0.050536 0.355108 0.172445 1.000000 0.000000 (1 , 0)  Wrong  
0.500287 0.982217 0.878502 0.386738 0.022217 0.000000 1.000000 (1 , 1)  Correct
0.113743 0.663655 0.633961 0.116914 0.631921 0.000000 1.000000 (1 , 1)  Correct
0.577123 0.962172 0.105477 0.511252 0.456471 0.000000 1.000000 (1 , 1)  Correct
0.256644 0.260500 0.760357 0.225451 0.421258 0.000000 1.000000 (1 , 1)  Correct
0.161547 0.391069 0.775424 0.410031 0.484583 0.000000 1.000000 (1 , 1)  Correct
0.716861 0.142082 0.680126 0.652829 0.981883 0.000000 1.000000 (1 , 1)  Correct
0.544926 0.030579 0.284359 0.147047 0.202688 0.000000 1.000000 (1 , 1)  Correct
0.413337 0.656323 0.912298 0.029044 0.573142 0.000000 1.000000 (1 , 1)  Correct
0.943737 0.232586 0.603413 0.241242 0.337718 0.000000 1.000000 (1 , 1)  Correct
0.608253 0.945555 0.947276 0.553783 0.953536 1.000000 0.000000 (0 , 0)  Correct
0.741523 0.185710 0.755808 0.336642 0.026759 0.000000 1.000000 (1 , 1)  Correct
0.752719 0.484537 0.540788 0.624046 0.448087 1.000000 0.000000 (0 , 0)  Correct
0.843266 0.740927 0.059850 0.767963 0.162830 1.000000 0.000000 (0 , 0)  Correct
0.822646 0.096029 0.223125 0.849473 1.048672 1.000000 0.000000 (0 , 0)  Correct
0.630444 0.175672 0.897458 0.818613 0.567610 1.000000 0.000000 (0 , 0)  Correct
0.648032 0.428261 0.843108 0.377224 0.066077 0.000000 1.000000 (1 , 1)  Correct
0.560921 0.505783 0.696053 0.717939 0.845674 1.000000 0.000000 (0 , 0)  Correct
0.115981 0.128705 0.387446 0.698322 0.239338 1.000000 0.000000 (0 , 0)  Correct
0.467285 0.204685 0.107918 0.674617 0.637093 0.000000 1.000000 (1 , 1)  Correct
0.156313 0.198506 0.637011 0.357308 0.443626 0.000000 1.000000 (1 , 1)  Correct
0.774620 0.439167 0.127215 0.493046 0.631169 0.000000 1.000000 (1 , 1)  Correct
0.487124 0.261950 0.963183 0.237087 0.365904 0.000000 1.000000 (1 , 1)  Correct
0.488028 0.181135 0.537573 0.569622 0.536692 0.000000 1.000000 (1 , 1)  Correct
0.079046 0.735350 0.855661 0.340854 0.453011 1.000000 0.000000 (0 , 0)  Correct
0.147306 0.804721 0.112101 0.315777 0.184909 1.000000 0.000000 (0 , 0)  Correct
0.193996 0.129718 0.828545 0.242962 0.499619 0.000000 1.000000 (1 , 1)  Correct
0.997434 0.028116 0.528548 0.304644 0.830372 0.000000 1.000000 (1 , 1)  Correct
0.915402 0.971605 0.480603 0.630604 0.350459 0.000000 1.000000 (0 , 1)  Wrong  
0.269163 0.309504 0.727685 0.688230 0.617731 0.000000 1.000000 (1 , 1)  Correct
0.546606 0.076474 0.092971 0.608197 0.418709 1.000000 0.000000 (0 , 0)  Correct
0.001018 0.056476 0.497980 0.681979 0.565671 1.000000 0.000000 (0 , 0)  Correct
0.520098 0.158994 0.508034 0.686339 0.491170 0.000000 1.000000 (0 , 1)  Wrong  
0.079252 0.258292 0.161737 0.163586 0.369383 0.000000 1.000000 (1 , 1)  Correct
0.644848 0.014617 0.491715 0.627201 0.374050 1.000000 0.000000 (0 , 0)  Correct
0.992554 0.400371 0.468480 0.682943 0.980100 1.000000 0.000000 (0 , 0)  Correct
0.327438 0.756821 0.264471 0.568248 0.631885 1.000000 0.000000 (0 , 0)  Correct
0.343031 0.770378 0.076721 0.430099 0.198985 1.000000 0.000000 (0 , 0)  Correct
0.893418 0.844397 0.748897 0.096152 0.065183 0.000000 1.000000 (1 , 1)  Correct
0.096357 0.515302 0.820544 0.958099 1.006220 1.000000 0.000000 (0 , 0)  Correct
0.782746 0.883140 0.736118 0.192777 0.039410 0.000000 1.000000 (1 , 1)  Correct
0.767296 0.058864 0.314287 0.707578 0.985720 1.000000 0.000000 (0 , 0)  Correct
0.997396 0.436341 0.015251 0.225108 0.637633 0.000000 1.000000 (1 , 1)  Correct
0.544938 0.738671 0.038024 0.629996 0.339828 1.000000 0.000000 (0 , 0)  Correct
0.497647 0.328432 0.879296 0.400998 0.596927 0.000000 1.000000 (1 , 1)  Correct
0.594016 0.772460 0.835424 0.456371 0.732498 1.000000 0.000000 (0 , 0)  Correct
0.484138 0.176176 0.691596 0.362616 0.779652 0.000000 1.000000 (1 , 1)  Correct
0.370367 0.912822 0.129441 0.408403 0.233532 1.000000 0.000000 (1 , 0)  Wrong  
0.965483 0.131771 0.852588 0.839461 0.479993 1.000000 0.000000 (0 , 0)  Correct
0.383102 0.399780 0.197862 0.398850 0.610592 0.000000 1.000000 (1 , 1)  Correct
0.968393 0.072244 0.194900 0.532822 0.571365 1.000000 0.000000 (0 , 0)  Correct
0.925782 0.070590 0.636382 0.018041 0.130745 0.000000 1.000000 (1 , 1)  Correct
0.129483 0.719503 0.870148 0.653559 0.955589 1.000000 0.000000 (0 , 0)  Correct
0.022818 0.736143 0.105898 0.853394 0.847041 1.000000 0.000000 (0 , 0)  Correct
0.171410 0.425433 0.048654 0.785078 0.737836 1.000000 0.000000 (0 , 0)  Correct
0.185148 0.183347 0.940191 0.938820 0.728641 1.000000 0.000000 (0 , 0)  Correct
0.643588 0.606410 0.024625 0.993382 0.393321 1.000000 0.000000 (0 , 0)  Correct
0.936565 0.412862 0.027791 0.380878 0.369330 0.000000 1.000000 (1 , 1)  Correct
0.118409 0.061592 0.258906 0.356054 0.212892 0.000000 1.000000 (1 , 1)  Correct
0.263677 0.971551 0.710410 0.458573 0.622868 0.000000 1.000000 (1 , 1)  Correct
0.865641 0.659388 0.173614 0.332080 0.317855 1.000000 0.000000 (0 , 0)  Correct
0.499949 0.489048 0.079944 0.743652 0.508169 1.000000 0.000000 (0 , 0)  Correct
0.583927 0.126456 0.378343 0.644346 0.567859 0.000000 1.000000 (0 , 1)  Wrong  
0.940002 0.777790 0.087154 0.038289 0.153706 0.000000 1.000000 (1 , 1)  Correct
0.564764 0.923618 0.483119 0.596722 0.045982 1.000000 0.000000 (0 , 0)  Correct
0.464624 0.105905 0.134842 0.177026 0.170933 0.000000 1.000000 (1 , 1)  Correct
0.189400 0.443067 0.298195 0.997584 0.515034 1.000000 0.000000 (0 , 0)  Correct
0.078244 0.502330 0.716984 0.989847 0.476392 1.000000 0.000000 (0 , 0)  Correct
0.850998 0.011233 0.471545 0.111655 0.106669 0.000000 1.000000 (1 , 1)  Correct
0.033711 0.203525 0.444515 0.973258 0.569424 1.000000 0.000000 (0 , 0)  Correct
0.583295 0.431695 0.993748 0.312045 0.190427 0.000000 1.000000 (1 , 1)  Correct
0.714234 0.601164 0.187329 0.466253 0.161700 1.000000 0.000000 (0 , 0)  Correct
0.169801 0.052497 0.124095 0.354362 0.592142 0.000000 1.000000 (1 , 1)  Correct
0.099463 0.300185 0.143574 0.378036 0.179390 0.000000 1.000000 (1 , 1)  Correct
0.306502 0.592262 0.916978 0.444761 0.555669 1.000000 0.000000 (0 , 0)  Correct
0.572026 0.146555 0.828831 0.764373 0.317591 1.000000 0.000000 (0 , 0)  Correct
0.234758 0.209470 0.314018 0.523824 0.798869 0.000000 1.000000 (1 , 1)  Correct
0.479564 0.334147 0.481262 0.799461 0.453159 1.000000 0.000000 (0 , 0)  Correct
0.048566 0.549264 0.447157 0.438126 0.619326 1.000000 0.000000 (0 , 0)  Correct
0.560089 0.950086 0.725315 0.940167 0.338819 1.000000 0.000000 (0 , 0)  Correct
0.428948 0.752186 0.819083 0.921378 0.364508 1.000000 0.000000 (0 , 0)  Correct
0.271274 0.567952 0.830105 0.329535 0.514835 0.000000 1.000000 (1 , 1)  Correct
0.347059 0.659189 0.100474 0.557008 0.761298 1.000000 0.000000 (0 , 0)  Correct
0.192222 0.748205 0.544486 0.736422 0.556076 1.000000 0.000000 (0 , 0)  Correct
0.674821 0.697320 0.915016 0.144073 0.167652 0.000000 1.000000 (1 , 1)  Correct
0.718929 0.555216 0.027574 0.578142 0.821517 1.000000 0.000000 (0 , 0)  Correct
0.644345 0.180442 0.240036 0.138357 0.611713 0.000000 1.000000 (1 , 1)  Correct
0.472099 0.450272 0.893023 0.822991 0.855848 1.000000 0.000000 (0 , 0)  Correct
0.996683 0.009365 0.729297 0.090538 0.689825 0.000000 1.000000 (1 , 1)  Correct
0.632301 0.169932 0.611841 0.819534 0.310767 1.000000 0.000000 (0 , 0)  Correct
0.411660 0.005769 0.519056 0.253314 0.416885 1.000000 0.000000 (1 , 0)  Wrong  
0.107068 0.449109 0.642354 0.349521 0.216623 0.000000 1.000000 (1 , 1)  Correct
0.716460 0.364296 0.096938 0.779333 0.714985 1.000000 0.000000 (0 , 0)  Correct
0.257637 0.698260 0.375501 0.451314 0.238547 1.000000 0.000000 (0 , 0)  Correct
0.851672 0.957173 0.330768 0.181825 0.129148 0.000000 1.000000 (1 , 1)  Correct
0.629285 0.994042 0.032726 0.810693 0.773979 1.000000 0.000000 (0 , 0)  Correct
0.754979 0.475751 0.715564 0.979810 0.953745 1.000000 0.000000 (0 , 0)  Correct
0.591836 0.992829 0.942404 0.765924 0.508851 0.000000 1.000000 (0 , 1)  Wrong  
0.590902 0.643340 0.460789 0.699742 0.833863 1.000000 0.000000 (0 , 0)  Correct
0.260932 0.626450 0.401770 0.223954 0.541902 0.000000 1.000000 (1 , 1)  Correct
0.718043 0.983697 0.105971 0.655478 0.709396 0.000000 1.000000 (0 , 1)  Wrong  
0.111507 0.689532 0.525809 0.034624 0.268255 0.000000 1.000000 (1 , 1)  Correct
0.000509 0.879562 0.065099 0.178440 0.317533 0.000000 1.000000 (1 , 1)  Correct
0.728651 0.677814 0.404852 0.619751 0.023781 1.000000 0.000000 (0 , 0)  Correct
0.030490 0.905603 0.858098 0.219854 0.079531 0.000000 1.000000 (1 , 1)  Correct
0.657003 0.486823 0.082403 0.903981 0.696336 1.000000 0.000000 (0 , 0)  Correct
0.159459 0.670154 0.618121 0.496923 0.123422 1.000000 0.000000 (0 , 0)  Correct
0.016716 0.830261 0.501262 0.844265 1.048900 1.000000 0.000000 (0 , 0)  Correct
0.765225 0.650113 0.172565 0.604830 0.745131 1.000000 0.000000 (0 , 0)  Correct
0.788609 0.487513 0.225125 0.104850 0.302120 0.000000 1.000000 (1 , 1)  Correct
0.989618 0.753380 0.738629 0.766433 0.997620 1.000000 0.000000 (0 , 0)  Correct
0.505168 0.739612 0.437167 0.674648 0.861236 1.000000 0.000000 (0 , 0)  Correct
0.050600 0.593216 0.341126 0.141527 0.720502 0.000000 1.000000 (1 , 1)  Correct
0.525673 0.603070 0.544010 0.473863 0.790674 1.000000 0.000000 (0 , 0)  Correct
0.226716 0.708875 0.255796 0.867559 0.401476 1.000000 0.000000 (0 , 0)  Correct
0.339187 0.720928 0.933674 0.246754 0.661938 1.000000 0.000000 (0 , 0)  Correct
0.921643 0.216921 0.649318 0.253656 0.825902 0.000000 1.000000 (1 , 1)  Correct
0.882688 0.020412 0.171471 0.287406 0.722021 1.000000 0.000000 (1 , 0)  Wrong  
0.661916 0.627564 0.773132 0.799851 0.651325 1.000000 0.000000 (0 , 0)  Correct
0.070233 0.496559 0.140482 0.795376 0.139531 1.000000 0.000000 (0 , 0)  Correct
0.486291 0.810425 0.358287 0.963379 0.986515 1.000000 0.000000 (0 , 0)  Correct
0.312434 0.731205 0.251510 0.908110 0.465714 1.000000 0.000000 (0 , 0)  Correct
0.141412 0.344084 0.488111 0.843923 0.936029 1.000000 0.000000 (0 , 0)  Correct
0.721108 0.006688 0.837957 0.706980 0.637009 1.000000 0.000000 (0 , 0)  Correct
0.237713 0.733789 0.127063 0.209667 0.396808 1.000000 0.000000 (1 , 0)  Wrong  
0.347610 0.123661 0.537531 0.743835 0.980728 1.000000 0.000000 (0 , 0)  Correct
0.821126 0.231710 0.782539 0.536065 0.061161 0.000000 1.000000 (1 , 1)  Correct
0.828378 0.282379 0.579857 0.884936 0.775060 1.000000 0.000000 (0 , 0)  Correct
0.007646 0.244106 0.157398 0.979159 0.360700 1.000000 0.000000 (0 , 0)  Correct
0.361326 0.636836 0.857566 0.519148 0.461665 1.000000 0.000000 (0 , 0)  Correct
0.272960 0.559774 0.726206 0.455356 0.409722 1.000000 0.000000 (0 , 0)  Correct
0.508665 0.381128 0.625022 0.427258 0.621648 0.000000 1.000000 (1 , 1)  Correct
0.125328 0.884174 0.278268 0.249521 0.299849 0.000000 1.000000 (1 , 1)  Correct
0.192411 0.477422 0.583555 0.859315 0.797389 1.000000 0.000000 (0 , 0)  Correct
0.961082 0.413584 0.510277 0.823266 0.788291 1.000000 0.000000 (0 , 0)  Correct
0.280227 0.384900 0.834878 0.616835 0.150816 0.000000 1.000000 (1 , 1)  Correct
0.002199 0.433670 0.672973 0.745308 0.965534 1.000000 0.000000 (0 , 0)  Correct
0.605102 0.399050 0.242793 0.186781 0.686993 0.000000 1.000000 (1 , 1)  Correct
0.187964 0.176852 0.561488 0.915773 0.297693 1.000000 0.000000 (0 , 0)  Correct
0.955971 0.460688 0.533632 0.224164 0.070924 0.000000 1.000000 (1 , 1)  Correct
0.623900 0.422821 0.771173 0.506320 0.516955 0.000000 1.000000 (1 , 1)  Correct
0.225746 0.544081 0.571341 0.930156 0.382020 1.000000 0.000000 (0 , 0)  Correct
0.831235 0.576611 0.978462 0.287965 0.272808 0.000000 1.000000 (1 , 1)  Correct
0.053645 0.983549 0.403912 0.122588 0.052717 0.000000 1.000000 (1 , 1)  Correct
0.529282 0.208572 0.510538 0.268464 0.090630 0.000000 1.000000 (1 , 1)  Correct
0.118482 0.347909 0.298813 0.045700 0.021940 0.000000 1.000000 (1 , 1)  Correct
0.452226 0.290640 0.875826 0.811156 0.843456 1.000000 0.000000 (0 , 0)  Correct
0.108663 0.722159 0.960632 0.216028 0.623516 1.000000 0.000000 (0 , 0)  Correct
0.815066 0.613264 0.719381 0.657112 0.478969 1.000000 0.000000 (0 , 0)  Correct
0.006148 0.505753 0.553935 0.851303 0.559847 1.000000 0.000000 (0 , 0)  Correct
0.340141 0.117383 0.620625 0.522491 0.779357 0.000000 1.000000 (1 , 1)  Correct
0.955561 0.086856 0.167426 0.679219 0.631888 1.000000 0.000000 (0 , 0)  Correct
0.162166 0.125802 0.875348 0.192960 0.150418 0.000000 1.000000 (1 , 1)  Correct
0.233369 0.001954 0.288772 0.172976 0.147891 1.000000 0.000000 (1 , 0)  Wrong  
0.267915 0.708373 0.220684 0.287058 0.370663 1.000000 0.000000 (0 , 0)  Correct
0.252197 0.440186 0.174101 0.510442 0.510383 0.000000 1.000000 (1 , 1)  Correct
0.346308 0.665328 0.600314 0.110389 0.031958 0.000000 1.000000 (1 , 1)  Correct
0.394365 0.201777 0.988591 0.803830 0.593629 1.000000 0.000000 (0 , 0)  Correct
0.297813 0.863155 0.031596 0.272497 0.172574 1.000000 0.000000 (1 , 0)  Wrong  
0.328461 0.469952 0.170191 0.396759 0.031989 0.000000 1.000000 (1 , 1)  Correct
0.409766 0.907392 0.524797 0.988323 0.485615 1.000000 0.000000 (0 , 0)  Correct
0.517022 0.005700 0.718888 0.275564 0.381076 1.000000 0.000000 (1 , 0)  Wrong  
0.335558 0.386703 0.455799 0.236105 0.506788 0.000000 1.000000 (1 , 1)  Correct
0.106178 0.624761 0.318863 0.891751 0.677106 1.000000 0.000000 (0 , 0)  Correct
0.489826 0.172624 0.166310 0.193590 0.048515 0.000000 1.000000 (1 , 1)  Correct
0.320023 0.066220 0.678075 0.942447 0.787530 1.000000 0.000000 (0 , 0)  Correct
0.256144 0.509347 0.584615 0.624453 0.582881 1.000000 0.000000 (0 , 0)  Correct
0.836837 0.612070 0.281910 0.905747 0.790127 1.000000 0.000000 (0 , 0)  Correct
0.909555 0.877910 0.809298 0.136778 0.206316 0.000000 1.000000 (1 , 1)  Correct
0.154390 0.067140 0.597299 0.377803 0.813602 0.000000 1.000000 (1 , 1)  Correct
0.554055 0.869192 0.789497 0.485490 0.125414 1.000000 0.000000 (0 , 0)  Correct
0.521026 0.958732 0.773170 0.508562 0.375458 0.000000 1.000000 (0 , 1)  Wrong  
0.987198 0.550056 0.393836 0.340599 0.311186 0.000000 1.000000 (1 , 1)  Correct
0.742000 0.065375 0.506600 0.082996 0.222501 0.000000 1.000000 (1 , 1)  Correct
0.182517 0.057041 0.504312 0.193152 0.188221 0.000000 1.000000 (1 , 1)  Correct
0.153527 0.634045 0.996199 0.044729 0.647850 0.000000 1.000000 (1 , 1)  Correct
0.117881 0.401966 0.461255 0.320744 0.592124 0.000000 1.000000 (1 , 1)  Correct
0.304972 0.895243 0.139648 0.508913 0.427890 1.000000 0.000000 (0 , 0)  Correct
0.188579 0.723818 0.655902 0.984477 0.330583 1.000000 0.000000 (0 , 0)  Correct
0.102221 0.735296 0.689275 0.561237 0.306879 1.000000 0.000000 (0 , 0)  Correct
0.583872 0.471312 0.868246 0.279245 0.381213 0.000000 1.000000 (1 , 1)  Correct
0.202791 0.635263 0.613169 0.389950 0.460893 1.000000 0.000000 (0 , 0)  Correct
0.517413 0.250486 0.884585 0.309207 0.053433 0.000000 1.000000 (1 , 1)  Correct
0.465761 0.235812 0.099894 0.547761 0.863739 0.000000 1.000000 (1 , 1)  Correct
0.031544 0.321707 0.331298 0.610334 0.410438 0.000000 1.000000 (1 , 1)  Correct
0.934688 0.137454 0.554197 0.390497 0.032897 0.000000 1.000000 (1 , 1)  Correct
0.038419 0.980473 0.475651 0.991901 1.109909 1.000000 0.000000 (0 , 0)  Correct
0.107975 0.795502 0.206499 0.989398 0.689757 1.000000 0.000000 (0 , 0)  Correct
0.077222 0.306374 0.019215 0.218801 0.612274 0.000000 1.000000 (1 , 1)  Correct
0.203232 0.619129 0.180682 0.063918 0.070298 0.000000 1.000000 (1 , 1)  Correct
0.502624 0.014592 0.976868 0.206548 0.209429 0.000000 1.000000 (1 , 1)  Correct
0.261710 0.633908 0.470191 0.731904 0.937294 1.000000 0.000000 (0 , 0)  Correct
0.682073 0.394320 0.610903 0.650857 0.142909 0.000000 1.000000 (1 , 1)  Correct
0.077287 0.317196 0.327996 0.124041 0.538932 0.000000 1.000000 (1 , 1)  Correct
0.668494 0.568464 0.443492 0.263669 0.041932 0.000000 1.000000 (1 , 1)  Correct
0.284249 0.465750 0.434602 0.159424 0.045485 0.000000 1.000000 (1 , 1)  Correct
0.514085 0.559010 0.273458 0.037489 0.064708 0.000000 1.000000 (1 , 1)  Correct
0.964983 0.204948 0.791290 0.029139 0.087920 0.000000 1.000000 (1 , 1)  Correct
0.840404 0.892436 0.639073 0.209930 0.034478 0.000000 1.000000 (1 , 1)  Correct
0.389402 0.498973 0.702322 0.184729 0.039518 0.000000 1.000000 (1 , 1)  Correct
0.631990 0.729532 0.128860 0.850320 0.263065 1.000000 0.000000 (0 , 0)  Correct
0.113024 0.771367 0.905577 0.878415 0.164009 1.000000 0.000000 (0 , 0)  Correct
0.824928 0.754010 0.898281 0.240254 0.000964 1.000000 0.000000 (0 , 0)  Correct
0.682059 0.495294 0.267445 0.551951 0.656361 1.000000 0.000000 (0 , 0)  Correct
0.230333 0.304278 0.048699 0.469971 0.236842 0.000000 1.000000 (1 , 1)  Correct
0.841785 0.862918 0.836757 0.620986 0.429392 1.000000 0.000000 (0 , 0)  Correct
0.404739 0.482757 0.979030 0.922425 0.834875 1.000000 0.000000 (0 , 0)  Correct
0.362946 0.893248 0.584661 0.451814 0.154801 1.000000 0.000000 (0 , 0)  Correct
0.307835 0.227107 0.988682 0.566921 0.457464 0.000000 1.000000 (1 , 1)  Correct
0.880074 0.587843 0.116889 0.577370 0.294990 1.000000 0.000000 (0 , 0)  Correct
0.341226 0.577745 0.781544 0.234203 0.328958 0.000000 1.000000 (1 , 1)  Correct
0.705327 0.993737 0.709014 0.449373 0.638890 0.000000 1.000000 (1 , 1)  Correct
0.896882 0.626025 0.261142 0.294860 0.309404 1.000000 0.000000 (0 , 0)  Correct
0.855572 0.282965 0.312770 0.273466 0.695961 0.000000 1.000000 (1 , 1)  Correct
0.538830 0.877459 0.740926 0.412927 0.259964 1.000000 0.000000 (0 , 0)  Correct
0.204913 0.208074 0.544382 0.724244 0.862360 0.000000 1.000000 (0 , 1)  Wrong  
0.167083 0.014350 0.327256 0.296556 0.002489 1.000000 0.000000 (1 , 0)  Wrong  
0.510440 0.542977 0.756212 0.587041 0.552486 1.000000 0.000000 (0 , 0)  Correct
0.076946 0.292219 0.613555 0.617632 0.053111 0.000000 1.000000 (1 , 1)  Correct
0.014563 0.368534 0.943888 0.623343 0.783017 0.000000 1.000000 (1 , 1)  Correct
0.383865 0.054388 0.422952 0.522210 0.568132 1.000000 0.000000 (0 , 0)  Correct
0.943926 0.312243 0.725401 0.206715 0.732159 0.000000 1.000000 (1 , 1)  Correct
0.089042 0.099108 0.477653 0.403650 0.058483 0.000000 1.000000 (1 , 1)  Correct
0.111673 0.101396 0.537321 0.526114 0.897879 0.000000 1.000000 (0 , 1)  Wrong  
0.887774 0.883603 0.119236 0.860316 0.776580 1.000000 0.000000 (0 , 0)  Correct
0.322247 0.039095 0.512414 0.403445 0.602135 1.000000 0.000000 (1 , 0)  Wrong  
0.171483 0.799392 0.782991 0.009727 0.021896 0.000000 1.000000 (1 , 1)  Correct
0.337637 0.262493 0.050136 0.022270 0.394798 0.000000 1.000000 (1 , 1)  Correct
0.210837 0.003291 0.895879 0.581022 0.797446 1.000000 0.000000 (0 , 0)  Correct
0.380309 0.892630 0.586518 0.114507 0.025124 0.000000 1.000000 (1 , 1)  Correct
0.962092 0.538439 0.806757 0.457627 0.115181 1.000000 0.000000 (0 , 0)  Correct
0.036112 0.435258 0.611064 0.402024 0.500438 0.000000 1.000000 (1 , 1)  Correct
0.308545 0.729749 0.729767 0.591987 0.391098 1.000000 0.000000 (0 , 0)  Correct
0.598278 0.042004 0.126921 0.339983 0.343976 0.000000 1.000000 (1 , 1)  Correct
0.905799 0.088142 0.931021 0.464245 0.214292 0.000000 1.000000 (1 , 1)  Correct
0.882027 0.491271 0.194536 0.458823 0.187901 0.000000 1.000000 (1 , 1)  Correct
0.648899 0.207949 0.195684 0.506742 0.900282 0.000000 1.000000 (1 , 1)  Correct
0.189086 0.998233 0.951806 0.851745 0.135489 1.000000 0.000000 (0 , 0)  Correct
0.332934 0.391845 0.139357 0.166213 0.042502 0.000000 1.000000 (1 , 1)  Correct
0.197706 0.213307 0.310352 0.604584 0.048092 0.000000 1.000000 (1 , 1)  Correct
0.363918 0.987708 0.086278 0.525550 0.333321 0.000000 1.000000 (1 , 1)  Correct
0.911167 0.018485 0.044023 0.214938 0.548527 0.000000 1.000000 (1 , 1)  Correct
0.027057 0.671759 0.528138 0.657013 0.438118 1.000000 0.000000 (0 , 0)  Correct
0.024226 0.980880 0.240112 0.297427 0.622124 0.000000 1.000000 (1 , 1)  Correct
0.572372 0.162364 0.500703 0.128762 0.199308 0.000000 1.000000 (1 , 1)  Correct
0.508784 0.572883 0.964200 0.121966 0.049930 0.000000 1.000000 (1 , 1)  Correct
0.063050 0.098887 0.129128 0.336583 0.144233 0.000000 1.000000 (1 , 1)  Correct
0.621272 0.518292 0.986241 0.781911 0.629280 1.000000 0.000000 (0 , 0)  Correct
0.540578 0.069942 0.496555 0.582681 0.556926 1.000000 0.000000 (0 , 0)  Correct
0.167362 0.873796 0.428480 0.038975 0.552256 0.000000 1.000000 (1 , 1)  Correct
0.469675 0.025447 0.213338 0.073428 0.484486 0.000000 1.000000 (1 , 1)  Correct
0.159266 0.705181 0.491043 0.141766 0.513853 0.000000 1.000000 (1 , 1)  Correct
0.014074 0.556830 0.677406 0.257919 0.725100 0.000000 1.000000 (1 , 1)  Correct
0.290370 0.467640 0.077714 0.164840 0.487142 0.000000 1.000000 (1 , 1)  Correct
0.381558 0.779789 0.805937 0.179231 0.731709 1.000000 0.000000 (0 , 0)  Correct
0.735303 0.449563 0.560851 0.665130 0.481287 1.000000 0.000000 (0 , 0)  Correct
0.873699 0.803950 0.183413 0.760254 1.032333 1.000000 0.000000 (0 , 0)  Correct
0.754633 0.889172 0.508470 0.702644 0.426820 1.000000 0.000000 (0 , 0)  Correct
0.537794 0.023824 0.662784 0.195959 0.078937 0.000000 1.000000 (1 , 1)  Correct
0.595686 0.623386 0.957868 0.522281 0.154338 1.000000 0.000000 (0 , 0)  Correct
0.805009 0.715428 0.296750 0.873994 0.717327 1.000000 0.000000 (0 , 0)  Correct
0.969711 0.378289 0.903444 0.443669 0.666391 0.000000 1.000000 (1 , 1)  Correct
0.416296 0.672940 0.577462 0.495474 0.442512 1.000000 0.000000 (0 , 0)  Correct
0.433840 0.060572 0.335258 0.755874 0.387633 1.000000 0.000000 (0 , 0)  Correct
0.624548 0.869770 0.356972 0.317834 0.111433 1.000000 0.000000 (1 , 0)  Wrong  
0.618157 0.659325 0.180161 0.663875 0.545929 1.000000 0.000000 (0 , 0)  Correct
0.667253 0.378424 0.795560 0.691642 0.430300 0.000000 1.000000 (1 , 1)  Correct
0.851019 0.617562 0.515938 0.583671 0.846987 1.000000 0.000000 (0 , 0)  Correct
0.194188 0.033528 0.167112 0.313216 0.091745 0.000000 1.000000 (1 , 1)  Correct
0.860802 0.782843 0.509041 0.332889 0.297703 1.000000 0.000000 (0 , 0)  Correct
0.523981 0.572390 0.616533 0.864945 0.610594 1.000000 0.000000 (0 , 0)  Correct
0.098073 0.296370 0.661006 0.013782 0.344370 0.000000 1.000000 (1 , 1)  Correct
0.752367 0.237479 0.946475 0.965185 0.959411 1.000000 0.000000 (0 , 0)  Correct
0.003662 0.029941 0.653462 0.635484 0.299195 1.000000 0.000000 (0 , 0)  Correct
0.411724 0.075194 0.508248 0.599587 0.702469 1.000000 0.000000 (0 , 0)  Correct
0.592873 0.430124 0.654440 0.772393 0.882230 1.000000 0.000000 (0 , 0)  Correct
0.781656 0.415290 0.349297 0.455756 0.023406 0.000000 1.000000 (1 , 1)  Correct
0.834223 0.879040 0.283365 0.805568 0.284747 1.000000 0.000000 (0 , 0)  Correct
0.106336 0.265357 0.869894 0.833103 1.109057 1.000000 0.000000 (0 , 0)  Correct
0.718954 0.931114 0.355763 0.544004 0.027525 1.000000 0.000000 (1 , 0)  Wrong  
0.753328 0.604695 0.818560 0.049765 0.383053 0.000000 1.000000 (1 , 1)  Correct
0.642329 0.035186 0.058616 0.272667 0.392792 0.000000 1.000000 (1 , 1)  Correct
0.522056 0.811992 0.353404 0.518471 0.508652 1.000000 0.000000 (0 , 0)  Correct
0.920563 0.601341 0.149701 0.524162 0.813049 1.000000 0.000000 (0 , 0)  Correct
0.286006 0.711163 0.619444 0.913233 1.059363 1.000000 0.000000 (0 , 0)  Correct
0.301503 0.521845 0.925338 0.120908 0.160916 0.000000 1.000000 (1 , 1)  Correct
0.193089 0.969721 0.433779 0.098722 0.049924 0.000000 1.000000 (1 , 1)  Correct
0.583240 0.505559 0.384868 0.284695 0.068938 0.000000 1.000000 (1 , 1)  Correct
0.860638 0.834073 0.201253 0.744226 0.161005 1.000000 0.000000 (0 , 0)  Correct
0.848388 0.835200 0.564216 0.860504 0.648053 1.000000 0.000000 (0 , 0)  Correct
0.030437 0.436096 0.049809 0.794045 0.737253 1.000000 0.000000 (0 , 0)  Correct
0.723800 0.406831 0.722556 0.951450 0.439460 1.000000 0.000000 (0 , 0)  Correct
0.922273 0.155383 0.560726 0.216210 0.306241 0.000000 1.000000 (1 , 1)  Correct
0.275325 0.160950 0.259738 0.511741 0.148905 0.000000 1.000000 (1 , 1)  Correct
0.004370 0.771525 0.988466 0.701400 0.658001 1.000000 0.000000 (0 , 0)  Correct
0.936087 0.264564 0.958312 0.694520 1.046991 0.000000 1.000000 (1 , 1)  Correct
0.720992 0.390807 0.727094 0.233917 0.034760 0.000000 1.000000 (1 , 1)  Correct
0.112814 0.653602 0.993604 0.001458 0.690509 0.000000 1.000000 (1 , 1)  Correct
0.780951 0.381693 0.171707 0.706626 0.274992 1.000000 0.000000 (0 , 0)  Correct
0.932141 0.795066 0.783539 0.530987 0.637907 1.000000 0.000000 (0 , 0)  Correct
0.032089 0.803479 0.239444 0.001697 0.322697 0.000000 1.000000 (1 , 1)  Correct
0.712388 0.778273 0.586023 0.872035 0.957359 1.000000 0.000000 (0 , 0)  Correct
0.200419 0.062479 0.402661 0.209052 0.258099 0.000000 1.000000 (1 , 1)  Correct
0.148516 0.094587 0.089966 0.440150 0.026841 0.000000 1.000000 (1 , 1)  Correct
0.312892 0.780131 0.563154 0.904382 0.806803 1.000000 0.000000 (0 , 0)  Correct
0.774189 0.714985 0.703034 0.302875 0.401405 1.000000 0.000000 (0 , 0)  Correct
0.429464 0.107386 0.168730 0.658605 0.568362 1.000000 0.000000 (0 , 0)  Correct
0.387579 0.324868 0.446174 0.791262 0.118693 1.000000 0.000000 (0 , 0)  Correct
0.034778 0.969765 0.724611 0.200646 0.127062 0.000000 1.000000 (1 , 1)  Correct
0.095793 0.825460 0.529943 0.444390 0.163693 1.000000 0.000000 (0 , 0)  Correct
0.965968 0.977455 0.357208 0.905417 0.219996 1.000000 0.000000 (0 , 0)  Correct
0.469027 0.461189 0.968362 0.083765 0.611382 0.000000 1.000000 (1 , 1)  Correct
0.754719 0.984819 0.904546 0.528860 0.130730 0.000000 1.000000 (0 , 1)  Wrong  
0.183040 0.182419 0.377829 0.064483 0.251940 0.000000 1.000000 (1 , 1)  Correct
0.976567 0.533692 0.947751 0.361941 0.308206 0.000000 1.000000 (1 , 1)  Correct
0.775807 0.102912 0.231240 0.000021 0.560898 0.000000 1.000000 (1 , 1)  Correct
0.297108 0.664846 0.398823 0.225457 0.485512 1.000000 0.000000 (1 , 0)  Wrong  
0.259242 0.161381 0.773828 0.507537 0.335031 0.000000 1.000000 (1 , 1)  Correct
0.340731 0.831989 0.513706 0.977552 1.099824 1.000000 0.000000 (0 , 0)  Correct
0.295194 0.346533 0.568874 0.770552 0.707907 1.000000 0.000000 (0 , 0)  Correct
0.684499 0.902682 0.890579 0.455786 0.015086 1.000000 0.000000 (0 , 0)  Correct
0.421983 0.094953 0.577924 0.965893 0.465157 1.000000 0.000000 (0 , 0)  Correct
0.579970 0.480543 0.774075 0.025664 0.163548 0.000000 1.000000 (1 , 1)  Correct
0.862648 0.721223 0.401945 0.851767 1.097528 1.000000 0.000000 (0 , 0)  Correct
0.562954 0.033117 0.949886 0.157475 0.054677 0.000000 1.000000 (1 , 1)  Correct
0.276525 0.989635 0.633221 0.063841 0.153400 0.000000 1.000000 (1 , 1)  Correct
0.309758 0.559782 0.831277 0.703335 0.995281 1.000000 0.000000 (0 , 0)  Correct
0.139316 0.186882 0.237431 0.916206 0.247705 1.000000 0.000000 (0 , 0)  Correct
0.536591 0.784070 0.413268 0.796289 0.478877 1.000000 0.000000 (0 , 0)  Correct
0.071183 0.305110 0.122038 0.754099 0.628698 0.000000 1.000000 (0 , 1)  Wrong  
0.292533 0.104783 0.673677 0.543376 0.817800 0.000000 1.000000 (1 , 1)  Correct
0.347410 0.194680 0.418988 0.155263 0.335340 0.000000 1.000000 (1 , 1)  Correct
0.604820 0.790260 0.969322 0.934490 0.266783 1.000000 0.000000 (0 , 0)  Correct
0.675111 0.796046 0.560155 0.526801 0.623075 1.000000 0.000000 (0 , 0)  Correct
0.265984 0.150198 0.137116 0.638963 0.033999 0.000000 1.000000 (1 , 1)  Correct
0.826267 0.810104 0.719310 0.894430 0.371678 1.000000 0.000000 (0 , 0)  Correct
0.565882 0.669375 0.648134 0.611695 0.197523 1.000000 0.000000 (0 , 0)  Correct
0.902318 0.416390 0.151499 0.930979 0.221919 1.000000 0.000000 (0 , 0)  Correct
0.796174 0.337672 0.293565 0.680746 0.256270 0.000000 1.000000 (1 , 1)  Correct
0.030144 0.898509 0.367349 0.521027 0.607813 1.000000 0.000000 (0 , 0)  Correct
0.167621 0.660748 0.001066 0.538237 0.372052 1.000000 0.000000 (0 , 0)  Correct
0.366709 0.286165 0.903294 0.408548 0.029447 0.000000 1.000000 (1 , 1)  Correct
0.030165 0.085766 0.349770 0.806455 0.759711 1.000000 0.000000 (0 , 0)  Correct
0.804677 0.373164 0.433093 0.724436 0.498802 1.000000 0.000000 (0 , 0)  Correct
0.686279 0.826525 0.366235 0.101023 0.105812 0.000000 1.000000 (1 , 1)  Correct
0.144187 0.720770 0.852297 0.440791 0.472882 1.000000 0.000000 (0 , 0)  Correct
0.911581 0.322382 0.823418 0.263016 0.686292 0.000000 1.000000 (1 , 1)  Correct
0.435712 0.505793 0.962533 0.048836 0.644936 0.000000 1.000000 (1 , 1)  Correct
0.415685 0.815341 0.137227 0.181896 0.782564 0.000000 1.000000 (1 , 1)  Correct
0.436506 0.322771 0.626244 0.007344 0.034094 0.000000 1.000000 (1 , 1)  Correct
0.359244 0.779680 0.752916 0.881151 0.630578 1.000000 0.000000 (0 , 0)  Correct
0.043732 0.299631 0.347149 0.758441 0.975771 0.000000 1.000000 (0 , 1)  Wrong  
0.692427 0.188488 0.108193 0.788490 0.917544 1.000000 0.000000 (0 , 0)  Correct
0.755688 0.136204 0.642935 0.357678 0.105102 0.000000 1.000000 (1 , 1)  Correct
0.402326 0.851501 0.144455 0.362497 0.179786 1.000000 0.000000 (1 , 0)  Wrong  
0.079791 0.924963 0.449189 0.015227 0.504894 0.000000 1.000000 (1 , 1)  Correct
0.144824 0.308590 0.637670 0.497594 0.655762 0.000000 1.000000 (1 , 1)  Correct
0.099445 0.863367 0.587151 0.095086 0.044299 0.000000 1.000000 (1 , 1)  Correct
0.757192 0.013294 0.193859 0.379208 0.745585 1.000000 0.000000 (1 , 0)  Wrong  
0.419296 0.217176 0.737506 0.369173 0.298570 0.000000 1.000000 (1 , 1)  Correct
0.761137 0.790772 0.231031 0.711006 0.540264 1.000000 0.000000 (0 , 0)  Correct
0.634792 0.144122 0.402199 0.573166 0.488390 0.000000 1.000000 (1 , 1)  Correct
0.271933 0.804531 0.978067 0.486071 0.811187 1.000000 0.000000 (0 , 0)  Correct
0.632205 0.237303 0.285335 0.560991 0.615778 0.000000 1.000000 (1 , 1)  Correct
0.191258 0.516334 0.212985 0.723901 0.544875 1.000000 0.000000 (0 , 0)  Correct
0.153725 0.897685 0.769116 0.604804 0.274153 1.000000 0.000000 (0 , 0)  Correct
0.254466 0.373632 0.215567 0.845107 0.341858 1.000000 0.000000 (0 , 0)  Correct
0.575719 0.895071 0.631555 0.637364 0.123268 1.000000 0.000000 (0 , 0)  Correct
0.307247 0.208922 0.422884 0.605679 0.403515 0.000000 1.000000 (1 , 1)  Correct
0.614264 0.726930 0.528807 0.483662 0.174151 1.000000 0.000000 (0 , 0)  Correct
0.476651 0.585387 0.970425 0.762690 0.754068 1.000000 0.000000 (0 , 0)  Correct
0.778186 0.634447 0.336161 0.378679 0.864505 1.000000 0.000000 (0 , 0)  Correct
0.172267 0.573201 0.649739 0.893334 0.739387 1.000000 0.000000 (0 , 0)  Correct
0.769721 0.385181 0.240985 0.318159 0.078545 0.000000 1.000000 (1 , 1)  Correct
0.020374 0.690877 0.024188 0.039147 0.386456 0.000000 1.000000 (1 , 1)  Correct
0.075145 0.181688 0.343527 0.039259 0.145949 0.000000 1.000000 (1 , 1)  Correct
0.782276 0.996024 0.178712 0.097308 0.059135 0.000000 1.000000 (1 , 1)  Correct
0.298709 0.305511 0.681595 0.677958 0.646071 0.000000 1.000000 (1 , 1)  Correct
0.825082 0.559898 0.684101 0.130876 0.018180 0.000000 1.000000 (1 , 1)  Correct
0.043376 0.355883 0.052238 0.400100 0.459019 0.000000 1.000000 (1 , 1)  Correct
0.094338 0.810109 0.582971 0.019854 0.134373 0.000000 1.000000 (1 , 1)  Correct
0.433246 0.192539 0.555137 0.552947 0.548326 0.000000 1.000000 (1 , 1)  Correct
0.276426 0.475879 0.952771 0.124948 0.430132 0.000000 1.000000 (1 , 1)  Correct
0.868077 0.942003 0.818410 0.134106 0.449152 0.000000 1.000000 (1 , 1)  Correct
0.702025 0.120203 0.157037 0.885892 0.538389 1.000000 0.000000 (0 , 0)  Correct
0.869678 0.676726 0.540364 0.624726 0.642596 1.000000 0.000000 (0 , 0)  Correct
0.184580 0.493307 0.448039 0.526222 0.263527 1.000000 0.000000 (0 , 0)  Correct
0.031244 0.626449 0.708377 0.483820 0.897111 1.000000 0.000000 (0 , 0)  Correct
0.571477 0.191763 0.271145 0.286370 0.548462 0.000000 1.000000 (1 , 1)  Correct
0.417939 0.031171 0.963825 0.850594 0.719001 1.000000 0.000000 (0 , 0)  Correct
0.298622 0.357650 0.114411 0.856951 1.010793 1.000000 0.000000 (0 , 0)  Correct
0.209429 0.995093 0.635331 0.251663 0.793209 0.000000 1.000000 (1 , 1)  Correct
0.206527 0.402122 0.483142 0.934123 1.063640 1.000000 0.000000 (0 , 0)  Correct
0.221968 0.950910 0.568056 0.360025 0.112423 0.000000 1.000000 (1 , 1)  Correct
0.054701 0.987773 0.018881 0.068891 0.079046 0.000000 1.000000 (1 , 1)  Correct
0.909581 0.593834 0.659105 0.102663 0.197196 0.000000 1.000000 (1 , 1)  Correct
0.045223 0.754161 0.194639 0.232233 0.303523 1.000000 0.000000 (1 , 0)  Wrong  
0.595002 0.394713 0.208430 0.663661 1.030714 0.000000 1.000000 (0 , 1)  Wrong  
0.009874 0.520867 0.562275 0.767915 0.091640 1.000000 0.000000 (0 , 0)  Correct
0.678255 0.051636 0.005661 0.179695 0.131300 0.000000 1.000000 (1 , 1)  Correct
0.227348 0.952483 0.651338 0.654888 0.714925 1.000000 0.000000 (0 , 0)  Correct
0.408554 0.489377 0.062585 0.174792 0.545143 0.000000 1.000000 (1 , 1)  Correct
0.290614 0.919867 0.203162 0.251116 0.708097 0.000000 1.000000 (1 , 1)  Correct
0.632929 0.266080 0.108485 0.031211 0.253629 0.000000 1.000000 (1 , 1)  Correct
0.944612 0.042085 0.539402 0.940740 0.960172 1.000000 0.000000 (0 , 0)  Correct
0.035867 0.496529 0.845143 0.043342 0.097471 0.000000 1.000000 (1 , 1)  Correct
0.072174 0.143373 0.802468 0.356422 0.025531 0.000000 1.000000 (1 , 1)  Correct
0.077282 0.651410 0.356661 0.851477 0.189059 1.000000 0.000000 (0 , 0)  Correct
0.219160 0.609528 0.156944 0.098769 0.069064 0.000000 1.000000 (1 , 1)  Correct
0.209255 0.841916 0.602211 0.302351 0.786537 1.000000 0.000000 (0 , 0)  Correct
0.613628 0.878075 0.854310 0.124701 0.043991 0.000000 1.000000 (1 , 1)  Correct
0.182693 0.449080 0.987317 0.033304 0.685551 0.000000 1.000000 (1 , 1)  Correct
0.756344 0.546610 0.657429 0.226636 0.809471 0.000000 1.000000 (1 , 1)  Correct
0.270423 0.207209 0.013493 0.326962 0.154012 0.000000 1.000000 (1 , 1)  Correct
0.104338 0.833672 0.521068 0.274374 0.453441 1.000000 0.000000 (1 , 0)  Wrong  
0.929911 0.100798 0.720910 0.033288 0.150591 0.000000 1.000000 (1 , 1)  Correct
0.761150 0.376537 0.100329 0.141547 0.414300 0.000000 1.000000 (1 , 1)  Correct
0.617580 0.684293 0.078869 0.605905 0.196367 1.000000 0.000000 (0 , 0)  Correct
0.146324 0.600296 0.431976 0.488520 0.252333 1.000000 0.000000 (0 , 0)  Correct
0.765383 0.684078 0.307082 0.549539 0.716092 1.000000 0.000000 (0 , 0)  Correct
0.642134 0.142598 0.376415 0.823609 0.528317 1.000000 0.000000 (0 , 0)  Correct
0.914529 0.992069 0.922306 0.825481 0.287953 1.000000 0.000000 (0 , 0)  Correct
0.376754 0.068433 0.798333 0.514491 0.842006 1.000000 0.000000 (1 , 0)  Wrong  
0.603586 0.410282 0.838271 0.011919 0.162868 0.000000 1.000000 (1 , 1)  Correct
0.767589 0.859331 0.941975 0.671693 0.100566 0.000000 1.000000 (0 , 1)  Wrong  
0.413017 0.755750 0.836753 0.266043 0.117394 1.000000 0.000000 (0 , 0)  Correct
0.173165 0.411345 0.963639 0.076017 0.104274 0.000000 1.000000 (1 , 1)  Correct
0.239350 0.185171 0.108720 0.384772 0.158106 0.000000 1.000000 (1 , 1)  Correct
0.362880 0.526201 0.891427 0.571791 0.478870 1.000000 0.000000 (0 , 0)  Correct
0.176248 0.848654 0.487725 0.510989 0.375373 1.000000 0.000000 (0 , 0)  Correct
0.717664 0.629990 0.820090 0.597816 0.149600 1.000000 0.000000 (0 , 0)  Correct
0.444230 0.231947 0.512099 0.282165 0.567281 0.000000 1.000000 (1 , 1)  Correct
0.183756 0.703768 0.877787 0.777876 0.970921 1.000000 0.000000 (0 , 0)  Correct
0.016670 0.796507 0.395488 0.468236 0.061654 1.000000 0.000000 (0 , 0)  Correct
0.371190 0.660449 0.120612 0.742706 0.217824 1.000000 0.000000 (0 , 0)  Correct
0.721084 0.776806 0.119644 0.395616 0.563249 1.000000 0.000000 (0 , 0)  Correct
0.376384 0.652360 0.823663 0.605262 0.998147 1.000000 0.000000 (0 , 0)  Correct
0.587868 0.244233 0.270900 0.704212 0.642217 0.000000 1.000000 (0 , 1)  Wrong  
0.628444 0.043841 0.869075 0.761210 0.993188 1.000000 0.000000 (0 , 0)  Correct
0.626487 0.796978 0.503931 0.234331 0.648166 1.000000 0.000000 (1 , 0)  Wrong  
0.509818 0.033246 0.191211 0.936462 0.212255 1.000000 0.000000 (0 , 0)  Correct
0.516362 0.485259 0.436691 0.090337 0.213479 0.000000 1.000000 (1 , 1)  Correct
0.188281 0.158750 0.949332 0.653672 0.611946 0.000000 1.000000 (1 , 1)  Correct
0.340723 0.831282 0.680477 0.177941 0.769754 0.000000 1.000000 (1 , 1)  Correct
0.359705 0.172305 0.047425 0.539547 0.497358 0.000000 1.000000 (1 , 1)  Correct
0.119415 0.053303 0.724469 0.762007 0.621204 1.000000 0.000000 (0 , 0)  Correct
0.162018 0.016146 0.306234 0.144857 0.618297 0.000000 1.000000 (1 , 1)  Correct
0.156132 0.853163 0.648254 0.841731 1.002030 1.000000 0.000000 (0 , 0)  Correct
0.692682 0.886202 0.425655 0.199009 0.439438 0.000000 1.000000 (1 , 1)  Correct
0.290146 0.376678 0.240348 0.390081 0.670982 0.000000 1.000000 (1 , 1)  Correct
0.057741 0.616804 0.608478 0.471070 0.312840 1.000000 0.000000 (0 , 0)  Correct
0.364868 0.206250 0.581194 0.754377 0.332867 0.000000 1.000000 (0 , 1)  Wrong  
0.384993 0.871055 0.292645 0.659115 0.281750 1.000000 0.000000 (0 , 0)  Correct
0.595693 0.495086 0.250294 0.764864 0.889728 1.000000 0.000000 (0 , 0)  Correct
0.724677 0.871231 0.626896 0.979759 0.571283 1.000000 0.000000 (0 , 0)  Correct
0.836849 0.602392 0.306264 0.348183 0.642431 1.000000 0.000000 (0 , 0)  Correct
0.328748 0.653611 0.927701 0.379771 0.267186 1.000000 0.000000 (0 , 0)  Correct
0.102463 0.838914 0.380188 0.692589 0.627010 1.000000 0.000000 (0 , 0)  Correct
0.519580 0.082082 0.631501 0.541627 0.103338 1.000000 0.000000 (0 , 0)  Correct
0.268160 0.182212 0.793181 0.261810 0.080932 0.000000 1.000000 (1 , 1)  Correct
0.054754 0.104917 0.413393 0.104880 0.111768 0.000000 1.000000 (1 , 1)  Correct
0.070632 0.071032 0.207575 0.204406 0.467184 0.000000 1.000000 (1 , 1)  Correct
0.423159 0.989086 0.013370 0.775239 0.680531 1.000000 0.000000 (0 , 0)  Correct
0.016941 0.638153 0.817157 0.955515 0.222040 1.000000 0.000000 (0 , 0)  Correct
0.312501 0.516489 0.563804 0.243200 0.763729 0.000000 1.000000 (1 , 1)  Correct
0.387443 0.991091 0.245458 0.077862 0.443703 0.000000 1.000000 (1 , 1)  Correct
0.249652 0.376468 0.641487 0.084137 0.240478 0.000000 1.000000 (1 , 1)  Correct
0.807668 0.400023 0.032924 0.638884 0.550806 0.000000 1.000000 (0 , 1)  Wrong  
0.262108 0.238989 0.972646 0.061704 0.094234 0.000000 1.000000 (1 , 1)  Correct
0.789275 0.502318 0.708917 0.670888 0.957740 1.000000 0.000000 (0 , 0)  Correct
0.878585 0.242865 0.940542 0.506441 0.451605 0.000000 1.000000 (1 , 1)  Correct
0.052305 0.883041 0.492665 0.511065 0.472909 1.000000 0.000000 (0 , 0)  Correct
0.886237 0.883390 0.978026 0.691440 0.956104 1.000000 0.000000 (0 , 0)  Correct
0.199159 0.640812 0.469710 0.068284 0.699460 0.000000 1.000000 (1 , 1)  Correct
0.700485 0.533759 0.951014 0.376966 0.103273 0.000000 1.000000 (1 , 1)  Correct
0.401135 0.798387 0.827258 0.313503 0.013647 1.000000 0.000000 (0 , 0)  Correct
0.920645 0.084656 0.664844 0.945891 1.018563 1.000000 0.000000 (0 , 0)  Correct
0.287430 0.667345 0.057025 0.540699 0.654697 1.000000 0.000000 (0 , 0)  Correct
0.950962 0.436386 0.700772 0.801828 0.657719 1.000000 0.000000 (0 , 0)  Correct
0.170336 0.526248 0.623257 0.195175 0.352916 0.000000 1.000000 (1 , 1)  Correct
0.243186 0.827907 0.828586 0.951833 0.929026 1.000000 0.000000 (0 , 0)  Correct
0.259661 0.221655 0.229560 0.316122 0.691596 0.000000 1.000000 (1 , 1)  Correct
0.560035 0.237168 0.750740 0.945552 0.996536 1.000000 0.000000 (0 , 0)  Correct
0.523016 0.551362 0.794052 0.890325 0.506792 1.000000 0.000000 (0 , 0)  Correct
0.276770 0.337095 0.071148 0.592693 0.545945 0.000000 1.000000 (1 , 1)  Correct
0.834424 0.539244 0.294336 0.663861 0.041965 1.000000 0.000000 (0 , 0)  Correct
0.342337 0.741629 0.480262 0.130685 0.525893 0.000000 1.000000 (1 , 1)  Correct
0.393345 0.961070 0.343443 0.208696 0.652977 0.000000 1.000000 (1 , 1)  Correct
0.616839 0.526172 0.422840 0.764413 0.604866 1.000000 0.000000 (0 , 0)  Correct
0.966651 0.730675 0.380089 0.291029 0.225159 1.000000 0.000000 (0 , 0)  Correct
0.174851 0.256821 0.883635 0.749901 0.583287 0.000000 1.000000 (1 , 1)  Correct
0.213738 0.005857 0.729102 0.838269 0.278584 1.000000 0.000000 (0 , 0)  Correct
0.895765 0.012768 0.546135 0.443806 0.763518 1.000000 0.000000 (1 , 0)  Wrong  
0.242750 0.123370 0.925685 0.051528 0.488284 0.000000 1.000000 (1 , 1)  Correct
0.455104 0.136242 0.424613 0.990615 0.991825 1.000000 0.000000 (0 , 0)  Correct
0.104758 0.722403 0.594540 0.460489 0.493266 1.000000 0.000000 (0 , 0)  Correct
0.696991 0.694357 0.160276 0.569413 0.012797 1.000000 0.000000 (0 , 0)  Correct
0.686042 0.665904 0.765377 0.967535 0.243589 1.000000 0.000000 (0 , 0)  Correct
0.336711 0.887259 0.816440 0.372090 0.639807 1.000000 0.000000 (0 , 0)  Correct
0.035390 0.619130 0.473469 0.178010 0.370939 0.000000 1.000000 (1 , 1)  Correct
0.942113 0.886931 0.736251 0.734870 0.644142 1.000000 0.000000 (0 , 0)  Correct
0.093232 0.394805 0.090868 0.563486 0.753840 0.000000 1.000000 (1 , 1)  Correct
0.700851 0.841033 0.827246 0.095044 0.214881 0.000000 1.000000 (1 , 1)  Correct
0.767984 0.424247 0.666628 0.254920 0.617460 0.000000 1.000000 (1 , 1)  Correct
0.407940 0.026171 0.188061 0.694760 0.125060 1.000000 0.000000 (0 , 0)  Correct
0.517416 0.963850 0.621594 0.512558 0.695259 0.000000 1.000000 (0 , 1)  Wrong  
0.315330 0.384937 0.693830 0.203765 0.531092 0.000000 1.000000 (1 , 1)  Correct
0.187095 0.896295 0.310159 0.169481 0.693212 0.000000 1.000000 (1 , 1)  Correct
0.786968 0.931124 0.016192 0.682974 0.372107 1.000000 0.000000 (0 , 0)  Correct
0.450113 0.235859 0.993497 0.595656 0.865199 0.000000 1.000000 (1 , 1)  Correct
0.378844 0.757478 0.170767 0.560717 0.749140 1.000000 0.000000 (0 , 0)  Correct
0.232879 0.697200 0.790371 0.979363 0.415118 1.000000 0.000000 (0 , 0)  Correct
0.884055 0.630365 0.165370 0.543574 0.251726 1.000000 0.000000 (0 , 0)  Correct
0.320964 0.936997 0.739328 0.972895 0.888252 1.000000 0.000000 (0 , 0)  Correct
0.846173 0.405722 0.360120 0.633646 0.948197 0.000000 1.000000 (0 , 1)  Wrong  
0.609221 0.327814 0.100100 0.999375 0.626906 1.000000 0.000000 (0 , 0)  Correct
0.742282 0.750679 0.916527 0.674148 0.937394 1.000000 0.000000 (0 , 0)  Correct
0.402080 0.373567 0.997333 0.767589 0.741118 1.000000 0.000000 (1 , 0)  Wrong  
0.752477 0.905214 0.503487 0.095198 0.583459 0.000000 1.000000 (1 , 1)  Correct
0.798625 0.125965 0.797902 0.791703 0.626298 1.000000 0.000000 (0 , 0)  Correct
0.520856 0.468226 0.239087 0.781673 0.389445 1.000000 0.000000 (0 , 0)  Correct
0.696676 0.211307 0.966400 0.962730 1.091775 1.000000 0.000000 (0 , 0)  Correct
0.886203 0.442398 0.931152 0.235020 0.130877 0.000000 1.000000 (1 , 1)  Correct
0.222766 0.327002 0.376984 0.468640 0.320583 0.000000 1.000000 (1 , 1)  Correct
0.335571 0.022217 0.586405 0.450871 0.756211 1.000000 0.000000 (0 , 0)  Correct
0.820372 0.317191 0.894563 0.609973 0.860195 0.000000 1.000000 (1 , 1)  Correct
0.155739 0.859542 0.811705 0.184373 0.612392 0.000000 1.000000 (1 , 1)  Correct
0.626917 0.186845 0.594083 0.307828 0.068708 0.000000 1.000000 (1 , 1)  Correct
0.513241 0.791082 0.536833 0.525071 0.422595 1.000000 0.000000 (0 , 0)  Correct
0.810930 0.663719 0.659613 0.351124 0.770242 1.000000 0.000000 (0 , 0)  Correct
0.387586 0.262160 0.167805 0.953244 0.300153 1.000000 0.000000 (0 , 0)  Correct
0.465952 0.167526 0.832129 0.679983 0.506489 0.000000 1.000000 (1 , 1)  Correct
0.260263 0.931147 0.388084 0.299565 0.631606 0.000000 1.000000 (1 , 1)  Correct
0.219053 0.295719 0.232356 0.252124 0.727633 0.000000 1.000000 (1 , 1)  Correct
0.837308 0.188931 0.583579 0.279949 0.206264 0.000000 1.000000 (1 , 1)  Correct
0.317877 0.185244 0.184991 0.289138 0.226864 0.000000 1.000000 (1 , 1)  Correct
0.721434 0.577800 0.726214 0.527474 0.933586 1.000000 0.000000 (0 , 0)  Correct
0.212115 0.359645 0.285602 0.949527 0.883000 1.000000 0.000000 (0 , 0)  Correct
0.143697 0.344121 0.350067 0.293248 0.366500 0.000000 1.000000 (1 , 1)  Correct
0.851433 0.920903 0.366853 0.725369 0.078315 1.000000 0.000000 (0 , 0)  Correct
0.901796 0.609168 0.288438 0.238099 0.116465 0.000000 1.000000 (1 , 1)  Correct
0.730109 0.195368 0.932139 0.109493 0.463097 0.000000 1.000000 (1 , 1)  Correct
0.588175 0.892508 0.049542 0.986952 0.379976 1.000000 0.000000 (0 , 0)  Correct
0.323034 0.193168 0.620237 0.330038 0.004276 0.000000 1.000000 (1 , 1)  Correct
0.897768 0.972286 0.219374 0.367786 0.461475 0.000000 1.000000 (1 , 1)  Correct
0.946349 0.490478 0.577802 0.199268 0.170022 0.000000 1.000000 (1 , 1)  Correct
0.205763 0.316804 0.857649 0.507031 0.047750 0.000000 1.000000 (1 , 1)  Correct
0.200631 0.394004 0.157297 0.373520 0.023381 0.000000 1.000000 (1 , 1)  Correct
0.475628 0.571768 0.177541 0.203285 0.189404 0.000000 1.000000 (1 , 1)  Correct
0.248846 0.497078 0.055786 0.571166 0.864597 1.000000 0.000000 (0 , 0)  Correct
0.989526 0.837570 0.411549 0.251227 0.076656 1.000000 0.000000 (1 , 0)  Wrong  
0.911254 0.986726 0.539627 0.545443 0.552175 0.000000 1.000000 (1 , 1)  Correct
0.413165 0.720983 0.239426 0.637606 0.113911 1.000000 0.000000 (0 , 0)  Correct
0.457732 0.311084 0.783549 0.859059 0.571578 1.000000 0.000000 (0 , 0)  Correct
0.119999 0.395648 0.267935 0.781162 0.504259 1.000000 0.000000 (0 , 0)  Correct
0.096897 0.066548 0.881667 0.757417 0.753223 1.000000 0.000000 (0 , 0)  Correct
0.937784 0.155723 0.311079 0.238382 0.229781 0.000000 1.000000 (1 , 1)  Correct
0.764779 0.214018 0.757794 0.687358 0.258109 0.000000 1.000000 (1 , 1)  Correct
0.376128 0.197074 0.706381 0.546943 0.840044 0.000000 1.000000 (1 , 1)  Correct
0.331160 0.983626 0.456133 0.258274 0.196806 0.000000 1.000000 (1 , 1)  Correct
0.014735 0.610376 0.105381 0.128727 0.144811 0.000000 1.000000 (1 , 1)  Correct
0.647217 0.077308 0.493164 0.692496 0.236188 1.000000 0.000000 (0 , 0)  Correct
0.128211 0.820506 0.291822 0.424280 0.225940 1.000000 0.000000 (0 , 0)  Correct
0.923373 0.028609 0.756338 0.061798 0.053514 0.000000 1.000000 (1 , 1)  Correct
0.779787 0.956599 0.569728 0.680594 0.777211 1.000000 0.000000 (0 , 0)  Correct
0.482990 0.829084 0.540638 0.856918 1.064792 1.000000 0.000000 (0 , 0)  Correct
0.668992 0.887143 0.438334 0.064086 0.093181 0.000000 1.000000 (1 , 1)  Correct
0.563913 0.180680 0.025894 0.686961 0.046477 0.000000 1.000000 (1 , 1)  Correct
0.076590 0.904488 0.523906 0.020638 0.682128 0.000000 1.000000 (1 , 1)  Correct
0.082309 0.983471 0.738007 0.155558 0.470631 0.000000 1.000000 (1 , 1)  Correct
0.560874 0.293146 0.917254 0.054595 0.193830 0.000000 1.000000 (1 , 1)  Correct
0.111893 0.918111 0.237626 0.210659 0.264857 0.000000 1.000000 (1 , 1)  Correct
0.443299 0.266251 0.340921 0.348571 0.146181 0.000000 1.000000 (1 , 1)  Correct
0.131291 0.232395 0.703907 0.514830 0.629934 0.000000 1.000000 (1 , 1)  Correct
0.382017 0.004563 0.750976 0.895964 0.299128 1.000000 0.000000 (0 , 0)  Correct
0.327209 0.091301 0.994735 0.632941 0.649477 1.000000 0.000000 (1 , 0)  Wrong  
0.636284 0.782380 0.295871 0.068025 0.442703 0.000000 1.000000 (1 , 1)  Correct
0.863627 0.099870 0.647885 0.084106 0.566867 0.000000 1.000000 (1 , 1)  Correct
0.339291 0.414748 0.950977 0.787387 0.138929 1.000000 0.000000 (0 , 0)  Correct
0.838720 0.858329 0.270519 0.554753 0.612407 1.000000 0.000000 (0 , 0)  Correct
0.258688 0.510323 0.051979 0.729907 0.187026 1.000000 0.000000 (0 , 0)  Correct
0.298915 0.658801 0.892457 0.819708 1.041297 1.000000 0.000000 (0 , 0)  Correct
0.915424 0.264285 0.696518 0.226704 0.353666 0.000000 1.000000 (1 , 1)  Correct
0.073914 0.683001 0.348965 0.168160 0.564589 0.000000 1.000000 (1 , 1)  Correct
0.963212 0.775654 0.797708 0.788266 0.372005 1.000000 0.000000 (0 , 0)  Correct
0.691831 0.310279 0.188904 0.381384 0.126833 0.000000 1.000000 (1 , 1)  Correct
0.567109 0.123407 0.055900 0.422507 0.022386 0.000000 1.000000 (1 , 1)  Correct
0.980412 0.395392 0.372779 0.559092 0.009123 0.000000 1.000000 (1 , 1)  Correct
0.155109 0.685748 0.235925 0.168642 0.208877 0.000000 1.000000 (1 , 1)  Correct
0.089030 0.625376 0.818095 0.341300 0.341596 1.000000 0.000000 (0 , 0)  Correct
0.376329 0.436923 0.217538 0.518754 0.708311 0.000000 1.000000 (1 , 1)  Correct
0.576812 0.314897 0.208755 0.322570 0.006014 0.000000 1.000000 (1 , 1)  Correct
0.979907 0.205950 0.299523 0.648936 0.123177 0.000000 1.000000 (1 , 1)  Correct
0.112451 0.249447 0.946510 0.705518 0.258120 0.000000 1.000000 (1 , 1)  Correct
0.231923 0.131633 0.296335 0.631876 0.024402 0.000000 1.000000 (0 , 1)  Wrong  
0.786209 0.435777 0.584218 0.490446 0.476398 0.000000 1.000000 (1 , 1)  Correct
0.654593 0.798248 0.256993 0.052762 0.172142 0.000000 1.000000 (1 , 1)  Correct
0.263343 0.868921 0.001729 0.747986 0.797380 1.000000 0.000000 (0 , 0)  Correct
0.617365 0.786256 0.438806 0.700384 0.385312 1.000000 0.000000 (0 , 0)  Correct
0.217483 0.675206 0.021240 0.771632 1.054690 1.000000 0.000000 (0 , 0)  Correct
0.150785 0.622445 0.286846 0.255307 0.007748 0.000000 1.000000 (1 , 1)  Correct
0.866006 0.240603 0.238921 0.157019 0.622882 0.000000 1.000000 (1 , 1)  Correct
0.844420 0.363849 0.917533 0.146984 0.196777 0.000000 1.000000 (1 , 1)  Correct
0.051726 0.183816 0.809501 0.104841 0.148034 0.000000 1.000000 (1 , 1)  Correct
0.671941 0.299833 0.893743 0.001696 0.192806 0.000000 1.000000 (1 , 1)  Correct
0.391172 0.283464 0.604445 0.494282 0.449512 0.000000 1.000000 (1 , 1)  Correct
0.653821 0.506727 0.112143 0.353182 0.137697 0.000000 1.000000 (1 , 1)  Correct
0.245647 0.718746 0.708795 0.523816 0.162897 1.000000 0.000000 (0 , 0)  Correct
0.446568 0.239360 0.180917 0.537844 0.733890 0.000000 1.000000 (1 , 1)  Correct
0.068254 0.232948 0.082490 0.966278 0.319994 1.000000 0.000000 (0 , 0)  Correct
0.848585 0.393891 0.615399 0.946394 1.145279 1.000000 0.000000 (0 , 0)  Correct
0.214927 0.079189 0.392730 0.335064 0.494797 0.000000 1.000000 (1 , 1)  Correct
0.576094 0.526305 0.464202 0.053821 0.158037 0.000000 1.000000 (1 , 1)  Correct
0.811718 0.857760 0.434699 0.508332 0.732634 1.000000 0.000000 (0 , 0)  Correct
0.970740 0.160943 0.974448 0.899556 0.717006 1.000000 0.000000 (0 , 0)  Correct
0.766465 0.604438 0.096952 0.608096 0.434880 1.000000 0.000000 (0 , 0)  Correct
0.967513 0.373451 0.300671 0.939707 0.669244 1.000000 0.000000 (0 , 0)  Correct
0.798268 0.739165 0.995007 0.181072 0.579533 1.000000 0.000000 (0 , 0)  Correct
0.742958 0.882512 0.904350 0.443236 0.198590 1.000000 0.000000 (0 , 0)  Correct
0.462291 0.734432 0.643801 0.978156 0.550890 1.000000 0.000000 (0 , 0)  Correct
0.114122 0.134752 0.692914 0.853957 0.396386 1.000000 0.000000 (0 , 0)  Correct
0.657816 0.612788 0.650109 0.879416 1.087335 1.000000 0.000000 (0 , 0)  Correct
0.594739 0.117175 0.863727 0.790237 0.889457 1.000000 0.000000 (0 , 0)  Correct
0.545708 0.632804 0.792114 0.761458 0.509497 1.000000 0.000000 (0 , 0)  Correct
0.040964 0.881513 0.643169 0.604254 0.459702 1.000000 0.000000 (0 , 0)  Correct
0.781030 0.772908 0.797402 0.354057 0.318537 1.000000 0.000000 (0 , 0)  Correct
0.175750 0.872429 0.374300 0.382919 0.039095 0.000000 1.000000 (1 , 1)  Correct
0.918008 0.986856 0.482704 0.691774 0.846666 1.000000 0.000000 (0 , 0)  Correct
0.586022 0.786312 0.933540 0.230276 0.618019 0.000000 1.000000 (0 , 1)  Wrong  
0.356622 0.938065 0.102542 0.479597 0.738157 1.000000 0.000000 (1 , 0)  Wrong  
0.065850 0.198569 0.298252 0.705731 0.340773 1.000000 0.000000 (0 , 0)  Correct
0.279207 0.829675 0.524720 0.224830 0.503826 0.000000 1.000000 (1 , 1)  Correct
0.915409 0.025915 0.823107 0.301820 0.317527 0.000000 1.000000 (1 , 1)  Correct
0.256859 0.190778 0.944231 0.763235 0.116226 1.000000 0.000000 (0 , 0)  Correct
0.499125 0.071963 0.722279 0.406209 0.719728 1.000000 0.000000 (1 , 0)  Wrong  
0.852779 0.470115 0.957177 0.544487 0.062059 0.000000 1.000000 (1 , 1)  Correct
0.612095 0.947013 0.551028 0.523378 0.614448 1.000000 0.000000 (0 , 0)  Correct
0.694284 0.647630 0.888452 0.211612 0.096153 1.000000 0.000000 (1 , 0)  Wrong  
0.946339 0.811865 0.338898 0.088640 0.611331 1.000000 0.000000 (1 , 0)  Wrong  
0.308166 0.374380 0.038981 0.752209 0.804548 0.000000 1.000000 (0 , 1)  Wrong  
0.640342 0.300899 0.328943 0.785673 0.233301 1.000000 0.000000 (0 , 0)  Correct
0.298949 0.998444 0.602627 0.831684 0.284344 0.000000 1.000000 (0 , 1)  Wrong  
0.946971 0.028718 0.307646 0.250334 0.140050 1.000000 0.000000 (1 , 0)  Wrong  
0.100951 0.202030 0.314087 0.735467 0.151017 1.000000 0.000000 (0 , 0)  Correct
0.997767 0.396578 0.533986 0.624983 0.019360 1.000000 0.000000 (1 , 0)  Wrong  
0.086176 0.687158 0.416557 0.193638 0.189313 0.000000 1.000000 (1 , 1)  Correct
0.181214 0.250152 0.965078 0.760569 0.198073 1.000000 0.000000 (1 , 0)  Wrong  
0.284234 0.108629 0.587375 0.555591 0.286490 1.000000 0.000000 (0 , 0)  Correct
0.683156 0.428204 0.332620 0.722712 0.880340 0.000000 1.000000 (0 , 1)  Wrong  
0.047874 0.119104 0.041719 0.753575 0.337764 0.000000 1.000000 (0 , 1)  Wrong  
0.093812 0.360530 0.541256 0.668153 0.179360 1.000000 0.000000 (1 , 0)  Wrong  
0.957668 0.303439 0.059034 0.775969 0.143290 1.000000 0.000000 (0 , 0)  Correct
0.780873 0.207891 0.724222 0.897701 0.580832 0.000000 1.000000 (0 , 1)  Wrong  
0.416254 0.331843 0.488213 0.680906 0.198483 1.000000 0.000000 (1 , 0)  Wrong  
0.502866 0.656781 0.373924 0.145870 0.030944 1.000000 0.000000 (1 , 0)  Wrong  
0.244619 0.526364 0.834711 0.462765 0.328720 0.000000 1.000000 (0 , 1)  Wrong  
0.458672 0.027759 0.828175 0.394880 0.845792 0.000000 1.000000 (1 , 1)  Correct
0.609168 0.388534 0.893256 0.637804 0.728847 1.000000 0.000000 (1 , 0)  Wrong  
0.618191 0.950602 0.655117 0.537013 0.206339 1.000000 0.000000 (0 , 0)  Correct
0.184815 0.907115 0.875861 0.364860 0.624620 1.000000 0.000000 (0 , 0)  Correct
0.094839 0.278098 0.376337 0.846358 0.322617 0.000000 1.000000 (0 , 1)  Wrong  
0.616894 0.830072 0.573474 0.153987 0.521370 1.000000 0.000000 (1 , 0)  Wrong  
0.478014 0.344837 0.212038 0.772887 0.649946 0.000000 1.000000 (0 , 1)  Wrong  
0.441934 0.619302 0.464954 0.318008 0.599940 0.000000 1.000000 (0 , 1)  Wrong  
0.107656 0.579695 0.139983 0.402338 0.844138 0.000000 1.000000 (0 , 1)  Wrong  
0.068899 0.841823 0.727092 0.248410 0.565674 0.000000 1.000000 (1 , 1)  Correct
0.827204 0.413648 0.771373 0.598802 0.422542 1.000000 0.000000 (1 , 0)  Wrong  
0.497736 0.045204 0.931287 0.382153 0.740152 1.000000 0.000000 (1 , 0)  Wrong  
0.949747 0.395933 0.716638 0.726281 0.362286 0.000000 1.000000 (0 , 1)  Wrong  
0.925357 0.322138 0.730308 0.742956 0.992514 1.000000 0.000000 (1 , 0)  Wrong  
0.703671 0.609820 0.895566 0.187648 0.759240 1.000000 0.000000 (1 , 0)  Wrong  
0.674718 0.803484 0.856718 0.096458 0.473283 1.000000 0.000000 (1 , 0)  Wrong  
0.361208 0.317773 0.833805 0.738732 0.251263 1.000000 0.000000 (1 , 0)  Wrong  
0.493538 0.128366 0.809832 0.727872 0.788280 0.000000 1.000000 (0 , 1)  Wrong  
0.523375 0.783062 0.075068 0.091724 0.046266 1.000000 0.000000 (1 , 0)  Wrong  
0.216111 0.172709 0.437653 0.774361 0.470539 0.000000 1.000000 (0 , 1)  Wrong  
0.040169 0.822508 0.006945 0.239484 0.302199 0.000000 1.000000 (1 , 1)  Correct
0.526012 0.339601 0.506600 0.836521 0.518308 0.000000 1.000000 (0 , 1)  Wrong  
0.930486 0.771952 0.298619 0.227698 0.072732 0.000000 1.000000 (1 , 1)  Correct
0.274336 0.452814 0.558828 0.546928 0.882450 1.000000 0.000000 (0 , 0)  Correct
0.068227 0.110989 0.570572 0.637254 0.803644 0.000000 1.000000 (0 , 1)  Wrong  
0.506063 0.015502 0.405254 0.257730 0.694593 0.000000 1.000000 (1 , 1)  Correct
0.328628 0.929114 0.040574 0.448921 0.664174 1.000000 0.000000 (1 , 0)  Wrong  
0.210299 0.996730 0.883412 0.745137 0.586965 1.000000 0.000000 (0 , 0)  Correct
0.411878 0.912839 0.296476 0.454001 0.505411 0.000000 1.000000 (1 , 1)  Correct
0.851527 0.071681 0.054671 0.552325 0.930593 0.000000 1.000000 (0 , 1)  Wrong  
0.943433 0.442890 0.090050 0.523480 0.819310 1.000000 0.000000 (0 , 0)  Correct
