0.102455933 0.619171296 1
0.743725826 0.915381204 1
0.98804241 0.023123539 1
0.806672279 0.261469326 1
0.952410745 0.400346035 1
0.398399803 0.391736852 2
0.679671341 0.505131033 1
0.709070819 0.100501743 2
0.108943298 0.620720521 1
0.843127684 0.101137899 1
0.512906662 0.389567453 2
0.158098847 0.657605919 2
0.342956228 0.476604795 2
0.768444061 0.041179178 2
0.200331916 0.862397381 1
0.198813661 0.734240212 2
0.542600702 0.813051578 1
0.421096904 0.553022418 2
0.984865117 0.823757767 2
0.759634372 0.111172064 2
0.3050733 0.082840638 2
0.398969437 0.296005616 2
0.512805627 0.253192296 2
0.478513787 0.679337372 2
0.590912886 0.617963173 1
0.008502015 0.034752413 2
0.76938103 0.887385766 1
0.091610276 0.383199866 2
0.440797484 0.213606177 2
0.184613995 0.238781472 2
0.076794011 0.210398467 2
0.384459651 0.976610482 1
0.754841153 0.024636824 2
0.973125612 0.494615849 1
0.154769222 0.756400547 1
0.705647041 0.591166741 1
0.134390863 0.774586836 1
0.575679857 0.730392368 1
0.243600168 0.724906397 2
0.042978766 0.117072117 2
0.786323369 0.277136863 1
0.957164349 0.252971001 1
0.289696074 0.908509019 1
0.662154213 0.396495419 1
0.489842085 0.270100853 2
0.01563321 0.597544236 1
0.193628763 0.933114403 1
0.30793771 0.229430162 2
0.625773963 0.561910432 1
0.314728943 0.189746458 2
0.12067953 0.810675903 1
0.967830401 0.192053943 1
0.268366361 0.490599277 2
0.378604304 0.82026332 2
0.87388602 0.804428612 1
0.198242123 0.267587815 2
0.339583926 0.695287489 2
0.549344176 0.931941122 1
0.329589098 0.606623735 2
0.013163276 0.289655666 2
0.825905463 0.20016597 1
0.406887449 0.719396179 2
0.935479728 0.828762965 1
0.335336706 0.198143587 2
0.057620812 0.810980801 1
0.75144889 0.041124206 2
0.271145846 0.804332859 2
0.009929572 0.107559255 2
0.050627725 0.824017609 1
0.14844102 0.144109683 2
0.671119236 0.704039213 1
0.380705225 0.187891301 2
0.910728738 0.04758595 1
0.03589599 0.200935237 2
0.910422406 0.963541436 1
0.428695083 0.357968691 2
0.300428046 0.136003679 2
0.394387453 0.659391014 2
0.952615459 0.023686924 1
0.473370506 0.791320094 1
0.968228381 0.236081328 1
0.979452444 0.404584054 1
0.760342973 0.383245438 1
0.436314669 0.234533264 2
0.340427885 0.946106481 1
0.116513248 0.733547667 1
0.168380872 0.964143475 1
0.667394439 0.138114412 2
0.175416984 0.587328144 2
0.058299282 0.142350808 2
0.819183304 0.789198647 1
0.33343225 0.59984758 2
0.280475264 0.787941126 2
0.904768966 0.92570745 1
0.160929513 0.972354056 1
0.369377977 0.120654017 2
0.291068349 0.379570414 2
0.085531597 0.589085962 1
0.508070718 0.021412662 2
0.99198081 0.172951556 1
0.51264477 0.606255541 2
0.40476923 0.073318483 2
0.164376982 0.45327167 2
0.775961133 0.581513983 1
0.824932843 0.645934969 1
0.648658545 0.791710295 1
0.608484096 0.721656892 1
0.292682395 0.71683042 2
0.648737548 0.444430461 1
0.755292728 0.479649199 1
0.741940443 0.457357132 1
0.311322986 0.500964694 2
0.975237396 0.861931455 1
0.547103343 0.856714893 1
0.199753883 0.020958557 2
0.562548113 0.225914716 2
0.457781309 0.131979438 2
0.025782208 0.101288343 2
0.723438621 0.368079071 1
0.064681674 0.18447185 2
0.566185497 0.632952325 1
0.229703271 0.137661159 1
0.596562087 0.227102692 2
0.012378134 0.113580297 2
0.803530326 0.972048832 1
0.653844483 0.735644972 1
0.142791805 0.589413927 2
0.2277944 0.450196461 2
0.985457201 0.38177285 1
0.232209673 0.422680806 2
0.286442275 0.512132145 2
0.174261693 0.39964833 2
0.581965433 0.42891782 2
0.882750425 0.208448456 1
0.175521844 0.233345953 2
0.532457429 0.816494849 1
0.121709123 0.03605111 2
0.614787953 0.121975861 2
0.867279581 0.599847573 1
0.339077086 0.897885295 1
0.658794029 0.815498388 1
0.198934972 0.561248479 2
0.076252152 0.807367214 1
0.688006087 0.689418652 1
0.302074444 0.715827998 2
0.399517579 0.455318663 2
0.984810698 0.453307449 1
0.99399167 0.403502985 1
0.806950072 0.980835336 1
0.769497122 0.238915035 1
0.116207705 0.901977589 1
0.818814764 0.550214817 1
0.229662903 0.421027221 2
0.007892081 0.639551863 1
0.270123883 0.962328057 1
0.259961866 0.880658502 1
0.644094085 0.997606276 1
0.879699938 0.277138432 1
0.52071504 0.878184767 1
0.901796913 0.142825604 1
0.921060804 0.718955297 1
0.698319053 0.076088425 2
0.277158956 0.630983494 2
0.329233159 0.649954266 2
0.570113154 0.849621633 1
0.370470542 0.48992929 2
0.406702259 0.555004251 2
0.203905048 0.661388588 2
0.643831015 0.431801558 1
0.003620149 0.538411624 1
0.420207298 0.265105668 2
0.902840093 0.575938004 1
0.704620926 0.119324645 2
0.075900122 0.657118542 1
0.720199023 0.896959358 1
0.719630747 0.937736653 1
0.854012962 0.324138146 1
0.168531088 0.359575052 2
0.911411854 0.659784301 1
0.628106278 0.254602759 2
0.82445761 0.675291362 1
0.260743927 0.711857432 2
0.17383656 0.701581215 2
0.608504648 0.628897999 1
0.133622639 0.790420018 1
0.587201649 0.619702607 1
0.698267131 0.286866929 2
0.536144384 0.200886885 2
0.30118998 0.359730644 2
0.057921268 0.928117519 1
0.184347657 0.286908762 2
0.632596454 0.404596136 2
0.128152598 0.542484943 2
0.240695675 0.333488505 2
0.401119198 0.982458896 1
0.479356144 0.03617405 2
0.038611369 0.675984169 1
0.906015519 0.108190672 1
0.810066664 0.178988752 1
0.59401493 0.134749886 2
0.484071955 0.297053501 2
0.134491073 0.637697272 2
0.250665686 0.634423363 2
0.568932355 0.675793233 1
0.410241676 0.476026422 2
0.986774116 0.770189075 1
0.688429494 0.799375751 1
0.772407903 0.076973387 2
0.78632639 0.463229086 1
0.735979808 0.978663746 1
0.025455791 0.869881301 1
0.612352875 0.516518726 1
0.196827361 0.647964703 2
0.66260856 0.335545221 2
0.973473624 0.152632137 1
0.362462262 0.064076085 2
0.495838143 0.829997905 1
0.411967912 0.299793079 2
0.989390268 0.742711495 1
0.550886624 0.624070133 2
0.523841446 0.803539125 1
0.91409441 0.316511919 1
0.273338092 0.5138281 2
0.91140396 0.691562743 1
0.887006018 0.253728975 1
0.866175478 0.229060735 1
0.829221438 0.42105054 1
0.897091587 0.920612371 1
0.798983516 0.965622613 1
0.777471292 0.50366229 1
0.587763497 0.116041643 2
0.756498011 0.505133432 1
0.985205382 0.345674128 1
0.57673666 0.266512491 2
0.592053181 0.874792847 1
0.172314808 0.372255671 2
0.649679719 0.255720904 2
0.782142892 0.153389765 1
0.245592003 0.837858581 1
0.462548493 0.188183539 2
0.504288163 0.159468007 2
0.233699677 0.971764434 1
0.622840944 0.563090637 1
0.344192397 0.176555573 2
0.860582763 0.581472548 1
0.388176959 0.175408089 2
0.842267335 0.890872543 1
0.259398545 0.749303763 2
0.784082852 0.878628068 1
0.176526809 0.151502967 2
0.501891731 0.121853943 2
0.264149525 0.950012932 1
0.311071923 0.324148907 2
0.423805303 0.320251321 2
0.177334783 0.507184969 2
0.479430369 0.709780113 2
0.727894504 0.50405458 1
0.831594398 0.046984803 1
0.982364113 0.051250614 1
0.104900424 0.915573916 1
0.912753033 0.026154155 1
0.522923801 0.36677383 2
0.191941195 0.626905111 2
0.995065229 0.291093913 1
0.740004733 0.541530624 1
0.14969285 0.521536968 2
0.927768222 0.403206307 1
0.797948391 0.090130004 1
0.546958489 0.078525281 2
0.562592387 0.3096503 2
0.906334986 0.585650035 1
0.656263454 0.602421799 1
0.66317172 0.689222094 1
0.043526632 0.248056803 2
0.249465751 0.468904495 2
0.471085784 0.472017987 2
0.002247253 0.408432083 1
0.100535061 0.546875724 2
0.357366131 0.80204462 2
0.728024433 0.828135718 1
0.716130204 0.525177695 1
0.825214276 0.896511957 1
0.844169958 0.466286461 1
0.885894023 0.228519971 1
0.911904847 0.166677175 1
0.812639884 0.067265412 1
0.535986167 0.465221555 2
0.327886617 0.415302933 2
0.431091491 0.194828946 2
0.643788373 0.321440395 2
0.531445662 0.227551303 2
0.875243593 0.883363372 1
0.691443356 0.415195981 1
0.930458981 0.637954982 1
0.324748197 0.222321344 2
0.863427522 0.261186016 1
0.591243446 0.098490179 2
0.922695579 0.749450393 1
0.991209245 0.88665593 1
0.78079404 0.50422092 1
0.476101426 0.814556739 1
0.678708538 0.991900367 1
0.435306882 0.865992301 1
0.469763725 0.900742852 1
0.168250497 0.578858536 2
0.797296611 0.96672054 1
0.701228651 0.566815063 1
0.890493971 0.890210657 1
0.058344269 0.311460497 2
0.712768804 0.015377814 2
0.345918448 0.021890556 2
0.447050864 0.69412664 2
0.259753637 0.608513974 2
0.552366251 0.506499737 2
0.874623387 0.068001236 1
0.876081057 0.759395937 1
0.825363657 0.826241119 1
0.55618409 0.935483878 1
0.238940683 0.836180047 1
0.697983644 0.014185891 2
0.026870418 0.477419261 1
0.05959334 0.836607199 1
0.397364522 0.554444797 2
0.230582033 0.936285428 1
0.696577923 0.940365279 1
0.038162771 0.507635431 1
0.938332939 0.663032529 1
0.165295827 0.433964428 2
0.631694958 0.480419979 1
0.215080784 0.546932451 2
0.765774689 0.242133904 1
0.705812693 0.539333108 1
0.061131967 0.583932465 1
0.731077283 0.203069655 2
0.847156127 0.752127567 1
0.269260241 0.914201387 1
0.174797934 0.60474452 2
0.376845551 0.536935333 2
0.024028081 0.086314528 2
0.749877897 0.16843827 2
0.715397248 0.723174976 1
0.387964125 0.396344045 2
0.885072724 0.936152538 1
0.345188776 0.990831216 1
0.632726587 0.217504092 2
0.802318671 0.203145996 1
0.701650455 0.468990456 1
0.944671564 0.092445518 1
0.800471788 0.047957925 2
0.380023859 0.552836409 2
0.425846768 0.318302633 2
0.080932385 0.962483675 1
0.795504723 0.753192712 1
0.085845237 0.626664903 1
0.75101913 0.886423282 1
0.443376679 0.436644769 2
0.739680173 0.659279237 1
0.134121108 0.416244866 2
0.234843859 0.959780854 1
0.954381081 0.077983838 1
0.204132706 0.401187212 2
0.596184404 0.760662831 1
0.48486299 0.636632416 2
0.407965288 0.370271253 2
0.176073549 0.756769648 1
0.57028456 0.19608785 2
0.40653116 0.567298019 2
0.670963942 0.723852091 1
0.088087466 0.793247234 1
0.91400939 0.617880869 1
0.513762477 0.50689508 2
0.446698498 0.294005512 2
0.909929628 0.326192709 1
0.539206963 0.755204106 1
0.301977397 0.180572753 2
0.601149107 0.611804132 1
0.302822493 0.691015236 2
0.269407475 0.458130419 2
0.683649599 0.461246307 1
0.051626482 0.0274734 2
0.83625268 0.826944782 1
0.259745128 0.79725269 2
0.486352858 0.859831498 1
0.217943779 0.966250972 1
0.267267842 0.673516486 2
0.979380002 0.975793194 1
0.013307924 0.327978946 2
0.036088471 0.996746084 1
0.882273542 0.879555041 1
0.75641993 0.054212974 2
0.666429394 0.373308507 2
0.534394222 0.711798933 1
0.901330128 0.824659065 1
0.885342376 0.48732122 1
0.631872586 0.487143654 1
0.972212762 0.421840044 1
0.94494961 0.953185475 1
0.296916306 0.47388464 2
0.628080417 0.884745845 1
0.541085763 0.660749652 1
0.563392531 0.420733866 2
0.790624065 0.118736837 1
0.716330278 0.558048903 1
0.628416714 0.504217072 1
0.828464845 0.053130882 1
0.829583253 0.407387683 1
0.173780904 0.64089339 2
0.643642793 0.700600077 1
0.987814792 0.617914595 1
0.897968599 0.993132695 1
0.429019256 0.086760978 2
0.406906747 0.614284272 2
0.181729769 0.408318876 2
0.420933835 0.79666241 2
0.060107392 0.659008832 1
0.100228763 0.981542469 1
0.222433213 0.139757771 2
0.247033571 0.418171759 2
0.855129342 0.233603976 1
0.781178345 0.478894061 1
0.435881468 0.15880988 2
0.693145174 0.361969443 1
0.935237982 0.414357675 1
0.459046187 0.1039644 2
0.566060662 0.964702726 1
0.151890637 0.073587306 2
0.940201915 0.460659805 1
0.733516053 0.368844169 1
0.741783587 0.043297133 2
0.261558458 0.789389713 2
0.276452337 0.527713233 2
0.995836644 0.305948757 1
0.505986568 0.013571602 2
0.638525513 0.198682923 2
0.427629921 0.219268187 2
0.19249348 0.286377637 2
0.907526338 0.086606683 1
0.172178935 0.918324465 1
0.327631683 0.452856635 2
0.151380772 0.650773738 2
0.65547692 0.837069355 1
0.882337981 0.779832512 1
0.796157866 0.637526657 1
0.470473297 0.152682821 2
0.335926494 0.287197395 2
0.339175917 0.928995257 1
0.036758807 0.164076821 2
0.968998274 0.214412854 1
0.691274274 0.303283755 2
0.645641883 0.737980287 1
0.19738182 0.20779056 2
0.701107238 0.995393387 1
0.962027388 0.304660941 1
0.982382778 0.52994396 1
0.993418061 0.843670544 1
0.532047915 0.273034927 2
0.291097745 0.285185382 2
0.715165125 0.116140775 2
0.393249414 0.474173057 2
0.276836098 0.136088314 2
0.190598918 0.147221809 2
0.064796954 0.145532755 2
0.366295357 0.56944237 2
0.401427521 0.490504094 2
0.071143012 0.34812763 2
0.339549673 0.266898814 2
0.693559843 0.720045119 1
0.286389735 0.377791895 2
0.833637545 0.8592373 1
0.730079945 0.103444138 2
0.840678171 0.002204676 2
0.053073982 0.105879803 2
0.523582317 0.437346705 2
0.666851559 0.039909556 2
0.893463864 0.65553553 1
0.952287071 0.192473734 1
0.04786629 0.208697526 2
0.740057311 0.822180917 1
0.555955541 0.073277653 2
0.315463251 0.120916814 2
0.954064462 0.565461625 1
0.182040875 0.969398465 1
0.210963796 0.105030886 2
0.068336089 0.908548749 1
0.27223474 0.374725411 2
0.912218678 0.998566212 1
0.043118068 0.671989304 1
0.807110342 0.487565201 1
0.419214815 0.499974221 2
0.144501777 0.461661316 2
0.224413521 0.694675598 2
0.437133834 0.898377168 1
0.16541904 0.635076693 2
0.557217732 0.795243455 1
0.162257914 0.333175444 2
0.374069332 0.29547035 2
0.664135303 0.450769138 1
0.025532482 0.982564199 1
0.810018483 0.539871886 1
0.307566416 0.765764533 2
0.543321902 0.053639921 2
0.91637222 0.028176391 1
0.040068806 0.924679701 1
0.52743336 0.959472959 1
0.059904419 0.757613831 1
0.94584527 0.245043516 1
0.079335689 0.932779785 1
0.812309005 0.5334617 1
0.316572597 0.167936458 2
0.599163956 0.354149079 2
0.007346031 0.334853516 2
0.88083463 0.407109038 1
0.541077215 0.577658568 2
0.113066485 0.396605979 2
0.316773708 0.029817141 2
0.405325834 0.830664835 2
0.428026961 0.676620478 2
0.020738814 0.458265887 1
0.53648644 0.160056141 2
0.587944406 0.266109911 2
0.543185309 0.572936431 2
0.259236531 0.206828616 2
0.917092673 0.539159614 1
0.2993702 0.080515417 2
0.790267391 0.126978969 1
0.839406728 0.2414515 1
0.178988446 0.392154643 2
0.779973014 0.051902213 2
0.940236878 0.597863313 1
0.078309876 0.254858766 2
0.322904277 0.408240675 2
0.90348446 0.687600239 1
0.223102847 0.602431732 2
0.3941417 0.007950911 2
0.502952025 0.106023898 2
0.003169844 0.355107893 2
0.982216664 0.386737921 1
0.663655051 0.116914078 2
0.962171777 0.511251609 1
0.260500037 0.225451405 2
0.391068852 0.410031377 2
0.142081789 0.652829429 2
0.030578715 0.147046597 2
0.65632335 0.029044212 2
0.23258597 0.241241772 2
0.945554649 0.553782519 1
0.185709993 0.336641512 2
0.484537412 0.624046332 2
0.740927489 0.76796333 1
0.096029121 0.849472673 1
0.175671616 0.818613244 1
0.428261044 0.377223742 2
0.505782664 0.717939198 2
0.128705324 0.698322363 1
0.204685307 0.674617294 2
0.198506132 0.35730775 2
0.439167408 0.493045828 2
0.261949881 0.237086577 2
0.181135391 0.569622153 2
0.735349505 0.34085437 1
0.804721173 0.315777343 1
0.129717795 0.2429622 2
0.028115663 0.304643675 2
0.971604806 0.6306037 1
0.309503818 0.688229921 2
0.07647432 0.608197385 1
0.056476266 0.681979452 1
0.158994372 0.686339293 2
0.258292489 0.163586162 2
0.014616841 0.627200931 1
0.400370567 0.682943191 2
0.756821104 0.568247537 1
0.770378491 0.430099471 1
0.844396747 0.096151655 1
0.515302029 0.958099083 1
0.883140347 0.192777023 1
0.058864165 0.707578425 1
0.436341306 0.22510777 2
0.73867109 0.629996187 1
0.328431759 0.400997928 2
0.772459762 0.456371153 1
0.176175538 0.362616258 2
0.912822031 0.408402798 1
0.131771194 0.839461383 1
0.399780318 0.398849711 2
0.072244094 0.532822244 2
0.070589862 0.018040824 2
0.719502569 0.653558853 1
0.736142529 0.853394455 1
0.425433129 0.785078374 2
0.183347185 0.938820162 1
0.606409742 0.993381508 1
0.412861627 0.380878415 2
0.061592174 0.35605419 2
0.971551078 0.458573072 1
0.65938839 0.332079603 2
0.489048252 0.743651675 2
0.126456018 0.644345501 2
0.777789966 0.038288553 2
0.923617879 0.596721847 1
0.105905332 0.177025743 2
0.443066576 0.997583762 1
0.502330496 0.989846717 1
0.011233144 0.111654783 2
0.203524953 0.973257927 1
0.431694768 0.312045445 2
0.601164413 0.466253163 2
0.052496559 0.354362161 2
0.300185237 0.378035713 2
0.592262392 0.444761421 2
0.146555434 0.764373354 1
0.209469814 0.523824311 2
0.334147217 0.799461136 2
0.549264002 0.438126327 2
0.950086125 0.940166992 1
0.752185794 0.921377522 1
0.567951709 0.329535157 2
0.659188779 0.557007946 1
0.748204774 0.736422393 1
0.697320447 0.144073414 2
0.555216191 0.578142038 2
0.180442407 0.138356579 2
0.450272267 0.822990858 1
0.009364663 0.090538316 2
0.169931676 0.819533717 1
0.005768952 0.253314424 2
0.449108961 0.349521055 2
0.36429615 0.779332637 2
0.698259586 0.451314183 1
0.957172732 0.181824947 1
0.994041563 0.810693388 1
0.475751305 0.979810242 1
0.99282863 0.76592385 1
0.643340194 0.699742257 1
0.626450001 0.223954375 2
0.983697094 0.655477832 1
0.689531675 0.034623934 2
0.879561789 0.178440487 1
0.677814302 0.619751022 1
0.905602923 0.219854311 1
0.486822624 0.903980825 1
0.670153846 0.49692316 1
0.830261464 0.844265199 1
0.650112514 0.604830167 1
0.487513291 0.104850466 2
0.753380451 0.76643257 1
0.739612334 0.674648014 1
0.593215781 0.141526845 2
0.603070274 0.473862723 2
0.708875315 0.867559157 1
0.720928482 0.246754187 2
0.216920704 0.253656122 2
0.020411832 0.287405765 2
0.627563655 0.799850879 1
0.496559073 0.795376429 1
0.810425206 0.963379481 1
0.731204759 0.908110436 1
0.344084067 0.843922589 2
0.006687748 0.70697981 1
0.733789023 0.209667488 2
0.123661259 0.743834632 1
0.2317104 0.536065409 2
0.282379494 0.884936144 1
0.244105587 0.979159166 1
0.636835821 0.519147672 1
0.559773633 0.455356106 2
0.38112752 0.427258353 2
0.884173893 0.24952137 1
0.477422094 0.859314678 1
0.413583748 0.823266467 2
0.384900135 0.61683485 2
0.433670378 0.745308161 2
0.399049763 0.186780948 2
0.176851606 0.915772673 1
0.460687618 0.224163912 2
0.422820796 0.506320185 2
0.544081422 0.93015633 1
0.576610822 0.287964673 2
0.983549097 0.122588051 1
0.208572092 0.268464041 2
0.347909451 0.045699597 2
0.29063964 0.811155565 2
0.722159422 0.216028395 2
0.613264278 0.657111662 1
0.505752889 0.851302823 1
0.117382809 0.522490961 2
0.086856042 0.679219061 1
0.125802307 0.192959689 2
0.001954313 0.17297576 2
0.708373455 0.287058372 1
0.440185877 0.510441526 2
0.665327948 0.110388844 2
0.201776708 0.803830208 1
0.863154958 0.272496575 1
0.469952197 0.396759008 2
0.907391662 0.988323306 1
0.005700342 0.275564395 2
0.38670283 0.236104995 2
0.624761491 0.891750838 1
0.172624477 0.193590085 2
0.066219648 0.942447348 1
0.509346582 0.624453073 2
0.612070349 0.905746834 1
0.87790986 0.1367784 1
0.067140091 0.37780327 2
0.869191607 0.485489648 1
0.958732332 0.508561678 1
0.550055597 0.340599051 2
0.065375047 0.082995916 2
0.057041052 0.193152325 2
0.634044849 0.04472929 2
0.401965665 0.320743796 2
0.895242676 0.508912966 1
0.723817693 0.984476857 1
0.735296032 0.561237204 1
0.471312106 0.279244723 2
0.6352628 0.3899504 2
0.250485807 0.309206513 2
0.235811611 0.547760942 2
0.321706905 0.61033363 2
0.137453776 0.390496876 2
0.980473054 0.991901461 1
0.795501786 0.989398389 1
0.306373861 0.218801393 2
0.619129369 0.063918101 2
0.014592345 0.206548134 2
0.633908109 0.731904169 1
0.394320468 0.650857349 2
0.317195632 0.124041207 2
0.568463722 0.263668611 2
0.465750351 0.159424017 2
0.559009783 0.037488664 2
0.204947775 0.02913913 2
0.892436228 0.209929993 1
0.498973382 0.18472916 2
0.729532307 0.850319714 1
0.771367047 0.878414978 1
0.754009788 0.240253772 1
0.495294045 0.551950685 2
0.304277856 0.469971454 2
0.862917604 0.620986412 1
0.48275708 0.922425212 1
0.89324803 0.451813919 1
0.227107438 0.566920799 2
0.587843388 0.577370018 1
0.577745409 0.23420272 2
0.99373675 0.449372801 1
0.626025126 0.294859993 2
0.282965003 0.273465684 2
0.877458587 0.412927223 1
0.208074217 0.72424426 2
0.014349936 0.296555989 2
0.542976584 0.587040972 2
0.292218802 0.617631543 2
0.368533912 0.623342588 2
0.0543877 0.522209822 1
0.312242681 0.206715496 2
0.099108498 0.403649771 2
0.101395668 0.526113813 2
0.883602942 0.860315983 1
0.039095126 0.403445296 2
0.799392247 0.009726643 2
0.262492537 0.022270079 2
0.003290751 0.581021796 1
0.892629912 0.114507212 1
0.538438625 0.457626914 2
0.43525767 0.402024017 2
0.729748657 0.591986791 1
0.042004067 0.339983259 2
0.088142087 0.464244734 2
0.491271193 0.458823121 2
0.20794851 0.506742081 2
0.99823253 0.851745004 1
0.391844842 0.166213022 2
0.213307076 0.604584125 2
0.987708347 0.525549737 1
0.018485025 0.21493794 2
0.671758728 0.657012842 1
0.980880014 0.297427374 1
0.162364275 0.128762158 2
0.572882934 0.121965861 2
0.098887085 0.336582778 2
0.518292298 0.781911203 1
0.069942339 0.582681455 1
0.873796176 0.038975235 1
0.025446636 0.073428306 2
0.705180692 0.141766309 2
0.556830403 0.257918819 2
0.467640081 0.164839583 2
0.779789354 0.179231176 1
0.44956331 0.665130128 2
0.803950022 0.760253896 1
0.889172263 0.702643849 1
0.023824343 0.195958778 2
0.623386486 0.52228121 1
0.715428316 0.873994167 1
0.378289497 0.443668781 2
0.67293971 0.495473524 1
0.060571653 0.755873592 1
0.869769847 0.317834318 1
0.65932459 0.663875301 1
0.378424441 0.691642221 2
0.617562215 0.583671174 1
0.033528496 0.31321562 2
0.782843264 0.332888881 1
0.572390276 0.864945443 1
0.296370425 0.013782096 2
0.237479331 0.965185296 1
0.029941022 0.635483921 1
0.075193585 0.599586911 1
0.43012426 0.77239311 2
0.41529049 0.455755907 2
0.879040031 0.80556812 1
0.265357241 0.833102865 2
0.931114291 0.544003957 1
0.604695051 0.049764716 2
0.035185989 0.272666853 2
0.811992494 0.518471438 1
0.601340565 0.52416174 2
0.711162907 0.91323307 1
0.521845007 0.120907547 2
0.969720851 0.098722035 1
0.505559475 0.284695302 2
0.834072644 0.744225775 1
0.835200481 0.860504054 1
0.436095947 0.794044703 2
0.406830638 0.951449598 1
0.155383416 0.216210465 2
0.160949966 0.511741026 2
0.77152542 0.70139951 1
0.264563766 0.694520072 2
0.390806815 0.233916984 2
0.653602052 0.001458291 2
0.381692787 0.70662592 2
0.795065547 0.530987031 1
0.803478752 0.001696757 2
0.778273242 0.87203523 1
0.06247932 0.209052162 2
0.094586515 0.44015002 2
0.780131327 0.904382166 1
0.714984819 0.302875147 1
0.10738592 0.658604614 1
0.324867926 0.791262198 2
0.96976471 0.200645926 1
0.825459732 0.444389647 1
0.97745499 0.905417172 1
0.461188634 0.083764711 2
0.984819009 0.528860458 1
0.18241946 0.064483013 2
0.533692313 0.361940626 2
0.102911967 2.11E-05 2
0.664846149 0.225457265 2
0.161380896 0.507536577 2
0.831988927 0.977552036 1
0.346532599 0.770551522 2
0.902681748 0.455786307 1
0.094953217 0.965893097 1
0.480542996 0.025664106 2
0.721223428 0.851767431 1
0.033116989 0.157475377 2
0.989634758 0.063841133 1
0.559781692 0.70333456 1
0.186882448 0.916205646 1
0.784070498 0.796289474 1
0.305109892 0.754099418 2
0.104783063 0.543375518 2
0.194679628 0.155262879 2
0.790260215 0.93449018 1
0.796045901 0.526801238 1
0.150197912 0.638962867 2
0.810103782 0.894430083 1
0.669375273 0.611695033 1
0.416389853 0.930978805 1
0.337671669 0.680745639 2
0.898509449 0.521026823 1
0.660747871 0.538236904 1
0.286165474 0.408547631 2
0.08576627 0.806455387 1
0.373163764 0.724435651 2
0.82652515 0.101023369 1
0.720770027 0.440790903 1
0.322382031 0.263015557 2
0.505793336 0.048836484 2
0.815341067 0.181896089 1
0.322771186 0.007343861 2
0.779679518 0.881150866 1
0.29963112 0.758440976 2
0.18848827 0.788490181 1
0.136203907 0.357678168 2
0.851501429 0.362496674 1
0.924963295 0.015226896 1
0.308589973 0.497593592 2
0.86336731 0.09508629 1
0.013294465 0.379208361 2
0.217176137 0.3691725 2
0.790771833 0.711006478 1
0.144121546 0.573165868 2
0.804531207 0.486070703 1
0.237302895 0.560990907 2
0.516333823 0.723900578 1
0.89768468 0.604804093 1
0.373631987 0.845107244 2
0.895070666 0.637364474 1
0.208922105 0.605678585 2
0.72692956 0.483662084 1
0.585386769 0.762689672 1
0.634447268 0.378679174 2
0.573200912 0.893333527 1
0.385180695 0.318159258 2
0.69087702 0.039147196 2
0.18168812 0.039258966 2
0.996024413 0.097308137 1
0.305511128 0.67795771 2
0.559897584 0.130875919 2
0.355883109 0.400100171 2
0.810108599 0.019854232 2
0.192539314 0.552946585 2
0.475878562 0.124948213 2
0.942003475 0.134105851 1
0.120203147 0.885892083 1
0.676725991 0.624726452 1
0.493307182 0.526222095 2
0.626448675 0.483820181 1
0.191763305 0.286369796 2
0.031171059 0.850593684 1
0.357649676 0.856950601 2
0.995093268 0.251662822 1
0.402121759 0.934122682 1
0.950910453 0.360024829 1
0.987773155 0.068891164 1
0.593833785 0.1026633 2
0.754160513 0.232232637 1
0.394713016 0.663660983 2
0.520867485 0.767914982 1
0.051635602 0.17969538 2
0.952482762 0.654887509 1
0.489377379 0.174792171 2
0.919867159 0.251116402 1
0.26607982 0.031211439 2
0.042084769 0.940740484 1
0.496528832 0.043341717 2
0.143373176 0.356422288 2
0.651410137 0.851476842 1
0.609527736 0.098769449 2
0.8419162 0.302350622 1
0.878074912 0.124701399 1
0.449079725 0.033304318 2
0.546609682 0.226636379 2
0.207208717 0.326961937 2
0.833671998 0.274373764 1
0.600296193 0.488520056 1
0.068433262 0.514490967 1
0.755750049 0.266043488 2
0.158749951 0.653671685 1
0.6168044 0.471070245 1
0.206249728 0.754376958 1
0.495085901 0.764863936 2
0.65361113 0.379771442 1
0.082082217 0.541626658 1
0.502317606 0.670887878 1
0.436385791 0.80182823 1
0.539243868 0.663861169 2
0.741629309 0.130684828 1
0.52617245 0.764413372 2
0.73067506 0.291028653 2
0.256821205 0.749901067 1
0.012768452 0.443805656 2
0.841033458 0.095044134 2
0.630364964 0.543573727 2
0.373566782 0.767589389 1
0.468226111 0.781673253 2
0.022216846 0.450871235 2
0.663718522 0.351124346 1
0.167526103 0.67998338 1
0.577800362 0.52747389 1
0.359644946 0.949527066 2
0.31108408 0.859058861 1
0.395647784 0.781161647 1
0.180680473 0.686961212 1
0.904488041 0.020638236 2
0.091300623 0.632941445 2
0.782380382 0.068024595 1
0.414747932 0.787387028 1
0.5103231 0.729907299 2
0.131633074 0.63187591 1
0.798247561 0.052761721 1
0.393891179 0.946393668 2
0.604438362 0.60809593 2
0.373450509 0.939707474 2
0.739164609 0.181071613 1
0.597883387 0.562535622 2
0.607485302 0.434650935 1
0.198569247 0.705730662 1
0.342976665 0.882155894 2
0.190778198 0.763234806 1
0.519977525 0.719730633 2
0.058817739 0.610443924 2
0.61347588 0.436296864 1
0.811865287 0.088640476 2
0.49488996 0.663155243 1
