2 15 2
0.10049 -0.06066 0.14547 11.77765 -1.05690 -2.53408 0.02254 1.01113 9.52190 -0.16540 13.81794 0.28857 0.33786 -0.34264 0.22337 
0.13360 0.35861 0.65796 4.85988 -1.51618 -5.20433 -1.14044 1.06607 3.73568 -3.40390 -7.10461 0.92607 1.39559 -1.30337 0.22694 
-0.12008 -0.19713 -0.46779 -10.16650 1.49826 1.16508 0.75964 -1.10094 -8.06772 1.23204 2.37338 -0.70683 -1.11009 1.02614 -0.22471 
0.05575 0.01370 
0.02992 -0.04113 
0.05258 -0.10886 
2.30546 -2.36485 
-0.30202 0.23643 
-2.62505 2.64088 
-0.13939 0.11208 
0.18924 -0.20654 
1.59735 -1.67859 
-0.13774 0.23087 
-2.06514 2.06259 
0.10267 -0.13563 
0.12585 -0.24175 
-0.16577 0.17287 
0.06149 -0.01684 
1.10113 -1.12329 
