5 10 2
0.18083 -0.00156 -0.46203 0.00419 -0.11415 0.21943 0.07946 0.07708 -0.15530 -0.15584 
0.62891 -1.17543 1.87035 -0.09526 -0.97624 0.67300 1.16362 6.16129 -1.09875 -0.75205 
0.17407 0.16740 -1.33305 -0.02386 -0.11855 0.14894 0.43256 -0.30828 -0.56327 -0.20261 
-0.34209 0.27098 -0.43539 -0.08355 0.53283 -0.42347 -0.76183 0.94607 1.01510 0.42120 
0.01141 0.03734 -0.53648 -0.07151 -0.22683 0.04999 -0.09113 -0.01163 -0.19681 -0.15983 
-0.18046 0.11565 0.01402 0.10586 0.32456 -0.18758 -0.18384 -3.41708 0.72440 0.31364 
-0.49490 0.54305 
0.91729 -0.92422 
-1.67527 1.62964 
0.00657 -0.14387 
0.82325 -0.91598 
-0.55815 0.58181 
-1.13629 1.08846 
3.30078 -3.32912 
1.28463 -1.30094 
0.60155 -0.71380 
0.11224 0.01509 
