5 7 2
0.69255 -0.61256 0.27858 0.23141 1.04600 0.00120 -0.25378 
-4.01222 0.34013 0.16563 0.07108 -0.40001 -0.05111 -0.24339 
-0.48686 -0.18455 0.46988 0.44349 0.45170 -0.05740 -0.28774 
-2.50018 -1.62694 -1.62519 -1.21575 2.47183 -0.00031 0.87991 
0.38624 -0.29473 -0.23845 -0.26148 0.17786 0.01991 0.21394 
3.05390 0.56843 0.96679 0.63655 -0.84622 0.03187 -0.33060 
-1.04821 1.04409 
-0.56557 0.50818 
-0.57153 0.46168 
-0.35164 0.36045 
0.81277 -0.90929 
0.02049 -0.03095 
0.35815 -0.31077 
-0.23169 0.30940 
