0.354948041 0.102455933 0.646272973 0.619171296 0.256422857 1
0.005683888 0.743725826 0.030113254 0.915381204 0.344536748 1
0.968821026 0.98804241 0.496453674 0.023123539 0.441814988 2
0.20012634 0.806672279 0.968834786 0.261469326 0.320715754 1
0.636911254 0.952410745 0.279027589 0.400346035 0.179688284 2
0.818476541 0.398399803 0.904399699 0.391736852 0.508091518 2
0.113043723 0.679671341 0.297517223 0.505131033 0.09468566 1
0.157748815 0.709070819 0.563557912 0.100501743 0.091395655 2
0.388978453 0.108943298 0.409799964 0.620720521 0.028856577 2
0.830170624 0.843127684 0.281544175 0.101137899 0.134070356 2
0.030812279 0.512906662 0.193988445 0.389567453 0.096875556 2
0.092262188 0.158098847 0.764754647 0.657605919 0.173462527 2
0.690869934 0.342956228 0.767887888 0.476604795 0.83622031 2
0.405074 0.768444061 0.086908326 0.041179178 0.092899472 2
0.976712239 0.200331916 0.706256647 0.862397381 0.616424199 1
0.877671506 0.198813661 0.058727201 0.734240212 0.336578073 2
0.054970276 0.542600702 0.365470012 0.813051578 1.023417027 1
0.529978654 0.421096904 0.580015373 0.553022418 0.825039624 2
0.615800909 0.984865117 0.372557828 0.823757767 0.346625307 1
0.298938302 0.759634372 0.079517233 0.111172064 0.142890068 2
0.622332529 0.3050733 0.394142089 0.082840638 0.144150243 2
0.352585257 0.398969437 0.109237069 0.296005616 0.556728698 1
0.34287861 0.512805627 0.021168018 0.253192296 0.554214116 2
0.132854035 0.478513787 0.38840269 0.679337372 0.688484944 1
0.033971509 0.590912886 0.654051711 0.617963173 0.674318989 1
0.97961322 0.008502015 0.917800515 0.034752413 0.596593337 2
0.812532141 0.76938103 0.113032626 0.887385766 0.419578472 1
0.962441448 0.091610276 0.754488784 0.383199866 0.205464582 2
0.43983045 0.440797484 0.976826272 0.213606177 0.076797727 2
0.916671807 0.184613995 0.804645116 0.238781472 0.50009632 2
0.647542948 0.076794011 0.226725797 0.210398467 0.083364985 2
0.063255322 0.384459651 0.595550796 0.976610482 0.905632695 1
0.028260405 0.754841153 0.212672162 0.024636824 0.292481191 2
0.751633866 0.973125612 0.450555818 0.494615849 0.319762828 2
0.242065551 0.154769222 0.45029047 0.756400547 0.908730537 1
0.313612749 0.705647041 0.423256212 0.591166741 0.162709771 1
0.642481848 0.134390863 0.458160234 0.774586836 0.866919728 1
0.360900386 0.575679857 0.227081743 0.730392368 0.564659718 1
0.165545433 0.243600168 0.729971478 0.724906397 0.886430611 2
0.446585638 0.042978766 0.310433464 0.117072117 0.02678066 2
0.710696729 0.786323369 0.801975512 0.277136863 0.451919261 1
0.068418023 0.957164349 0.230365543 0.252971001 0.015244519 2
0.549739324 0.289696074 0.324052935 0.908509019 0.628947239 1
0.970690443 0.662154213 0.582769884 0.396495419 0.496535218 1
0.865461305 0.489842085 0.423234771 0.270100853 0.10509826 2
0.221747203 0.01563321 0.985742209 0.597544236 0.465742003 1
0.926038123 0.193628763 0.697217047 0.933114403 0.590884491 1
0.51430458 0.30793771 0.043314786 0.229430162 0.298522665 2
0.901020552 0.625773963 0.609917108 0.561910432 0.004087413 1
0.23898086 0.314728943 0.156748411 0.189746458 0.199545052 2
0.703493218 0.12067953 0.171273583 0.810675903 0.779621023 1
0.593770807 0.967830401 0.766212136 0.192053943 0.434636005 2
0.208249643 0.268366361 0.212809792 0.490599277 0.352168778 2
0.947369255 0.378604304 0.363358779 0.82026332 0.390525206 1
0.579614815 0.87388602 0.010523138 0.804428612 0.119668807 1
0.64061993 0.198242123 0.810215774 0.267587815 0.103939788 2
0.207071438 0.339583926 0.357142501 0.695287489 0.054918819 2
0.397529611 0.549344176 0.750117984 0.931941122 0.379409768 1
0.732657872 0.329589098 0.29379 0.606623735 0.841203867 2
0.633862522 0.013163276 0.246366589 0.289655666 0.088373287 1
0.338176796 0.825905463 0.456403861 0.20016597 0.178517343 2
0.360680664 0.406887449 0.493760537 0.719396179 0.854527077 1
0.895494943 0.935479728 0.52487489 0.828762965 0.678546449 1
0.515825542 0.335336706 0.542596218 0.198143587 0.410262938 2
0.121356285 0.057620812 0.45155604 0.810980801 0.997578923 1
0.299719693 0.75144889 0.013095424 0.041124206 0.143463809 2
0.973240612 0.271145846 0.227927518 0.804332859 1.002811915 2
0.748751264 0.009929572 0.676282341 0.107559255 0.695128243 2
0.362990383 0.050627725 0.766604236 0.824017609 0.921914311 1
0.070354061 0.14844102 0.233993735 0.144109683 0.75751069 1
0.632470299 0.671119236 0.78637063 0.704039213 0.816912595 1
0.667181358 0.380705225 0.035404358 0.187891301 0.698722777 2
0.410683919 0.910728738 0.45770253 0.04758595 0.626939295 2
0.641863421 0.03589599 0.593085604 0.200935237 0.016050543 2
0.449295852 0.910422406 0.070340995 0.963541436 0.637751282 1
0.978995786 0.428695083 0.891282886 0.357968691 0.581428033 2
0.448874176 0.300428046 0.117734533 0.136003679 0.285535149 2
0.373532376 0.394387453 0.600824956 0.659391014 0.996014208 2
0.53843068 0.952615459 0.381198135 0.023686924 0.009823688 2
0.392175648 0.473370506 0.598884682 0.791320094 0.713558621 1
0.430797076 0.968228381 0.386281443 0.236081328 0.291660338 2
0.714367406 0.979452444 0.457270295 0.404584054 0.866175307 2
0.440382757 0.760342973 0.832967284 0.383245438 0.206380342 1
0.389237151 0.436314669 0.329436698 0.234533264 0.305498824 2
0.819058732 0.340427885 0.145644837 0.946106481 0.233904524 1
0.65180406 0.116513248 0.054065292 0.733547667 0.680289315 1
0.902745383 0.168380872 0.503475181 0.964143475 1.174150504 1
0.228879376 0.667394439 0.941114242 0.138114412 0.707834787 2
0.066772144 0.175416984 0.232952922 0.587328144 0.671545023 2
0.128208263 0.058299282 0.062725208 0.142350808 0.657245153 2
0.792439621 0.819183304 0.315202847 0.789198647 0.156519665 1
0.924216624 0.33343225 0.279003061 0.59984758 0.710730207 2
0.733796962 0.280475264 0.161990562 0.787941126 0.333678809 2
0.734246922 0.904768966 0.660990081 0.92570745 0.758393835 1
0.420639536 0.160929513 0.174601509 0.972354056 0.811862381 1
0.872231023 0.369377977 0.32375541 0.120654017 0.149627504 2
0.428716877 0.291068349 0.427603859 0.379570414 0.248521208 2
0.157459592 0.085531597 0.010135551 0.589085962 0.298485546 1
0.011387714 0.508070718 0.133475611 0.021412662 0.130270626 2
0.577466562 0.99198081 0.871957166 0.172951556 0.753716898 2
0.89471394 0.51264477 0.214730081 0.606255541 0.725937847 1
0.551874631 0.40476923 0.642220012 0.073318483 0.561930696 2
0.355066581 0.164376982 0.745150985 0.45327167 0.56261023 2
0.371503358 0.775961133 0.869330898 0.581513983 0.522368391 1
0.650728205 0.824932843 0.902623219 0.645934969 0.486184315 1
0.17501052 0.648658545 0.764315808 0.791710295 0.870094889 1
0.523139074 0.608484096 0.985975169 0.721656892 0.12508289 1
0.577627234 0.292682395 0.15281625 0.71683042 0.337240486 2
0.136437586 0.648737548 0.541770228 0.444430461 0.222263178 1
0.191924391 0.755292728 0.090993824 0.479649199 0.017039204 1
0.276786304 0.741940443 0.803777156 0.457357132 0.820756276 1
0.250317144 0.311322986 0.680575641 0.500964694 0.925866363 2
0.969142883 0.975237396 0.208930442 0.861931455 0.527848376 1
0.209879975 0.547103343 0.594354349 0.856714893 0.804496869 1
0.152691992 0.199753883 0.905041616 0.020958557 0.705236943 2
0.239713402 0.562548113 0.717215899 0.225914716 0.460265904 2
0.224798948 0.457781309 0.643062542 0.131979438 0.118048968 2
0.428352516 0.025782208 0.545134436 0.101288343 0.1314381 2
0.496268297 0.723438621 0.634536708 0.368079071 0.090439277 1
0.067919397 0.064681674 0.813081859 0.18447185 0.180562484 2
0.674078416 0.566185497 0.969332126 0.632952325 0.864484577 1
0.957124254 0.229703271 0.23324632 0.137661159 0.063871689 2
0.529708731 0.596562087 0.064109864 0.227102692 0.218705608 2
0.093245236 0.012378134 0.622920977 0.113580297 0.115987003 2
0.75087366 0.803530326 0.624695621 0.972048832 0.902249163 1
0.474176137 0.653844483 0.243267793 0.735644972 0.382185181 1
0.972553859 0.142791805 0.336033275 0.589413927 0.015736344 2
0.820534095 0.2277944 0.687261431 0.450196461 0.922620756 2
0.917638151 0.985457201 0.335976251 0.38177285 0.023864083 2
0.776279523 0.232209673 0.82900726 0.422680806 0.218705049 2
0.410334673 0.286442275 0.906610201 0.512132145 0.506318027 2
0.779556555 0.174261693 0.678848696 0.39964833 0.460462858 2
0.573662738 0.581965433 0.76243022 0.42891782 0.140965584 1
0.430540888 0.882750425 0.447110536 0.208448456 0.640095025 2
0.598936686 0.175521844 0.115148564 0.233345953 0.410644803 2
0.836764088 0.532457429 0.078341959 0.816494849 0.609642193 1
0.681205561 0.121709123 0.758477204 0.03605111 0.031693836 2
0.38433376 0.614787953 0.935340162 0.121975861 0.442363768 2
0.226265855 0.867279581 0.251228519 0.599847573 0.118760662 1
0.54415579 0.339077086 0.927229192 0.897885295 0.897407979 1
0.211875606 0.658794029 0.783012406 0.815498388 0.831821198 1
0.888228904 0.198934972 0.414012886 0.561248479 0.978880198 2
0.89494365 0.076252152 0.810097884 0.807367214 0.713502918 1
0.931322162 0.688006087 0.313912893 0.689418652 0.57529717 1
0.366269719 0.302074444 0.752938741 0.715827998 0.096890156 2
0.606458669 0.399517579 0.752792221 0.455318663 0.372597772 2
0.527913047 0.984810698 0.744332333 0.453307449 0.241013624 2
0.949161656 0.99399167 0.094232621 0.403502985 0.236766282 2
0.691427004 0.806950072 0.961737612 0.980835336 0.632194748 1
0.228964501 0.769497122 0.838231908 0.238915035 0.169826152 1
0.170778367 0.116207705 0.197375452 0.901977589 0.604938811 1
0.53759543 0.818814764 0.017567059 0.550214817 0.030312872 1
0.467338464 0.229662903 0.857973711 0.421027221 0.059706673 2
0.2909971 0.007892081 0.986478288 0.639551863 0.250201922 1
0.769731088 0.270123883 0.440751258 0.962328057 0.645541855 1
0.770157279 0.259961866 0.092633796 0.880658502 0.393416391 1
0.341316729 0.644094085 0.841200946 0.997606276 0.596728987 1
0.275187807 0.879699938 0.231969281 0.277138432 0.089167459 2
0.137031022 0.52071504 0.564236394 0.878184767 0.317857833 1
0.234326859 0.901796913 0.463685895 0.142825604 0.276174461 2
0.103155851 0.921060804 0.033590765 0.718955297 0.335314953 1
0.996179312 0.698319053 0.824005603 0.076088425 0.64078531 2
0.735780386 0.277158956 0.179317293 0.630983494 0.126135654 2
0.437164966 0.329233159 0.592922326 0.649954266 0.644719155 2
0.129331575 0.570113154 0.67236453 0.849621633 1.054933093 1
0.669244339 0.370470542 0.564561914 0.48992929 0.717998314 2
0.280643063 0.406702259 0.202357196 0.555004251 0.730013399 2
0.060515863 0.203905048 0.59480142 0.661388588 0.57227938 2
0.637492253 0.643831015 0.33275214 0.431801558 0.878562159 1
0.116083994 0.003620149 0.253506989 0.538411624 0.512819031 1
0.216456056 0.420207298 0.191341802 0.265105668 0.070569409 2
0.874232785 0.902840093 0.891858839 0.575938004 0.226641751 1
0.833733125 0.704620926 0.912457734 0.119324645 0.282801002 2
0.705035581 0.075900122 0.590330027 0.657118542 0.285275798 1
0.837698392 0.720199023 0.866995067 0.896959358 0.344623992 1
0.463443947 0.719630747 0.213278274 0.937736653 0.561317522 1
0.764400465 0.854012962 0.334713338 0.324138146 0.231795979 1
0.869424168 0.168531088 0.791746045 0.359575052 0.719612278 2
0.049977359 0.911411854 0.514975784 0.659784301 1.01888284 1
0.736882782 0.628106278 0.883464416 0.254602759 0.549500928 1
0.101976361 0.82445761 0.490824462 0.675291362 0.767306092 1
0.984329414 0.260743927 0.551438724 0.711857432 0.414268877 2
0.962215266 0.17383656 0.158796201 0.701581215 0.371190139 2
0.812698981 0.608504648 0.166247901 0.628897999 0.270021613 1
0.178816174 0.133622639 0.498844903 0.790420018 0.291166483 1
0.84566304 0.587201649 0.432276827 0.619702607 0.491878697 1
0.802700081 0.698267131 0.307388008 0.286866929 0.71101603 1
0.516871485 0.536144384 0.240117268 0.200886885 0.772389972 2
0.799849856 0.30118998 0.042614008 0.359730644 0.517319023 2
0.280417023 0.057921268 0.622655778 0.928117519 0.196831676 1
0.765163086 0.184347657 0.02849112 0.286908762 0.218102023 2
0.765381551 0.632596454 0.01341962 0.404596136 0.894545547 1
0.395250878 0.128152598 0.795656966 0.542484943 0.581494191 2
0.513941208 0.240695675 0.430515586 0.333488505 0.198222917 2
0.847248316 0.401119198 0.712668421 0.982458896 1.141967329 1
0.3524552 0.479356144 0.706647437 0.03617405 0.023956855 2
0.669756308 0.038611369 0.098270882 0.675984169 0.676298345 1
0.899678338 0.906015519 0.741981998 0.108190672 0.279469289 2
0.655407122 0.810066664 0.187119013 0.178988752 0.536689045 2
0.424502724 0.59401493 0.171755742 0.134749886 0.273622912 2
0.335465339 0.484071955 0.629655461 0.297053501 0.129999631 2
0.231845401 0.134491073 0.574368932 0.637697272 0.06084571 2
0.481794372 0.250665686 0.890791302 0.634423363 0.188544113 2
0.516500601 0.568932355 0.252072614 0.675793233 0.435263949 1
0.813817993 0.410241676 0.217744549 0.476026422 0.386638699 2
0.529311814 0.986774116 0.236893315 0.770189075 0.867689531 1
0.679628682 0.688429494 0.347180996 0.799375751 1.067512935 1
0.82458484 0.772407903 0.584185256 0.076973387 0.083025595 2
0.850406472 0.78632639 0.248298978 0.463229086 0.660027307 1
0.651813337 0.735979808 0.18653933 0.978663746 0.872280322 1
0.28809815 0.025455791 0.583532502 0.869881301 0.378433492 1
0.400110488 0.612352875 0.764289469 0.516518726 0.019278314 1
0.572595084 0.196827361 0.14353383 0.647964703 0.882534725 2
0.601869049 0.66260856 0.743796492 0.335545221 0.118750552 1
0.319341882 0.973473624 0.738727595 0.152632137 0.491643644 2
0.658753775 0.362462262 0.80637136 0.064076085 0.21248096 2
0.454573967 0.495838143 0.005841143 0.829997905 0.658596613 1
0.993118231 0.411967912 0.697605732 0.299793079 0.355147943 2
0.43878473 0.989390268 0.363867081 0.742711495 0.745945357 2
0.141490993 0.550886624 0.147816549 0.624070133 0.16834913 1
0.028229992 0.523841446 0.598988432 0.803539125 0.69357582 1
0.363681784 0.91409441 0.553129375 0.316511919 0.731853946 2
0.021142602 0.273338092 0.908090773 0.5138281 0.063513976 2
0.066248755 0.91140396 0.810546285 0.691562743 0.289769089 1
0.673339521 0.887006018 0.933667086 0.253728975 0.211324181 2
0.888232245 0.866175478 0.42163696 0.229060735 0.452446793 2
0.949622752 0.829221438 0.564491243 0.42105054 0.095799384 1
0.332428486 0.897091587 0.427603097 0.920612371 0.654058559 1
0.799842515 0.798983516 0.221758883 0.965622613 0.330983096 1
0.607943723 0.777471292 0.73321989 0.50366229 0.765112315 1
0.554726144 0.587763497 0.581931869 0.116041643 0.076635363 2
0.33153106 0.756498011 0.681479081 0.505133432 0.124945272 1
0.369096424 0.985205382 0.099147759 0.345674128 0.645020375 2
0.384672321 0.57673666 0.154510479 0.266512491 0.004343558 2
0.595390659 0.592053181 0.037530575 0.874792847 0.690385725 1
0.77035865 0.172314808 0.934544948 0.372255671 0.288443515 2
0.040419487 0.649679719 0.107407503 0.255720904 0.177821249 1
0.275826452 0.782142892 0.217405661 0.153389765 0.011729327 2
0.124445037 0.245592003 0.363019102 0.837858581 0.491441758 1
0.938094848 0.462548493 0.368790027 0.188183539 0.288245169 2
0.071012462 0.504288163 0.720657771 0.159468007 0.754957685 2
0.319220453 0.233699677 0.001846026 0.971764434 0.297925677 1
0.258153463 0.622840944 0.619902676 0.563090637 0.252156864 1
0.446703998 0.344192397 0.430339284 0.176555573 0.63498875 2
0.774496432 0.860582763 0.611527858 0.581472548 0.098851015 1
0.521254536 0.388176959 0.721027107 0.175408089 0.247716174 2
0.956482738 0.842267335 0.46586411 0.890872543 0.897941927 1
0.400842843 0.259398545 0.898662547 0.749303763 0.082600805 2
0.997404358 0.784082852 0.611708767 0.878628068 0.464488483 1
0.532128725 0.176526809 0.65408331 0.151502967 0.441200121 2
0.758108628 0.501891731 0.460059202 0.121853943 0.554537896 2
0.40843398 0.264149525 0.142969075 0.950012932 0.515844024 1
0.95866358 0.311071923 0.903118058 0.324148907 0.739084614 2
0.701581122 0.423805303 0.612893561 0.320251321 0.369306286 2
0.638501985 0.177334783 0.288774204 0.507184969 0.345676637 2
0.793017244 0.479430369 0.219048085 0.709780113 0.639251511 1
0.299220993 0.727894504 0.323019593 0.50405458 0.58018438 1
0.28652046 0.831594398 0.620506481 0.046984803 0.470948918 2
0.54551049 0.982364113 0.924487015 0.051250614 0.234401018 2
0.838511829 0.104900424 0.182514577 0.915573916 0.19764986 1
0.294112872 0.912753033 0.514306276 0.026154155 0.191917006 2
0.173846511 0.522923801 0.432350957 0.36677383 0.678403182 2
0.899305465 0.191941195 0.129033577 0.626905111 0.580051348 2
0.710652607 0.995065229 0.321977525 0.291093913 0.013778762 2
0.684845432 0.740004733 0.960860141 0.541530624 0.686088042 1
0.872962277 0.14969285 0.256642429 0.521536968 0.595560064 2
0.95800567 0.927768222 0.332470381 0.403206307 0.841174459 2
0.058479511 0.797948391 0.199476023 0.090130004 0.381519832 2
0.704509592 0.546958489 0.225642871 0.078525281 0.104589382 2
0.229474485 0.562592387 0.188660901 0.3096503 0.693286741 2
0.583629905 0.906334986 0.107105007 0.585650035 0.747583303 1
0.187994161 0.656263454 0.438473772 0.602421799 0.181096034 1
0.75013288 0.66317172 0.189333339 0.689222094 0.160466352 1
0.352532014 0.043526632 0.68243787 0.248056803 0.053406579 2
0.596245665 0.249465751 0.471341766 0.468904495 0.001358808 2
0.190404134 0.471085784 0.502329825 0.472017987 0.275834299 2
0.520508835 0.002247253 0.679440543 0.408432083 0.046564496 1
0.256355156 0.100535061 0.913686701 0.546875724 0.412270951 2
0.505857082 0.357366131 0.583987572 0.80204462 0.13618078 1
0.597882927 0.728024433 0.510720229 0.828135718 0.561452366 1
0.454446259 0.716130204 0.213121873 0.525177695 0.384729611 1
0.414257112 0.825214276 0.190931332 0.896511957 0.985477723 1
0.321517813 0.844169958 0.400634497 0.466286461 0.282879523 1
0.719342241 0.885894023 0.754904764 0.228519971 0.094839485 2
0.582095836 0.911904847 0.567082037 0.166677175 0.478013482 2
0.244916233 0.812639884 0.055865148 0.067265412 0.146073017 2
0.700528545 0.535986167 0.551295163 0.465221555 0.757694311 1
0.383772989 0.327886617 0.49977393 0.415302933 0.103525427 2
0.553989696 0.431091491 0.864170575 0.194828946 0.795665641 2
0.096373606 0.643788373 0.463290202 0.321440395 0.730982644 1
0.387212976 0.531445662 0.177368398 0.227551303 0.310896268 2
0.874427525 0.875243593 0.831068457 0.883363372 0.68021532 1
0.73935168 0.691443356 0.43193756 0.415195981 0.515737631 1
0.309470044 0.930458981 0.168736976 0.637954982 0.588828834 1
0.477566087 0.324748197 0.333717803 0.222321344 0.374955545 2
0.622620287 0.863427522 0.120699464 0.261186016 0.15807281 2
0.134945219 0.591243446 0.457491515 0.098490179 0.156113245 2
0.784341731 0.922695579 0.574483446 0.749450393 0.241609369 1
0.720916795 0.991209245 0.46749241 0.88665593 0.786836608 1
0.507880959 0.78079404 0.618672562 0.50422092 0.097001893 1
0.501686931 0.476101426 0.528783007 0.814556739 0.666837727 1
0.929012352 0.678708538 0.587805527 0.991900367 0.929062798 1
0.507531439 0.435306882 0.862301172 0.865992301 1.084745568 1
0.659361828 0.469763725 0.564627386 0.900742852 0.153651773 1
0.618819887 0.168250497 0.129405152 0.578858536 0.752516909 2
0.827967128 0.797296611 0.449200548 0.96672054 0.265280039 1
0.388862631 0.701228651 0.777501667 0.566815063 0.578087986 1
0.266621907 0.890493971 0.775829692 0.890210657 0.554866827 1
0.127979617 0.058344269 0.893868879 0.311460497 0.123642386 2
0.55211178 0.712768804 0.723131525 0.015377814 0.553355721 2
0.156941631 0.345918448 0.759825223 0.021890556 0.019546824 2
0.252606501 0.447050864 0.125858419 0.69412664 0.200274359 1
0.842579167 0.259753637 0.223260897 0.608513974 0.877352609 2
0.372262833 0.552366251 0.311868979 0.506499737 0.159356826 1
0.236013072 0.874623387 0.559235792 0.068001236 0.388544297 2
0.563563423 0.876081057 0.496235924 0.759395937 0.421835795 1
0.214878558 0.825363657 0.207205814 0.826241119 0.12619872 1
0.236814586 0.55618409 0.410025519 0.935483878 0.397428175 1
0.406731531 0.238940683 0.82476361 0.836180047 0.843670801 1
0.307337032 0.697983644 0.878120612 0.014185891 0.616022324 2
0.189227751 0.026870418 0.951528067 0.477419261 0.197258477 1
0.57176993 0.05959334 0.908579805 0.836607199 0.439630927 1
0.469923048 0.397364522 0.992346889 0.554444797 0.102108659 2
0.105288382 0.230582033 0.938229086 0.936285428 0.743050432 1
0.916254924 0.696577923 0.171899543 0.940365279 0.202243156 1
0.409468196 0.038162771 0.232300683 0.507635431 0.789688512 1
0.394968988 0.938332939 0.214085216 0.663032529 0.078174067 1
0.736236295 0.165295827 0.060234408 0.433964428 0.248582445 2
0.858025781 0.631694958 0.622715017 0.480419979 0.707890258 1
0.124568786 0.215080784 0.002465641 0.546932451 0.458373571 2
0.036535581 0.765774689 0.833903942 0.242133904 0.282190187 1
0.016640908 0.705812693 0.072264626 0.539333108 0.845814505 1
0.051195389 0.061131967 0.491923313 0.583932465 0.750967691 1
0.881836494 0.731077283 0.27055835 0.203069655 0.307269708 1
0.467060484 0.847156127 0.722358801 0.752127567 0.776402604 1
0.825523357 0.269260241 0.292982376 0.914201387 0.651634131 1
0.421870902 0.174797934 0.078184318 0.60474452 0.94378032 2
0.101877107 0.376845551 0.445114625 0.536935333 0.131515415 2
0.2167248 0.024028081 0.180637212 0.086314528 0.490230514 2
0.824322248 0.749877897 0.535691222 0.16843827 0.746156193 1
0.091876545 0.715397248 0.788150239 0.723174976 0.915901072 1
0.709946392 0.387964125 0.142886848 0.396344045 0.055477024 2
0.565030198 0.885072724 0.295643734 0.936152538 0.90361064 1
0.708580998 0.345188776 0.79782804 0.990831216 0.567232626 1
0.001671922 0.632726587 0.174393016 0.217504092 0.019209079 2
0.967923572 0.802318671 0.910733689 0.203145996 0.166302132 1
0.777600853 0.701650455 0.733555705 0.468990456 0.608715238 1
0.712924075 0.944671564 0.23220837 0.092445518 0.112021572 2
0.687264601 0.800471788 0.951536381 0.047957925 0.150973759 2
0.471281408 0.380023859 0.891341417 0.552836409 0.155589924 2
0.249377449 0.425846768 0.34779878 0.318302633 0.709454318 2
0.560531842 0.080932385 0.885963416 0.962483675 0.250231296 1
0.049096835 0.795504723 0.601592454 0.753192712 0.705718503 1
0.124147488 0.085845237 0.243159992 0.626664903 0.786057543 1
0.898613452 0.75101913 0.484641089 0.886423282 0.701994352 1
0.977578325 0.443376679 0.858569235 0.436644769 0.735764093 2
0.646197868 0.739680173 0.847354631 0.659279237 0.647411575 1
0.735120381 0.134121108 0.047330844 0.416244866 0.121120811 2
0.135800366 0.234843859 0.16591505 0.959780854 0.834321061 1
0.147542426 0.954381081 0.526499798 0.077983838 0.668281529 2
0.460850478 0.204132706 0.168176066 0.401187212 0.731742007 2
0.645157909 0.596184404 0.193086955 0.760662831 0.37748683 1
0.974222006 0.48486299 0.12983482 0.636632416 0.72337384 1
0.104361701 0.407965288 0.099032288 0.370271253 0.061438739 2
0.774505116 0.176073549 0.944124357 0.756769648 0.730172616 2
0.049543567 0.57028456 0.976531751 0.19608785 0.472676477 2
0.832357619 0.40653116 0.959846121 0.567298019 0.890285489 2
0.739865366 0.670963942 0.437447997 0.723852091 0.316520783 1
0.166898359 0.088087466 0.762958354 0.793247234 0.674922424 1
0.085366553 0.91400939 0.916064781 0.617880869 0.389081784 1
0.207924131 0.513762477 0.66789929 0.50689508 0.317090355 1
0.626856017 0.446698498 0.553691071 0.294005512 0.443195255 2
0.687697136 0.909929628 0.750352704 0.326192709 0.043257384 2
0.610787425 0.539206963 0.473633645 0.755204106 0.112091218 1
0.376158827 0.301977397 0.060045691 0.180572753 0.510277525 2
0.112239262 0.601149107 0.517419973 0.611804132 0.326936633 1
0.281774583 0.302822493 0.139335508 0.691015236 0.138925101 2
0.985404507 0.269407475 0.866652366 0.458130419 0.628359375 2
0.343166592 0.683649599 0.874485298 0.461246307 0.253679466 1
0.148610225 0.051626482 0.333223532 0.0274734 0.286622613 2
0.67665015 0.83625268 0.298294334 0.826944782 0.701032119 1
0.790430601 0.259745128 0.235459962 0.79725269 0.368083867 2
0.220811563 0.486352858 0.932982345 0.859831498 0.795564195 1
0.838359953 0.217943779 0.330587697 0.966250972 0.69789674 1
0.1303091 0.267267842 0.173646374 0.673516486 0.35474281 2
0.980671928 0.979380002 0.737013924 0.975793194 0.487288556 1
0.513392994 0.013307924 0.207631624 0.327978946 0.090476031 1
0.851209446 0.036088471 0.322928809 0.996746084 0.377133079 1
0.915425482 0.882273542 0.782291478 0.879555041 0.271466134 1
0.222510717 0.75641993 0.976115482 0.054212974 0.146610034 2
0.144805113 0.666429394 0.27618821 0.373308507 0.050639755 1
0.658711427 0.534394222 0.707415964 0.711798933 0.230689168 1
0.464583362 0.901330128 0.876933789 0.824659065 0.372370606 1
0.541796824 0.885342376 0.709589205 0.48732122 0.157792438 1
0.912244975 0.631872586 0.367447489 0.487143654 0.12431604 1
0.821022384 0.972212762 0.377771317 0.421840044 0.522820864 2
0.324883183 0.94494961 0.664058538 0.953185475 0.678012925 1
0.859117556 0.296916306 0.059512457 0.47388464 0.869998617 2
0.340689205 0.628080417 0.125523147 0.884745845 0.230042668 1
0.120924793 0.541085763 0.870207775 0.660749652 0.936095694 1
0.612006776 0.563392531 0.217656315 0.420733866 0.610031104 1
0.070944123 0.790624065 0.281627855 0.118736837 0.62208966 2
0.065158685 0.716330278 0.253540424 0.558048903 0.957767487 1
0.432058574 0.628416714 0.724031677 0.504217072 0.759651044 1
0.82730853 0.828464845 0.241576143 0.053130882 0.520995063 2
0.884731563 0.829583253 0.972580706 0.407387683 0.790925038 1
0.469263901 0.173780904 0.947910126 0.64089339 0.12752531 2
0.385706009 0.643642793 0.357156625 0.700600077 0.985635468 1
0.105215256 0.987814792 0.218123832 0.617914595 0.070429684 2
0.066561814 0.897968599 0.947406449 0.993132695 0.462761897 1
0.076774093 0.429019256 0.736837985 0.086760978 0.543398315 2
0.948369678 0.406906747 0.478675716 0.614284272 0.478973936 2
0.661962729 0.181729769 0.339467414 0.408318876 0.827575788 2
0.647137767 0.420933835 0.435393156 0.79666241 0.552807707 1
0.90024775 0.060107392 0.154486621 0.659008832 1.018657763 1
0.255558066 0.100228763 0.287001056 0.981542469 0.926523 1
0.868254697 0.222433213 0.251805035 0.139757771 0.319776905 2
0.875786968 0.247033571 0.332335208 0.418171759 0.571718021 2
0.128177183 0.855129342 0.773481045 0.233603976 0.190475815 2
0.678111295 0.781178345 0.559270223 0.478894061 0.074510569 1
0.81860625 0.435881468 0.945058074 0.15880988 0.589862992 2
0.390755881 0.693145174 0.318895304 0.361969443 0.027334925 1
0.833672668 0.935237982 0.87211183 0.414357675 0.501772412 2
0.584095879 0.459046187 0.796584623 0.1039644 0.551526184 2
0.803692573 0.566060662 0.43193401 0.964702726 0.262918607 1
0.191617013 0.151890637 0.302306879 0.073587306 0.651557026 2
0.860476051 0.940201915 0.602874641 0.460659805 0.807117683 2
0.746748713 0.733516053 0.495391744 0.368844169 0.341397494 1
0.0507992 0.741783587 0.143833728 0.043297133 0.284023769 2
0.616396784 0.261558458 0.52426394 0.789389713 0.819005997 2
0.157980858 0.276452337 0.758922009 0.527713233 0.842229513 2
0.226362786 0.995836644 0.957375764 0.305948757 0.119001576 2
0.344574692 0.505986568 0.193543292 0.013571602 0.117795587 2
0.042559952 0.638525513 0.133605791 0.198682923 0.271949107 2
0.954291614 0.427629921 0.748542573 0.219268187 0.146212456 2
0.762166412 0.19249348 0.445774384 0.286377637 0.098576614 2
0.742636909 0.907526338 0.440903629 0.086606683 0.089026081 2
0.1817522 0.172178935 0.414849808 0.918324465 1.009875934 1
0.090924932 0.327631683 0.532411391 0.452856635 0.064685585 2
0.807718172 0.151380772 0.503457511 0.650773738 0.207059574 2
0.71450191 0.65547692 0.546341149 0.837069355 1.086190935 1
0.276106703 0.882337981 0.693002877 0.779832512 1.07226684 1
0.138966518 0.796157866 0.893038539 0.637526657 0.380905439 1
0.027050283 0.470473297 0.744334699 0.152682821 0.150295147 2
0.459273456 0.335926494 0.934309853 0.287197395 0.020924191 2
0.51391366 0.339175917 0.527383857 0.928995257 1.113123589 1
0.237940374 0.036758807 0.975865971 0.164076821 0.070508043 2
0.03153711 0.968998274 0.410118965 0.214412854 0.720738919 2
0.24322507 0.691274274 0.81823041 0.303283755 0.846080691 1
0.070780201 0.645641883 0.857412918 0.737980287 0.232301635 1
0.81180087 0.19738182 0.150569439 0.20779056 0.160265287 2
0.484337489 0.701107238 0.701162139 0.995393387 0.217301373 1
0.684098704 0.962027388 0.755877933 0.304660941 0.221532626 2
0.645164702 0.982382778 0.887107979 0.52994396 0.842991096 2
0.294706377 0.993418061 0.54228593 0.843670544 0.711075714 1
0.182105488 0.532047915 0.185415 0.273034927 0.817297665 2
0.77781568 0.291097745 0.071394389 0.285185382 0.21340152 2
0.756936397 0.715165125 0.116284675 0.116140775 0.158125434 2
0.218485425 0.393249414 0.969662997 0.474173057 0.043928698 2
0.519269829 0.276836098 0.259955362 0.136088314 0.105127227 2
0.145349592 0.190598918 0.746500919 0.147221809 0.209660494 2
0.070327698 0.064796954 0.57215731 0.145532755 0.149919842 2
0.037837547 0.366295357 0.266298259 0.56944237 0.238148397 2
0.5235052 0.401427521 0.797510659 0.490504094 0.94070055 2
0.147725636 0.071143012 0.705361466 0.34812763 0.64001985 2
0.212031296 0.339549673 0.403963441 0.266898814 0.453059672 2
0.918996693 0.693559843 0.426530672 0.720045119 0.75960759 1
0.030600363 0.286389735 0.466263612 0.377791895 0.243537454 2
0.81554831 0.833637545 0.258923826 0.8592373 0.497477778 1
0.967067561 0.730079945 0.922813471 0.103444138 0.117059254 2
0.717785705 0.840678171 0.577497162 0.002204676 0.01368681 2
0.544437903 0.053073982 0.125590416 0.105879803 0.258194409 2
0.333700978 0.523582317 0.581977598 0.437346705 0.802749219 1
0.539312943 0.666851559 0.670468738 0.039909556 0.639097642 2
0.041989428 0.893463864 0.44289712 0.65553553 0.926454811 1
0.152414975 0.952287071 0.356516175 0.192473734 0.664109436 2
0.180639014 0.04786629 0.208889439 0.208697526 0.358050463 2
0.746178119 0.740057311 0.455550083 0.822180917 0.137862218 1
0.423120385 0.555955541 0.013707632 0.073277653 0.062789371 2
0.502879528 0.315463251 0.044000758 0.120916814 0.22007361 2
0.242756304 0.954064462 0.765855721 0.565461625 0.187241653 2
0.494292774 0.182040875 0.400305857 0.969398465 0.665912976 1
0.291491388 0.210963796 0.937330365 0.105030886 0.451834591 2
0.355385325 0.068336089 0.483141485 0.908548749 0.845782038 1
0.541196778 0.27223474 0.386472489 0.374725411 0.579834025 2
0.424307952 0.912218678 0.172368452 0.998566212 0.363161686 1
0.080153226 0.043118068 0.599611903 0.671989304 0.40377965 1
0.17426275 0.807110342 0.290811521 0.487565201 0.11006334 1
0.25203116 0.419214815 0.783793908 0.499974221 0.01996187 2
0.790570307 0.144501777 0.549010549 0.461661316 0.885602897 2
0.579061474 0.224413521 0.911592685 0.694675598 0.337353207 2
0.883566936 0.437133834 0.530148039 0.898377168 0.204708398 1
0.585809491 0.16541904 0.930446371 0.635076693 0.691658389 2
0.358965444 0.557217732 0.425769938 0.795243455 0.802632923 1
0.866728991 0.162257914 0.800444144 0.333175444 0.055965296 2
0.839324825 0.374069332 0.779487137 0.29547035 0.079418994 2
0.390837788 0.664135303 0.555502768 0.450769138 0.039625513 1
0.066149551 0.025532482 0.099032796 0.982564199 0.639724869 1
0.845380388 0.810018483 0.999643877 0.539871886 0.853560778 1
0.646186791 0.307566416 0.127736865 0.765764533 0.306121614 2
0.702645951 0.543321902 0.17849023 0.053639921 0.260538706 2
0.007666519 0.91637222 0.29837174 0.028176391 0.392211147 2
0.677304894 0.040068806 0.502560568 0.924679701 0.165326657 1
0.56100071 0.52743336 0.656609997 0.959472959 0.746325179 1
0.662472565 0.059904419 0.298862492 0.757613831 0.200293248 1
0.834428941 0.94584527 0.251785292 0.245043516 0.159890491 2
0.149384813 0.079335689 0.742713664 0.932779785 0.569886505 1
0.119865943 0.812309005 0.418863344 0.5334617 0.281099417 1
0.819340219 0.316572597 0.046145586 0.167936458 0.686631747 2
0.192849694 0.599163956 0.640346175 0.354149079 0.040853529 1
0.330459423 0.007346031 0.394515115 0.334853516 0.086444823 1
0.885212841 0.88083463 0.399026472 0.407109038 0.290685758 1
0.387347242 0.541077215 0.216386119 0.577658568 0.59817595 1
0.28331568 0.113066485 0.921720594 0.396605979 0.02901215 2
0.362576008 0.316773708 0.639470721 0.029817141 0.16438863 2
0.04361204 0.405325834 0.400678952 0.830664835 0.24813095 1
0.52242873 0.428026961 0.346163607 0.676620478 0.053592842 1
0.200108426 0.020738814 0.232400972 0.458265887 0.530130956 1
0.660618309 0.53648644 0.211414096 0.160056141 0.449369512 2
0.395132458 0.587944406 0.890802331 0.266109911 0.60925144 2
0.606306699 0.543185309 0.219654586 0.572936431 0.871684107 1
0.066990881 0.259236531 0.097626721 0.206828616 0.002008283 2
0.670772156 0.917092673 0.163547874 0.539159614 0.360946251 1
0.778285465 0.2993702 0.432927171 0.080515417 0.730501582 2
0.750196632 0.790267391 0.194840173 0.126978969 0.473630181 2
0.127609647 0.839406728 0.769270353 0.2414515 0.360767694 1
0.021411905 0.178988446 0.963203884 0.392154643 0.672486632 2
0.753773072 0.779973014 0.196577076 0.051902213 0.624758502 2
0.868465241 0.940236878 0.287227018 0.597863313 0.061572754 1
0.839305815 0.078309876 0.938223942 0.254858766 0.085477424 2
0.616470291 0.322904277 0.156823928 0.408240675 0.096293048 2
0.748704422 0.90348446 0.507080521 0.687600239 0.623619171 1
0.264978801 0.223102847 0.837484737 0.602431732 0.336468588 2
0.730517253 0.3941417 0.325587205 0.007950911 0.095674132 2
0.377322835 0.502952025 0.061358898 0.106023898 0.422273263 2
0.796012231 0.003169844 0.050536097 0.355107893 0.172444664 1
0.500287148 0.982216664 0.87850159 0.386737921 0.022216522 2
0.113743232 0.663655051 0.633961219 0.116914078 0.631921466 2
0.577123315 0.962171777 0.1054769 0.511251609 0.456470947 2
0.25664434 0.260500037 0.760356651 0.225451405 0.421258428 2
0.161547152 0.391068852 0.77542361 0.410031377 0.484583367 2
0.716861231 0.142081789 0.680126489 0.652829429 0.981882985 2
0.544926379 0.030578715 0.284358702 0.147046597 0.202687631 2
0.413336755 0.65632335 0.912297896 0.029044212 0.573141565 2
0.943737283 0.23258597 0.603412505 0.241241772 0.337717741 2
0.60825328 0.945554649 0.947276424 0.553782519 0.953535771 1
0.741523063 0.185709993 0.755808247 0.336641512 0.026759336 2
0.752719017 0.484537412 0.540787522 0.624046332 0.448087485 1
0.843265779 0.740927489 0.059849633 0.76796333 0.162830278 1
0.822646231 0.096029121 0.223125296 0.849472673 1.048671954 1
0.630444098 0.175671616 0.897457764 0.818613244 0.567609902 1
0.648031673 0.428261044 0.843108072 0.377223742 0.06607749 2
0.560921468 0.505782664 0.696052518 0.717939198 0.845673977 1
0.115981257 0.128705324 0.38744634 0.698322363 0.239338258 1
0.46728513 0.204685307 0.107917518 0.674617294 0.637092773 2
0.156313212 0.198506132 0.637010764 0.35730775 0.443626346 2
0.774619833 0.439167408 0.127215032 0.493045828 0.631169295 2
0.487124045 0.261949881 0.963182818 0.237086577 0.365904047 2
0.488028044 0.181135391 0.53757273 0.569622153 0.536691854 2
0.07904584 0.735349505 0.855661093 0.34085437 0.453011198 1
0.147305642 0.804721173 0.112100995 0.315777343 0.184908635 1
0.193996006 0.129717795 0.828545408 0.2429622 0.499618654 2
0.997433878 0.028115663 0.528547781 0.304643675 0.830372339 2
0.915401832 0.971604806 0.480602825 0.6306037 0.350458859 2
0.269162894 0.309503818 0.727685216 0.688229921 0.617731336 2
0.546606437 0.07647432 0.09297056 0.608197385 0.418708689 1
0.001018229 0.056476266 0.497980022 0.681979452 0.565671307 1
0.520098355 0.158994372 0.508034027 0.686339293 0.491169551 2
0.079252018 0.258292489 0.161737129 0.163586162 0.369382887 2
0.644848406 0.014616841 0.491715382 0.627200931 0.374050383 1
0.992553964 0.400370567 0.468480273 0.682943191 0.980100398 1
0.327437889 0.756821104 0.26447137 0.568247537 0.631885462 1
0.343030863 0.770378491 0.076721134 0.430099471 0.198984635 1
0.893417731 0.844396747 0.748896892 0.096151655 0.065183151 2
0.096357469 0.515302029 0.820544281 0.958099083 1.00621965 1
0.782746332 0.883140347 0.736117786 0.192777023 0.039409642 2
0.767296377 0.058864165 0.314287409 0.707578425 0.985720403 1
0.997395535 0.436341306 0.01525084 0.22510777 0.637633047 2
0.544938368 0.73867109 0.03802387 0.629996187 0.339827694 1
0.497646885 0.328431759 0.879296245 0.400997928 0.596927331 2
0.59401578 0.772459762 0.835423674 0.456371153 0.732498059 1
0.484138298 0.176175538 0.691595681 0.362616258 0.779652338 2
0.370366573 0.912822031 0.129441023 0.408402798 0.233531618 1
0.965482772 0.131771194 0.852587926 0.839461383 0.4799928 1
0.383102241 0.399780318 0.197861621 0.398849711 0.610591835 2
0.968392849 0.072244094 0.194899822 0.532822244 0.571365158 1
0.925782398 0.070589862 0.636381925 0.018040824 0.130745146 2
0.129482792 0.719502569 0.870147606 0.653558853 0.955589105 1
0.02281802 0.736142529 0.105898256 0.853394455 0.847041042 1
0.171410072 0.425433129 0.048654184 0.785078374 0.737835559 1
0.185148484 0.183347185 0.940190785 0.938820162 0.728640642 1
0.643588098 0.606409742 0.02462459 0.993381508 0.393321218 1
0.936564885 0.412861627 0.027790573 0.380878415 0.369329649 2
0.118409006 0.061592174 0.258906035 0.35605419 0.212892022 2
0.263676609 0.971551078 0.71041048 0.458573072 0.622868421 2
0.865640846 0.65938839 0.173613659 0.332079603 0.317854963 1
0.499949488 0.489048252 0.079944066 0.743651675 0.508169398 1
0.583926851 0.126456018 0.378342707 0.644345501 0.567858549 2
0.940001975 0.777789966 0.087154473 0.038288553 0.153706367 2
0.564764124 0.923617879 0.483118661 0.596721847 0.045982252 1
0.464623674 0.105905332 0.134841521 0.177025743 0.170933447 2
0.1894004 0.443066576 0.298194804 0.997583762 0.515034337 1
0.078244311 0.502330496 0.71698395 0.989846717 0.476391943 1
0.850997959 0.011233144 0.471545274 0.111654783 0.106668631 2
0.033711014 0.203524953 0.444514579 0.973257927 0.569424131 1
0.583294528 0.431694768 0.993747832 0.312045445 0.190427227 2
0.714234361 0.601164413 0.187328712 0.466253163 0.161699846 1
0.169801392 0.052496559 0.124095106 0.354362161 0.592142308 2
0.099463188 0.300185237 0.143573954 0.378035713 0.179390325 2
0.306502082 0.592262392 0.916977864 0.444761421 0.5556689 1
0.572025934 0.146555434 0.828830634 0.764373354 0.317590711 1
0.23475754 0.209469814 0.31401781 0.523824311 0.798869198 2
0.479564179 0.334147217 0.481262128 0.799461136 0.453158814 1
0.048565807 0.549264002 0.447156675 0.438126327 0.619325865 1
0.560088907 0.950086125 0.725315475 0.940166992 0.33881861 1
0.428948446 0.752185794 0.819082997 0.921377522 0.364508302 1
0.271274244 0.567951709 0.830104796 0.329535157 0.514834852 2
0.347059186 0.659188779 0.10047442 0.557007946 0.761297703 1
0.19222225 0.748204774 0.544486047 0.736422393 0.556076122 1
0.67482116 0.697320447 0.915015587 0.144073414 0.1676523 2
0.718929101 0.555216191 0.02757369 0.578142038 0.821516694 1
0.644344763 0.180442407 0.240036485 0.138356579 0.611712965 2
0.472099012 0.450272267 0.893023237 0.822990858 0.85584775 1
0.996683293 0.009364663 0.729297131 0.090538316 0.689824673 2
0.632301097 0.169931676 0.611841473 0.819533717 0.310767446 1
0.411659868 0.005768952 0.519055729 0.253314424 0.416885237 1
0.107068068 0.449108961 0.642353634 0.349521055 0.216623363 2
0.716460281 0.36429615 0.096938102 0.779332637 0.714984891 1
0.257636754 0.698259586 0.375501491 0.451314183 0.238546723 1
0.851671917 0.957172732 0.330768399 0.181824947 0.129147642 2
0.629284683 0.994041563 0.032725753 0.810693388 0.773979261 1
0.754978776 0.475751305 0.715564462 0.979810242 0.953744505 1
0.591836437 0.99282863 0.942403802 0.76592385 0.508851187 2
0.590901979 0.643340194 0.460788892 0.699742257 0.833862938 1
0.260932144 0.626450001 0.401770449 0.223954375 0.541902404 2
0.718042958 0.983697094 0.105971096 0.655477832 0.70939633 2
0.111506993 0.689531675 0.525809079 0.034623934 0.268255108 2
0.000508506 0.879561789 0.065098674 0.178440487 0.317533409 2
0.728651056 0.677814302 0.404851815 0.619751022 0.023780915 1
0.030490152 0.905602923 0.858097961 0.219854311 0.079530579 2
0.657003463 0.486822624 0.082402762 0.903980825 0.696336469 1
0.159459403 0.670153846 0.618120693 0.49692316 0.123421924 1
0.016715561 0.830261464 0.501261952 0.844265199 1.04889962 1
0.765224777 0.650112514 0.172564706 0.604830167 0.74513064 1
0.788608699 0.487513291 0.225125372 0.104850466 0.302120195 2
0.989618235 0.753380451 0.738628813 0.76643257 0.997619851 1
0.505167705 0.739612334 0.437167283 0.674648014 0.861236484 1
0.050599621 0.593215781 0.341126397 0.141526845 0.720501761 2
0.525672698 0.603070274 0.544010462 0.473862723 0.790673794 1
0.226716264 0.708875315 0.255795831 0.867559157 0.401476312 1
0.339186973 0.720928482 0.933673501 0.246754187 0.661938305 1
0.921643364 0.216920704 0.64931838 0.253656122 0.825902068 2
0.88268761 0.020411832 0.171470965 0.287405765 0.72202107 1
0.661916499 0.627563655 0.773132199 0.799850879 0.651324964 1
0.070232971 0.496559073 0.140482422 0.795376429 0.139531202 1
0.486290506 0.810425206 0.358286717 0.963379481 0.986515138 1
0.312434273 0.731204759 0.251510142 0.908110436 0.465713772 1
0.141411999 0.344084067 0.488110806 0.843922589 0.936029346 1
0.721107855 0.006687748 0.837957161 0.70697981 0.637008896 1
0.237713264 0.733789023 0.12706285 0.209667488 0.396808494 1
0.347610064 0.123661259 0.537530705 0.743834632 0.980728069 1
0.821126201 0.2317104 0.782539267 0.536065409 0.06116111 2
0.828377543 0.282379494 0.579856714 0.884936144 0.775060272 1
0.00764582 0.244105587 0.157397599 0.979159166 0.360699512 1
0.361325528 0.636835821 0.857566115 0.519147672 0.461665413 1
0.272959589 0.559773633 0.726206298 0.455356106 0.40972219 1
0.508665408 0.38112752 0.625022074 0.427258353 0.621648194 2
0.125328477 0.884173893 0.278267945 0.24952137 0.299849484 2
0.192410789 0.477422094 0.583555247 0.859314678 0.797389287 1
0.961082398 0.413583748 0.510276606 0.823266467 0.788290561 1
0.280227084 0.384900135 0.834878201 0.61683485 0.150815854 2
0.002199187 0.433670378 0.672972781 0.745308161 0.965533671 1
0.60510222 0.399049763 0.242792713 0.186780948 0.686992987 2
0.187963965 0.176851606 0.56148776 0.915772673 0.297693149 1
0.955971292 0.460687618 0.533632149 0.224163912 0.070923996 2
0.623900121 0.422820796 0.771172936 0.506320185 0.516955427 2
0.225745502 0.544081422 0.571340711 0.93015633 0.382019806 1
0.831235153 0.576610822 0.978462286 0.287964673 0.272808007 2
0.053645034 0.983549097 0.403911602 0.122588051 0.052717499 2
0.529282147 0.208572092 0.510537542 0.268464041 0.090629974 2
0.118481883 0.347909451 0.298812966 0.045699597 0.021940045 2
0.452225548 0.29063964 0.875825571 0.811155565 0.843456448 1
0.10866294 0.722159422 0.960632121 0.216028395 0.623515931 1
0.815066398 0.613264278 0.719381381 0.657111662 0.478969215 1
0.00614839 0.505752889 0.55393534 0.851302823 0.559847367 1
0.340140598 0.117382809 0.620625398 0.522490961 0.779357059 2
0.955561253 0.086856042 0.167426212 0.679219061 0.631888141 1
0.162166224 0.125802307 0.875347503 0.192959689 0.150418083 2
0.233368516 0.001954313 0.288771596 0.17297576 0.147891248 1
0.267915197 0.708373455 0.220683562 0.287058372 0.370662689 1
0.252197278 0.440185877 0.174101099 0.510441526 0.510383412 2
0.346308433 0.665327948 0.600313584 0.110388844 0.031957697 2
0.39436475 0.201776708 0.988591242 0.803830208 0.593629496 1
0.297813175 0.863154958 0.031596092 0.272496575 0.172573507 1
0.328461033 0.469952197 0.170190832 0.396759008 0.031988754 2
0.409766461 0.907391662 0.524796646 0.988323306 0.485615108 1
0.517022151 0.005700342 0.718888461 0.275564395 0.381076285 1
0.335557819 0.38670283 0.455798728 0.236104995 0.506788135 2
0.106178303 0.624761491 0.318862668 0.891750838 0.677105544 1
0.489826324 0.172624477 0.166309666 0.193590085 0.048514921 2
0.320023367 0.066219648 0.6780746 0.942447348 0.787530436 1
0.256143655 0.509346582 0.584615034 0.624453073 0.582880659 1
0.836836773 0.612070349 0.281910315 0.905746834 0.79012661 1
0.909554505 0.87790986 0.809298087 0.1367784 0.206315748 2
0.154390097 0.067140091 0.597299068 0.37780327 0.813602207 2
0.554054921 0.869191607 0.789496881 0.485489648 0.12541416 1
0.521025794 0.958732332 0.77317005 0.508561678 0.375457984 2
0.987197947 0.550055597 0.393835836 0.340599051 0.311185658 2
0.742000185 0.065375047 0.5065995 0.082995916 0.222501356 2
0.182517143 0.057041052 0.504311956 0.193152325 0.18822082 2
0.153526569 0.634044849 0.996199489 0.04472929 0.647850084 2
0.117880984 0.401965665 0.46125501 0.320743796 0.592123743 2
0.30497196 0.895242676 0.139647732 0.508912966 0.427890126 1
0.188579348 0.723817693 0.655901617 0.984476857 0.330583104 1
0.102221044 0.735296032 0.689274552 0.561237204 0.306878564 1
0.58387246 0.471312106 0.868246351 0.279244723 0.381213058 2
0.202791105 0.6352628 0.613168634 0.3899504 0.460892902 1
0.51741294 0.250485807 0.88458478 0.309206513 0.053432686 2
0.465761384 0.235811611 0.099894491 0.547760942 0.863738559 2
0.031544023 0.321706905 0.331298337 0.61033363 0.410438387 2
0.934688401 0.137453776 0.554196577 0.390496876 0.032896783 2
0.038418779 0.980473054 0.475651209 0.991901461 1.109909321 1
0.107975085 0.795501786 0.206498983 0.989398389 0.689756768 1
0.077222006 0.306373861 0.019214638 0.218801393 0.612274347 2
0.203231905 0.619129369 0.180682229 0.063918101 0.070297891 2
0.502623656 0.014592345 0.976867652 0.206548134 0.209428768 2
0.261709993 0.633908109 0.470191196 0.731904169 0.937293535 1
0.682073169 0.394320468 0.610903124 0.650857349 0.142908704 2
0.077287392 0.317195632 0.327996234 0.124041207 0.53893222 2
0.668494422 0.568463722 0.443492373 0.263668611 0.041931624 2
0.284248797 0.465750351 0.434601933 0.159424017 0.045485134 2
0.514084644 0.559009783 0.273457627 0.037488664 0.064707975 2
0.964983385 0.204947775 0.791290369 0.02913913 0.08792033 2
0.84040359 0.892436228 0.63907296 0.209929993 0.034478078 2
0.389401973 0.498973382 0.702321644 0.18472916 0.039518482 2
0.63198965 0.729532307 0.128859522 0.850319714 0.263064847 1
0.113023629 0.771367047 0.905577284 0.878414978 0.164008531 1
0.824927538 0.754009788 0.898280722 0.240253772 0.000964344 1
0.682058732 0.495294045 0.267445278 0.551950685 0.656360688 1
0.230333006 0.304277856 0.048699027 0.469971454 0.236841537 2
0.841784906 0.862917604 0.836757012 0.620986412 0.429392043 1
0.404738872 0.48275708 0.979029522 0.922425212 0.834875089 1
0.362946247 0.89324803 0.584660713 0.451813919 0.154800656 1
0.307834707 0.227107438 0.988681729 0.566920799 0.457464393 2
0.88007421 0.587843388 0.116888684 0.577370018 0.294989688 1
0.341225855 0.577745409 0.781543599 0.23420272 0.328957707 2
0.705327441 0.99373675 0.709014171 0.449372801 0.638889699 2
0.896882448 0.626025126 0.261142429 0.294859993 0.309403652 1
0.855571566 0.282965003 0.312770053 0.273465684 0.695960991 2
0.538830495 0.877458587 0.74092605 0.412927223 0.259964049 1
0.204913279 0.208074217 0.544382468 0.72424426 0.862359969 2
0.167083112 0.014349936 0.327255851 0.296555989 0.00248897 1
0.510439564 0.542976584 0.756211544 0.587040972 0.552485757 1
0.076945935 0.292218802 0.613554793 0.617631543 0.053110709 2
0.014562775 0.368533912 0.943888082 0.623342588 0.78301714 2
0.383865053 0.0543877 0.422951601 0.522209822 0.568132089 1
0.943925577 0.312242681 0.725401182 0.206715496 0.732158978 2
0.089042338 0.099108498 0.477653067 0.403649771 0.05848254 2
0.111673212 0.101395668 0.537321188 0.526113813 0.89787931 2
0.887774442 0.883602942 0.119235524 0.860315983 0.776580002 1
0.322246994 0.039095126 0.512414151 0.403445296 0.602134863 1
0.171483061 0.799392247 0.782990845 0.009726643 0.021896066 2
0.337636907 0.262492537 0.050136214 0.022270079 0.394798028 2
0.210836628 0.003290751 0.895879107 0.581021796 0.797446243 1
0.380309198 0.892629912 0.586518416 0.114507212 0.025124314 2
0.962091702 0.538438625 0.806757213 0.457626914 0.115181104 1
0.036112039 0.43525767 0.611063724 0.402024017 0.500437876 2
0.308544542 0.729748657 0.729767478 0.591986791 0.391097515 1
0.598277656 0.042004067 0.126920786 0.339983259 0.343975757 2
0.905798739 0.088142087 0.931021309 0.464244734 0.214291792 2
0.882026691 0.491271193 0.194536184 0.458823121 0.187900541 2
0.648899412 0.20794851 0.195683835 0.506742081 0.900282322 2
0.18908614 0.99823253 0.951805933 0.851745004 0.135489211 1
0.332933874 0.391844842 0.139356957 0.166213022 0.042502241 2
0.197705929 0.213307076 0.310351833 0.604584125 0.048091745 2
0.363917837 0.987708347 0.086277833 0.525549737 0.333321375 2
0.911166613 0.018485025 0.044023173 0.21493794 0.548527176 2
0.027057162 0.671758728 0.528137766 0.657012842 0.438117569 1
0.024225924 0.980880014 0.24011241 0.297427374 0.622124223 2
0.572371563 0.162364275 0.500703375 0.128762158 0.199307531 2
0.508783742 0.572882934 0.96419953 0.121965861 0.04992991 2
0.063050067 0.098887085 0.129127727 0.336582778 0.144232823 2
0.621272443 0.518292298 0.986241454 0.781911203 0.629280249 1
0.54057785 0.069942339 0.496555385 0.582681455 0.556926061 1
0.167362078 0.873796176 0.428479694 0.038975235 0.552255718 2
0.469675282 0.025446636 0.213338404 0.073428306 0.484485561 2
0.159266259 0.705180692 0.491043456 0.141766309 0.513852845 2
0.014074308 0.556830403 0.677405865 0.257918819 0.725100121 2
0.290369637 0.467640081 0.077713811 0.164839583 0.48714191 2
0.381557964 0.779789354 0.805937215 0.179231176 0.731709135 1
0.735302535 0.44956331 0.56085101 0.665130128 0.481287141 1
0.873699381 0.803950022 0.183413004 0.760253896 1.032332999 1
0.754632719 0.889172263 0.508470243 0.702643849 0.426820341 1
0.53779437 0.023824343 0.662784171 0.195958778 0.078937381 2
0.595685771 0.623386486 0.95786801 0.52228121 0.154338478 1
0.80500863 0.715428316 0.296749548 0.873994167 0.717327397 1
0.969711031 0.378289497 0.903443735 0.443668781 0.666390766 2
0.416295694 0.67293971 0.577461565 0.495473524 0.442512142 1
0.433839878 0.060571653 0.335257632 0.755873592 0.38763334 1
0.624548152 0.869769847 0.356972152 0.317834318 0.111432915 1
0.618157047 0.65932459 0.180161251 0.663875301 0.545928869 1
0.667252827 0.378424441 0.795560448 0.691642221 0.430299595 2
0.851018714 0.617562215 0.515937593 0.583671174 0.84698732 1
0.194187641 0.033528496 0.167112457 0.31321562 0.091744559 2
0.860802211 0.782843264 0.509041279 0.332888881 0.297703032 1
0.523980926 0.572390276 0.616533471 0.864945443 0.610593949 1
0.098073119 0.296370425 0.661005711 0.013782096 0.344369855 2
0.752366592 0.237479331 0.946475357 0.965185296 0.959410648 1
0.003661766 0.029941022 0.653462246 0.635483921 0.29919522 1
0.411723699 0.075193585 0.508248142 0.599586911 0.702469121 1
0.592872989 0.43012426 0.65444006 0.77239311 0.882229516 1
0.78165587 0.41529049 0.349296643 0.455755907 0.023405611 2
0.834222544 0.879040031 0.283364948 0.80556812 0.284747276 1
0.106336164 0.265357241 0.869893991 0.833102865 1.109057036 1
0.718954408 0.931114291 0.355762618 0.544003957 0.027525369 1
0.753328274 0.604695051 0.818560004 0.049764716 0.383053237 2
0.642328821 0.035185989 0.058616366 0.272666853 0.392791833 2
0.522056356 0.811992494 0.353403531 0.518471438 0.50865181 1
0.920563212 0.601340565 0.149700838 0.52416174 0.813049262 1
0.286005728 0.711162907 0.619444374 0.91323307 1.059363415 1
0.301502726 0.521845007 0.925338335 0.120907547 0.160915602 2
0.19308924 0.969720851 0.433779095 0.098722035 0.049923851 2
0.583240016 0.505559475 0.384868419 0.284695302 0.068937646 2
0.860638205 0.834072644 0.20125343 0.744225775 0.161005495 1
0.848388059 0.835200481 0.564216368 0.860504054 0.648053354 1
0.030436916 0.436095947 0.049808717 0.794044703 0.737253315 1
0.723799601 0.406830638 0.722556473 0.951449598 0.439459584 1
0.922273493 0.155383416 0.560725559 0.216210465 0.306241029 2
0.275325401 0.160949966 0.259738204 0.511741026 0.148904831 2
0.004370225 0.77152542 0.988466401 0.70139951 0.658000776 1
0.9360867 0.264563766 0.958311664 0.694520072 1.046991303 2
0.720992293 0.390806815 0.727094158 0.233916984 0.034759553 2
0.112813918 0.653602052 0.993604417 0.001458291 0.690509424 2
0.780950585 0.381692787 0.171706975 0.70662592 0.274991879 1
0.932140634 0.795065547 0.783538961 0.530987031 0.637907011 1
0.032089365 0.803478752 0.239444328 0.001696757 0.322697094 2
0.712387632 0.778273242 0.586022772 0.87203523 0.957359283 1
0.200419115 0.06247932 0.402660584 0.209052162 0.258099411 2
0.148515648 0.094586515 0.089965615 0.44015002 0.026841487 2
0.312892254 0.780131327 0.563154455 0.904382166 0.806803105 1
0.774188738 0.714984819 0.703034224 0.302875147 0.401404523 1
0.429464285 0.10738592 0.168730109 0.658604614 0.568362325 1
0.38757942 0.324867926 0.446174254 0.791262198 0.118692641 1
0.034777558 0.96976471 0.72461107 0.200645926 0.127062263 2
0.09579301 0.825459732 0.529943025 0.444389647 0.163693403 1
0.965968469 0.97745499 0.357208218 0.905417172 0.219995913 1
0.46902706 0.461188634 0.968361996 0.083764711 0.611381849 2
0.754718984 0.984819009 0.904546231 0.528860458 0.130729895 2
0.183039541 0.18241946 0.377828731 0.064483013 0.251939761 2
0.976567031 0.533692313 0.947750773 0.361940626 0.308205587 2
0.775806673 0.102911967 0.231239501 2.10695E-05 0.560897765 2
0.297107922 0.664846149 0.398823078 0.225457265 0.485512292 1
0.259241973 0.161380896 0.77382809 0.507536577 0.3350313 2
0.340731334 0.831988927 0.513706153 0.977552036 1.099824242 1
0.295194039 0.346532599 0.568873878 0.770551522 0.707907397 1
0.68449879 0.902681748 0.890578744 0.455786307 0.015085586 1
0.421982584 0.094953217 0.57792358 0.965893097 0.465156531 1
0.579970453 0.480542996 0.774074517 0.025664106 0.163547695 2
0.862647586 0.721223428 0.401944853 0.851767431 1.097527589 1
0.562954041 0.033116989 0.949885789 0.157475377 0.054677239 2
0.276525008 0.989634758 0.633221443 0.063841133 0.153400192 2
0.309757703 0.559781692 0.831276577 0.70333456 0.995280529 1
0.139315995 0.186882448 0.237430826 0.916205646 0.247704722 1
0.53659144 0.784070498 0.413268436 0.796289474 0.478877375 1
0.071183 0.305109892 0.122038251 0.754099418 0.628698053 2
0.292532589 0.104783063 0.673676718 0.543375518 0.817800444 2
0.347410052 0.194679628 0.418988145 0.155262879 0.335340313 2
0.604820197 0.790260215 0.969322313 0.93449018 0.266783308 1
0.675111318 0.796045901 0.560155062 0.526801238 0.62307498 1
0.265983809 0.150197912 0.137115585 0.638962867 0.033999241 2
0.82626678 0.810103782 0.719309987 0.894430083 0.371677521 1
0.565881717 0.669375273 0.648134389 0.611695033 0.197522818 1
0.90231844 0.416389853 0.151499455 0.930978805 0.221918723 1
0.796174405 0.337671669 0.293564669 0.680745639 0.256269888 2
0.030144421 0.898509449 0.367348911 0.521026823 0.60781322 1
0.167621067 0.660747871 0.001065793 0.538236904 0.37205229 1
0.366709454 0.286165474 0.90329431 0.408547631 0.029447014 2
0.030164579 0.08576627 0.349769864 0.806455387 0.759710554 1
0.80467684 0.373163764 0.433093412 0.724435651 0.498801584 1
0.686278968 0.82652515 0.36623492 0.101023369 0.105812366 2
0.144187383 0.720770027 0.852297069 0.440790903 0.472882478 1
0.911580752 0.322382031 0.82341839 0.263015557 0.68629176 2
0.43571157 0.505793336 0.962533077 0.048836484 0.644936227 2
0.415685362 0.815341067 0.13722683 0.181896089 0.782564024 2
0.436506287 0.322771186 0.626243793 0.007343861 0.034094441 2
0.359243533 0.779679518 0.752916176 0.881150866 0.630578198 1
0.043731689 0.29963112 0.347148924 0.758440976 0.975771093 2
0.69242686 0.18848827 0.108192702 0.788490181 0.917543581 1
0.755688497 0.136203907 0.642934829 0.357678168 0.105102306 2
0.402326128 0.851501429 0.144454858 0.362496674 0.179786424 1
0.079790669 0.924963295 0.449189375 0.015226896 0.50489389 2
0.144824261 0.308589973 0.637669854 0.497593592 0.655761604 2
0.099444624 0.86336731 0.587151398 0.09508629 0.044298561 2
0.757191759 0.013294465 0.193859464 0.379208361 0.745585167 1
0.419296341 0.217176137 0.737505962 0.3691725 0.298569858 2
0.761137122 0.790771833 0.231031294 0.711006478 0.540264476 1
0.634791933 0.144121546 0.402198582 0.573165868 0.488390125 2
0.271933453 0.804531207 0.97806731 0.486070703 0.811187465 1
0.63220459 0.237302895 0.285334788 0.560990907 0.615778034 2
0.191258074 0.516333823 0.212985143 0.723900578 0.544874668 1
0.153725482 0.89768468 0.76911597 0.604804093 0.274153271 1
0.254466124 0.373631987 0.215567482 0.845107244 0.34185834 1
0.575718559 0.895070666 0.631555314 0.637364474 0.123267855 1
0.307246753 0.208922105 0.422883936 0.605678585 0.403514976 2
0.614264353 0.72692956 0.528807087 0.483662084 0.174151094 1
0.476651139 0.585386769 0.970425402 0.762689672 0.754067656 1
0.778186186 0.634447268 0.336160676 0.378679174 0.864505251 1
0.172267399 0.573200912 0.649739306 0.893333527 0.739387154 1
0.769720515 0.385180695 0.240984758 0.318159258 0.078545136 2
0.020374012 0.69087702 0.024187524 0.039147196 0.386455928 2
0.07514511 0.18168812 0.343526555 0.039258966 0.145948629 2
0.78227607 0.996024413 0.178711976 0.097308137 0.059134707 2
0.29870874 0.305511128 0.681595357 0.67795771 0.646070848 2
0.825081555 0.559897584 0.684100998 0.130875919 0.018179601 2
0.043376181 0.355883109 0.052237912 0.400100171 0.459018667 2
0.094338325 0.810108599 0.582970679 0.019854232 0.134373009 2
0.43324645 0.192539314 0.555136916 0.552946585 0.548326124 2
0.276426038 0.475878562 0.952771239 0.124948213 0.430131791 2
0.868077307 0.942003475 0.818410436 0.134105851 0.449151902 2
0.702025386 0.120203147 0.157036536 0.885892083 0.538388746 1
0.869678241 0.676725991 0.540364192 0.624726452 0.642595922 1
0.184580055 0.493307182 0.448038873 0.526222095 0.263527005 1
0.03124353 0.626448675 0.708377035 0.483820181 0.897111264 1
0.571476589 0.191763305 0.27114516 0.286369796 0.548461622 2
0.417938754 0.031171059 0.963825242 0.850593684 0.719001468 1
0.298621678 0.357649676 0.114411064 0.856950601 1.010793048 1
0.20942895 0.995093268 0.635330834 0.251662822 0.793208975 2
0.206527112 0.402121759 0.483141814 0.934122682 1.063640148 1
0.221967899 0.950910453 0.568056083 0.360024829 0.112423403 2
0.054701423 0.987773155 0.018880901 0.068891164 0.079045503 2
0.909581307 0.593833785 0.659105298 0.1026633 0.197196155 2
0.045222805 0.754160513 0.194639421 0.232232637 0.303522999 1
0.595002129 0.394713016 0.208429723 0.663660983 1.030713716 2
0.009873846 0.520867485 0.562274673 0.767914982 0.091639757 1
0.678255044 0.051635602 0.005660733 0.17969538 0.131299881 2
0.227347618 0.952482762 0.651337632 0.654887509 0.714924626 1
0.408554291 0.489377379 0.062585007 0.174792171 0.545143034 2
0.290613705 0.919867159 0.203161972 0.251116402 0.708096864 2
0.632929104 0.26607982 0.108484668 0.031211439 0.253629353 2
0.944612192 0.042084769 0.539401854 0.940740484 0.960172038 1
0.035866554 0.496528832 0.845142506 0.043341717 0.097471398 2
0.072174286 0.143373176 0.802467715 0.356422288 0.025530582 2
0.077282164 0.651410137 0.356661346 0.851476842 0.189058867 1
0.21916015 0.609527736 0.156944023 0.098769449 0.069063716 2
0.209255019 0.8419162 0.602210535 0.302350622 0.786537158 1
0.613627668 0.878074912 0.85431046 0.124701399 0.043991113 2
0.18269333 0.449079725 0.987317275 0.033304318 0.685550786 2
0.756344352 0.546609682 0.65742877 0.226636379 0.809471353 2
0.270422795 0.207208717 0.013492923 0.326961937 0.154012332 2
0.104337976 0.833671998 0.521068494 0.274373764 0.45344149 1
0.929911198 0.100798101 0.720910092 0.033288335 0.150591089 2
0.761150096 0.376537318 0.10032888 0.141546701 0.414300399 2
0.617579632 0.684292905 0.078869407 0.605905138 0.19636717 1
0.146323606 0.600296193 0.431975516 0.488520056 0.252332633 1
0.765383421 0.684078007 0.307081618 0.549539472 0.716091758 1
0.642133745 0.142597922 0.376414997 0.823608677 0.528317468 1
0.914529316 0.992069444 0.922306356 0.825480504 0.287953208 1
0.376753556 0.068433262 0.798332825 0.514490967 0.84200618 1
0.603585797 0.410282281 0.838270879 0.011918799 0.162868034 2
0.767589146 0.859331212 0.941975004 0.671692774 0.100565539 2
0.413017189 0.755750049 0.836752529 0.266043488 0.11739407 1
0.173164836 0.411344846 0.963639339 0.076016586 0.104273698 2
0.239350226 0.185170735 0.10871961 0.384772248 0.158105996 2
0.362880248 0.526201223 0.89142721 0.571791044 0.478870327 1
0.176247699 0.848654347 0.487725002 0.510989094 0.375372794 1
0.717664211 0.629990343 0.820090063 0.597815769 0.149600032 1
0.444229592 0.231947028 0.512099264 0.282164988 0.567280939 2
0.183756137 0.703768181 0.877787198 0.777876493 0.970920805 1
0.016669932 0.796506748 0.39548759 0.468236253 0.061654498 1
0.371189917 0.660448776 0.120611792 0.742705516 0.217824297 1
0.721084316 0.776805541 0.119643508 0.395615804 0.563249224 1
0.376384017 0.65236038 0.823662523 0.605262461 0.99814704 1
0.587867521 0.244233323 0.270900363 0.704212195 0.642217227 2
0.628444318 0.043840676 0.869075242 0.76121035 0.9931879 1
0.626487035 0.796978255 0.50393127 0.234331467 0.648166404 1
0.509818228 0.033246054 0.191211225 0.936461993 0.212254939 1
0.51636155 0.48525868 0.436690756 0.090336826 0.21347868 2
0.188281385 0.158749951 0.949332396 0.653671685 0.61194554 2
0.340723383 0.83128162 0.680477073 0.177941113 0.769754073 2
0.359705223 0.172305253 0.047425207 0.539547219 0.497358009 2
0.119415078 0.053302834 0.724468868 0.762007104 0.621203677 1
0.162018209 0.016145762 0.306233536 0.144857207 0.618297347 2
0.156132333 0.853163437 0.648254151 0.841730614 1.002030154 1
0.692682413 0.886201719 0.425654515 0.199008723 0.439437525 2
0.2901457 0.376678087 0.24034751 0.390081413 0.670982188 2
0.057741251 0.6168044 0.608478106 0.471070245 0.312839955 1
0.364867854 0.206249728 0.581194213 0.754376958 0.332866552 2
0.384993128 0.871054762 0.292645487 0.659114922 0.281749819 1
0.595693154 0.495085901 0.250294325 0.764863936 0.88972827 1
0.724676857 0.871231161 0.626895822 0.979759147 0.571283095 1
0.836848691 0.602391613 0.306264069 0.34818262 0.642431442 1
0.328747998 0.65361113 0.927701137 0.379771442 0.267185637 1
0.102462635 0.838913772 0.380187669 0.692589034 0.627009932 1
0.519579715 0.082082217 0.631501474 0.541626658 0.103338362 1
0.268160249 0.182212184 0.793180763 0.261809937 0.080931558 2
0.054754368 0.10491689 0.413393157 0.104880488 0.111767985 2
0.070631905 0.071032109 0.20757467 0.204405615 0.467184421 2
0.423159044 0.989086497 0.013369535 0.77523929 0.680530579 1
0.016940831 0.638153383 0.817157146 0.955515486 0.222039806 1
0.312501195 0.516489299 0.563803834 0.243200225 0.763728863 2
0.387443323 0.991091102 0.245458353 0.077861518 0.443702754 2
0.249652104 0.376467557 0.641487281 0.084136702 0.240477622 2
0.807668244 0.400022871 0.032923702 0.638884458 0.550805519 2
0.262107734 0.238988683 0.972646423 0.061704146 0.094234288 2
0.789274911 0.502317606 0.708916503 0.670887878 0.957740406 1
0.87858528 0.242865458 0.940542283 0.50644107 0.451604517 2
0.0523053 0.88304091 0.492665148 0.51106503 0.472908675 1
0.88623662 0.883390306 0.978026252 0.691440456 0.956104251 1
0.199158898 0.640812006 0.469709508 0.06828351 0.699459811 2
0.70048502 0.533758638 0.951014303 0.376966465 0.103272875 2
0.40113513 0.798387232 0.827258106 0.313502743 0.013646708 1
0.920644561 0.08465625 0.664843724 0.945891439 1.018563452 1
0.287429778 0.667345101 0.057025152 0.540699275 0.654697021 1
0.950962177 0.436385791 0.700771687 0.80182823 0.657719449 1
0.170336147 0.52624792 0.62325742 0.195174878 0.352916143 2
0.243186394 0.827907289 0.82858633 0.951832835 0.929026021 1
0.259660753 0.221654974 0.229560014 0.316122465 0.691596115 2
0.560034628 0.23716774 0.750739625 0.945552349 0.996536131 1
0.52301582 0.551362275 0.794052423 0.890324827 0.506791652 1
0.276770469 0.337094762 0.071147603 0.59269322 0.545945177 2
0.834424062 0.539243868 0.294336128 0.663861169 0.041964831 1
0.342336583 0.741629309 0.480262436 0.130684828 0.525893006 2
0.393345089 0.9610697 0.343443029 0.208696471 0.652976827 2
0.616838669 0.52617245 0.422840207 0.764413372 0.604866065 1
0.966651299 0.73067506 0.380088972 0.291028653 0.225159249 1
0.174850572 0.256821205 0.883635265 0.749901067 0.583287097 2
0.213738059 0.005856569 0.729102009 0.838268555 0.278583935 1
0.895765479 0.012768452 0.546135007 0.443805656 0.763518247 1
0.242749689 0.12336974 0.925685495 0.051527733 0.488283939 2
0.455103591 0.136241886 0.424613389 0.990615235 0.991825165 1
0.104757755 0.722403103 0.594539887 0.460489062 0.493266282 1
0.696990989 0.694357055 0.16027576 0.569413391 0.012797113 1
0.686041995 0.665903881 0.765376751 0.967535153 0.243588818 1
0.336710858 0.88725944 0.816440495 0.372089647 0.639806828 1
0.03539042 0.619130245 0.473469298 0.178009588 0.370938717 2
0.942113297 0.886930615 0.7362507 0.734870228 0.644142261 1
0.093232411 0.394805117 0.090868309 0.563485956 0.753840191 2
0.70085149 0.841033458 0.827246221 0.095044134 0.214881069 2
0.767984064 0.424246539 0.666627851 0.254919716 0.617460219 2
0.407940437 0.02617143 0.1880614 0.694759526 0.125059972 1
0.517416431 0.963849615 0.621594332 0.512557861 0.695258918 2
0.31532956 0.384936912 0.693830497 0.203765426 0.531091873 2
0.187095261 0.896294999 0.310158965 0.169481396 0.693212024 2
0.786967837 0.931123611 0.016192077 0.682973726 0.372107193 1
0.450113306 0.235858956 0.993496588 0.595655637 0.865198923 2
0.378843545 0.757478024 0.170766781 0.560716519 0.749139549 1
0.232879331 0.697199986 0.790370942 0.979363312 0.415117804 1
0.884055201 0.630364964 0.165369506 0.543573727 0.251726461 1
0.320964023 0.936997004 0.739328048 0.972895481 0.888252165 1
0.846173222 0.40572215 0.360119626 0.633646056 0.948196517 2
0.609220864 0.327814086 0.100099647 0.999375264 0.626906088 1
0.742281964 0.75067886 0.916526971 0.674148257 0.937393993 1
0.402080306 0.373566782 0.997332775 0.767589389 0.741118073 1
0.752477054 0.905213646 0.503486973 0.095197698 0.583458728 2
0.798624558 0.125964982 0.797902386 0.79170254 0.626298225 1
0.52085618 0.468226111 0.239086739 0.781673253 0.38944549 1
0.696675745 0.211307351 0.966400221 0.962729533 1.091775123 1
0.886203143 0.442397749 0.931151531 0.235019501 0.13087656 2
0.222766011 0.327002327 0.376983927 0.46864029 0.320582871 2
0.335570533 0.022216846 0.586404628 0.450871235 0.756211128 1
0.82037248 0.317190679 0.8945633 0.609972636 0.860195026 2
0.155739073 0.859542448 0.811704624 0.184373291 0.612392346 2
0.626917267 0.186844626 0.594083408 0.307827902 0.068708326 2
0.51324118 0.791082385 0.536833191 0.525070679 0.422594867 1
0.81092971 0.663718522 0.659612711 0.351124346 0.770241629 1
0.387585722 0.262160362 0.167805025 0.953244038 0.30015347 1
0.465951993 0.167526103 0.832128844 0.67998338 0.506489461 2
0.260262573 0.931147114 0.388083705 0.299565392 0.631606117 2
0.219052749 0.295719294 0.232356008 0.252123615 0.727633174 2
0.837308438 0.188930615 0.583578665 0.279949231 0.206263544 2
0.317876867 0.185243581 0.184990651 0.289137715 0.226864037 2
0.721434246 0.577800362 0.726214024 0.52747389 0.93358637 1
0.212114693 0.359644946 0.285601732 0.949527066 0.882999712 1
0.143696857 0.344120709 0.350067304 0.293248255 0.366500407 2
0.851432708 0.920903358 0.366852857 0.725369259 0.078315279 1
0.901795611 0.609168273 0.288437953 0.238098769 0.116465134 2
0.730108976 0.195367837 0.932139393 0.109493377 0.463096775 2
0.588174859 0.892508398 0.049541842 0.986951763 0.379975877 1
0.323033932 0.193168075 0.620237348 0.330038105 0.00427572 2
0.897768114 0.972285683 0.219374495 0.367786084 0.461475074 2
0.946348894 0.490477614 0.577802156 0.199267648 0.170021893 2
0.205762669 0.316803569 0.857649443 0.507031053 0.04775019 2
0.2006307 0.394003599 0.157296814 0.373520459 0.023381336 2
0.47562766 0.571767994 0.177540599 0.203284721 0.189403662 2
0.248845651 0.497078082 0.055785931 0.571165784 0.864597239 1
0.989526052 0.837570108 0.411549422 0.251227444 0.076655742 1
0.911254498 0.986725894 0.539627474 0.545443014 0.552175065 2
0.413165193 0.720983049 0.239425639 0.637605772 0.113910995 1
0.457731752 0.31108408 0.783548819 0.859058861 0.571578402 1
0.119999158 0.395647784 0.26793548 0.781161647 0.504259256 1
0.096896776 0.066547896 0.88166657 0.757417328 0.753222826 1
0.937784351 0.15572301 0.311078631 0.238381914 0.229781214 2
0.764779122 0.214018362 0.75779401 0.68735751 0.258109426 2
0.376127791 0.197074119 0.706380819 0.546943145 0.84004426 2
0.33116006 0.983626389 0.456133198 0.258274195 0.196806254 2
0.014735487 0.610376226 0.105381109 0.128726777 0.144811299 2
0.647216536 0.077308461 0.493163878 0.692496285 0.23618775 1
0.128211298 0.820506261 0.291822285 0.424279563 0.225940193 1
0.923372861 0.02860888 0.756338388 0.061798024 0.053513885 2
0.779786982 0.956599117 0.56972766 0.680594328 0.777210756 1
0.482989682 0.829083575 0.540638082 0.856918043 1.064791991 1
0.668992349 0.887142866 0.438334178 0.064086048 0.093180711 2
0.563912987 0.180680473 0.025894017 0.686961212 0.046477349 2
0.076589583 0.904488041 0.523905597 0.020638236 0.682128195 2
0.082309097 0.983471435 0.738006917 0.155558314 0.470631229 2
0.560873521 0.293145967 0.917253526 0.054594639 0.193829644 2
0.111892809 0.918110746 0.237626032 0.21065852 0.264856538 2
0.443298798 0.266251173 0.340920991 0.348571255 0.146180552 2
0.13129088 0.232395181 0.703906804 0.514829682 0.629934288 2
0.38201686 0.004562851 0.75097629 0.895963648 0.299127703 1
0.327209312 0.091300623 0.99473455 0.632941445 0.649477383 1
0.636284198 0.782380382 0.295871302 0.068024595 0.442703343 2
0.863626561 0.099870242 0.647884556 0.084106155 0.566866838 2
0.339290803 0.414747932 0.950976632 0.787387028 0.138929242 1
0.838720353 0.85832925 0.270518746 0.554752599 0.612406922 1
0.258687791 0.5103231 0.051978848 0.729907299 0.187025672 1
0.29891469 0.658801204 0.892457402 0.819707541 1.041297081 1
0.915423902 0.264284633 0.696517742 0.226703753 0.353666011 2
0.073913858 0.683000875 0.34896544 0.168160082 0.564588838 2
0.963212466 0.775654203 0.797707998 0.788265616 0.372004817 1
0.69183085 0.310278688 0.188904116 0.381383825 0.126832865 2
0.567108648 0.12340725 0.055900099 0.422507193 0.022385833 2
0.980412405 0.395391713 0.372778601 0.559091858 0.009122872 2
0.155109432 0.685747881 0.235924898 0.168642378 0.208876922 2
0.089030237 0.625376226 0.818095376 0.341299543 0.341595729 1
0.376329192 0.436922837 0.217537775 0.518754484 0.708311211 2
0.57681179 0.31489683 0.208755013 0.322570128 0.006014189 2
0.979906925 0.205949517 0.299523283 0.648936373 0.123176604 2
0.112450755 0.249447137 0.946510389 0.705518157 0.258119598 2
0.23192291 0.131633074 0.296335025 0.63187591 0.024401925 2
0.786208645 0.435777015 0.584218059 0.490445706 0.476397826 2
0.654592741 0.798247561 0.256992718 0.052761721 0.172142418 2
0.263342651 0.868921397 0.001728983 0.747986427 0.797379709 1
0.617364755 0.786256149 0.438805613 0.700384272 0.385312091 1
0.217482684 0.675205653 0.021240349 0.771632397 1.054690285 1
0.150784729 0.622445403 0.286845759 0.25530725 0.007747725 2
0.866006159 0.240602519 0.23892083 0.157018792 0.622881815 2
0.844419892 0.363848624 0.91753274 0.146984268 0.196777186 2
0.051726215 0.183815601 0.80950087 0.104841366 0.148033572 2
0.671940842 0.29983325 0.89374285 0.00169587 0.192805919 2
0.391171932 0.283464426 0.604444544 0.494281741 0.449512312 2
0.65382091 0.506727319 0.112142761 0.353181863 0.137696821 2
0.245646823 0.718746067 0.708794653 0.523815518 0.162897479 1
0.44656825 0.23936 0.180916983 0.537843947 0.733890288 2
0.068254318 0.232948326 0.082490068 0.966278188 0.319993898 1
0.848585298 0.393891179 0.615398913 0.946393668 1.145279325 1
0.214927035 0.079189478 0.392730235 0.33506387 0.494797025 2
0.576093975 0.526305117 0.464202382 0.05382068 0.158037468 2
0.811717601 0.857759586 0.434698611 0.508331849 0.732634301 1
0.97074036 0.160943158 0.974447811 0.899556314 0.717005555 1
0.766465054 0.604438362 0.096951945 0.60809593 0.434880027 1
0.967513102 0.373450509 0.300671277 0.939707474 0.669244118 1
0.798268342 0.739164609 0.995006899 0.181071613 0.579532658 1
0.742957826 0.882512083 0.904350003 0.443235826 0.198590454 1
0.462291135 0.734432216 0.64380078 0.978156067 0.550890441 1
0.114121679 0.134752397 0.692914037 0.853957317 0.396386268 1
0.65781567 0.612787711 0.650109375 0.879415924 1.087335181 1
0.594738555 0.117174539 0.863727414 0.790236996 0.889457383 1
0.545708263 0.632804387 0.792113949 0.761457888 0.509497204 1
0.040963643 0.881513196 0.643169459 0.604254153 0.459702262 1
0.781030021 0.772907987 0.797402227 0.354057148 0.318537401 1
0.175750497 0.872428945 0.374300047 0.382918614 0.039094918 2
0.91800785 0.986856401 0.48270406 0.691773591 0.846665517 1
0.586022047 0.786311638 0.933539775 0.230275687 0.618019416 2
0.356622022 0.938064618 0.102542429 0.479596827 0.738156806 1
0.065849679 0.198569247 0.298252331 0.705730662 0.3407727 1
0.279206779 0.829674982 0.524720258 0.22482955 0.503825635 2
0.915408561 0.025915164 0.823107326 0.301820369 0.31752746 2
0.256859024 0.190778198 0.944230844 0.763234806 0.116226086 1
0.499124637 0.071963108 0.722278656 0.406208935 0.719727786 1
0.852779094 0.470114623 0.9571774 0.544486576 0.062059443 2
0.612094692 0.94701293 0.551028146 0.523378038 0.61444772 1
0.694284062 0.647629885 0.888451943 0.211612005 0.096152912 1
0.946339353 0.811865287 0.338897823 0.088640476 0.611331057 1
0.308165739 0.374380363 0.038981258 0.752209488 0.804547954 2
0.640342424 0.300899344 0.328942859 0.78567329 0.233300818 1
0.298948877 0.998444156 0.60262663 0.831684013 0.284343526 2
0.946970703 0.028717736 0.307646315 0.250333925 0.140049554 1
0.100950729 0.202029683 0.314087172 0.735467322 0.151017276 1
0.997767047 0.396578254 0.533985884 0.624983022 0.019359501 1
0.086176493 0.687157993 0.416557176 0.193637752 0.189312892 2
0.181213756 0.25015199 0.965078046 0.760568965 0.198073104 1
0.284234408 0.108629161 0.587375046 0.555591258 0.286490174 1
0.683155561 0.4282041 0.332620083 0.722711766 0.880340266 2
0.047874327 0.119103839 0.041719132 0.753574978 0.337764347 2
0.093811897 0.360529835 0.541255568 0.668153442 0.179359538 1
0.957668077 0.303438591 0.059033868 0.775968665 0.143290084 1
0.780873133 0.207890528 0.724222297 0.897700873 0.580831603 2
0.41625409 0.331843368 0.488212557 0.680906254 0.198482804 1
0.50286608 0.656780703 0.373924099 0.145870123 0.030944027 1
0.24461937 0.526364085 0.834711347 0.462764962 0.328719515 2
0.45867222 0.027759472 0.828175318 0.394879895 0.845791547 2
0.609168108 0.388534252 0.893256055 0.637804467 0.728847031 1
0.618190691 0.950602461 0.655116979 0.537013179 0.206339491 1
0.184814839 0.907115161 0.875860803 0.364860475 0.624619623 1
0.094838983 0.278098043 0.376337214 0.846357983 0.322616748 2
0.616894324 0.830072308 0.573474467 0.15398741 0.521369607 1
0.478013747 0.344836961 0.212038199 0.772886568 0.649946251 2
0.441934368 0.619302065 0.464954042 0.318007861 0.599939949 2
0.107656211 0.579695122 0.139983363 0.402337993 0.844138311 2
0.068898638 0.841822703 0.727091991 0.248409667 0.565673982 2
0.827204494 0.413647964 0.771372711 0.598802219 0.422542134 1
0.497735915 0.045203588 0.93128692 0.382153025 0.740151765 1
0.949746577 0.395932813 0.716638357 0.726280904 0.362286408 2
0.925356586 0.322138192 0.730307725 0.742956052 0.992513544 1
0.703671147 0.609819517 0.895566095 0.187647867 0.759240138 1
0.674718158 0.803483961 0.85671789 0.096458426 0.473282593 1
0.361208012 0.317772698 0.833804799 0.738731979 0.251263152 1
0.493537888 0.128366495 0.809832164 0.727871542 0.788279511 2
0.523374802 0.783061884 0.075068043 0.091723912 0.046265528 1
0.216111482 0.172708502 0.437653103 0.77436061 0.470539325 2
0.040168572 0.822507865 0.006945494 0.239484345 0.30219899 2
0.526011509 0.339600977 0.506599843 0.836521314 0.518307705 2
0.930485763 0.771951813 0.298618845 0.227698062 0.072731755 2
0.27433578 0.4528135 0.558827697 0.546928254 0.882449605 1
0.068226638 0.110989051 0.570571878 0.63725355 0.8036442 2
0.506062958 0.015501797 0.405254328 0.257730065 0.694593059 2
0.328627773 0.929113753 0.040573659 0.448921122 0.664173793 1
0.210298899 0.996729656 0.88341233 0.745137195 0.586964926 1
0.411877552 0.912838912 0.296475754 0.454001306 0.50541104 2
0.851526682 0.071680707 0.054671227 0.552324624 0.930592954 2
0.943432788 0.44288979 0.090050177 0.523480437 0.81930973 1
