0.3382 0.8259 0.4564 0.2002 0.1785 0.0000 1.0000 
0.4673 0.2047 0.1079 0.6746 0.6371 0.0000 1.0000 
0.0909 0.3276 0.5324 0.4529 0.0647 0.0000 1.0000 
0.2149 0.0792 0.3927 0.3351 0.4948 0.0000 1.0000 
0.3249 0.9449 0.6641 0.9532 0.6780 1.0000 0.0000 
0.8730 0.1497 0.2566 0.5215 0.5956 0.0000 1.0000 
0.8512 0.0361 0.3229 0.9967 0.3771 1.0000 0.0000 
0.6518 0.1165 0.0541 0.7335 0.6803 1.0000 0.0000 
0.0772 0.3064 0.0192 0.2188 0.6123 0.0000 1.0000 
0.9305 0.7720 0.2986 0.2277 0.0727 0.0000 1.0000 
0.7652 0.1843 0.0285 0.2869 0.2181 0.0000 1.0000 
0.4107 0.9107 0.4577 0.0476 0.6269 0.0000 1.0000 
0.4365 0.3228 0.6262 0.0073 0.0341 0.0000 1.0000 
0.5541 0.8692 0.7895 0.4855 0.1254 1.0000 0.0000 
0.8882 0.1989 0.4140 0.5612 0.9789 0.0000 1.0000 
0.1329 0.4785 0.3884 0.6793 0.6885 1.0000 0.0000 
0.4871 0.2619 0.9632 0.2371 0.3659 0.0000 1.0000 
0.8978 0.9723 0.2194 0.3678 0.4615 0.0000 1.0000 
0.7673 0.0589 0.3143 0.7076 0.9857 1.0000 0.0000 
0.9895 0.8376 0.4115 0.2512 0.0767 1.0000 0.0000 
0.5497 0.2897 0.3241 0.9085 0.6289 1.0000 0.0000 
0.6970 0.6944 0.1603 0.5694 0.0128 1.0000 0.0000 
0.0282 0.5238 0.5990 0.8035 0.6936 1.0000 0.0000 
0.2368 0.5562 0.4100 0.9355 0.3974 1.0000 0.0000 
0.9707 0.1609 0.9744 0.8996 0.7170 1.0000 0.0000 
0.5841 0.4590 0.7966 0.1040 0.5515 0.0000 1.0000 
0.8841 0.6304 0.1654 0.5436 0.2517 1.0000 0.0000 
0.6452 0.9824 0.8871 0.5299 0.8430 0.0000 1.0000 
0.5059 0.3574 0.5840 0.8020 0.1362 1.0000 0.0000 
0.3764 0.6524 0.8237 0.6053 0.9981 1.0000 0.0000 
0.9872 0.5501 0.3938 0.3406 0.3112 0.0000 1.0000 
0.2881 0.0255 0.5835 0.8699 0.3784 1.0000 0.0000 
0.1063 0.2654 0.8699 0.8331 1.1091 1.0000 0.0000 
0.5671 0.1234 0.0559 0.4225 0.0224 0.0000 1.0000 
0.4489 0.3004 0.1177 0.1360 0.2855 0.0000 1.0000 
0.0022 0.4337 0.6730 0.7453 0.9655 1.0000 0.0000 
0.3649 0.2062 0.5812 0.7544 0.3329 0.0000 1.0000 
0.2860 0.7112 0.6194 0.9132 1.0594 1.0000 0.0000 
0.3085 0.7297 0.7298 0.5920 0.3911 1.0000 0.0000 
0.0661 0.0255 0.0990 0.9826 0.6397 1.0000 0.0000 
0.2028 0.6353 0.6132 0.3900 0.4609 1.0000 0.0000 
0.6322 0.2373 0.2853 0.5610 0.6158 0.0000 1.0000 
0.8580 0.6317 0.6227 0.4804 0.7079 1.0000 0.0000 
0.0854 0.9140 0.9161 0.6179 0.3891 1.0000 0.0000 
0.8387 0.8583 0.2705 0.5548 0.6124 1.0000 0.0000 
0.4067 0.2389 0.8248 0.8362 0.8437 1.0000 0.0000 
0.9018 0.6092 0.2884 0.2381 0.1165 0.0000 1.0000 
0.8433 0.7409 0.0598 0.7680 0.1628 1.0000 0.0000 
0.6812 0.1217 0.7585 0.0361 0.0317 0.0000 1.0000 
0.6832 0.4282 0.3326 0.7227 0.8803 0.0000 1.0000 
0.4117 0.0058 0.5191 0.2533 0.4169 1.0000 0.0000 
0.9926 0.4004 0.4685 0.6829 0.9801 1.0000 0.0000 
0.2377 0.7338 0.1271 0.2097 0.3968 1.0000 0.0000 
0.1561 0.8532 0.6483 0.8417 1.0020 1.0000 0.0000 
0.0798 0.9250 0.4492 0.0152 0.5049 0.0000 1.0000 
0.8426 0.2598 0.2233 0.6085 0.8774 0.0000 1.0000 
0.7177 0.6300 0.8201 0.5978 0.1496 1.0000 0.0000 
0.0283 0.7548 0.2127 0.0246 0.2925 0.0000 1.0000 
0.2175 0.6752 0.0212 0.7716 1.0547 1.0000 0.0000 
0.3922 0.4734 0.5989 0.7913 0.7136 1.0000 0.0000 
0.5879 0.2442 0.2709 0.7042 0.6422 0.0000 1.0000 
0.8263 0.8101 0.7193 0.8944 0.3717 1.0000 0.0000 
0.1032 0.9211 0.0336 0.7190 0.3353 1.0000 0.0000 
0.2561 0.5093 0.5846 0.6245 0.5829 1.0000 0.0000 
0.2910 0.0079 0.9865 0.6396 0.2502 1.0000 0.0000 
0.9437 0.2326 0.6034 0.2412 0.3377 0.0000 1.0000 
0.1477 0.0711 0.7054 0.3481 0.6400 0.0000 1.0000 
0.5321 0.1765 0.6541 0.1515 0.4412 0.0000 1.0000 
0.8786 0.2429 0.9405 0.5064 0.4516 0.0000 1.0000 
0.3843 0.6148 0.9353 0.1220 0.4424 0.0000 1.0000 
0.8958 0.0128 0.5461 0.4438 0.7635 1.0000 0.0000 
0.3872 0.5314 0.1774 0.2276 0.3109 0.0000 1.0000 
0.7783 0.2994 0.4329 0.0805 0.7305 0.0000 1.0000 
0.7823 0.9960 0.1787 0.0973 0.0591 0.0000 1.0000 
0.7998 0.3012 0.0426 0.3597 0.5173 0.0000 1.0000 
0.2121 0.3596 0.2856 0.9495 0.8830 1.0000 0.0000 
0.4767 0.5854 0.9704 0.7627 0.7541 1.0000 0.0000 
0.7509 0.8035 0.6247 0.9720 0.9022 1.0000 0.0000 
0.0211 0.2733 0.9081 0.5138 0.0635 0.0000 1.0000 
0.5962 0.2495 0.4713 0.4689 0.0014 0.0000 1.0000 
0.2494 0.4258 0.3478 0.3183 0.7095 0.0000 1.0000 
0.9216 0.2169 0.6493 0.2537 0.8259 0.0000 1.0000 
0.0037 0.0299 0.6535 0.6355 0.2992 1.0000 0.0000 
0.7467 0.7335 0.4954 0.3688 0.3414 1.0000 0.0000 
0.0751 0.1817 0.3435 0.0393 0.1459 0.0000 1.0000 
0.7420 0.0654 0.5066 0.0830 0.2225 0.0000 1.0000 
0.8324 0.4065 0.9598 0.5673 0.8903 0.0000 1.0000 
0.1128 0.6536 0.9936 0.0015 0.6905 0.0000 1.0000 
0.1762 0.8487 0.4877 0.5110 0.3754 1.0000 0.0000 
0.2137 0.0059 0.7291 0.8383 0.2786 1.0000 0.0000 
0.1253 0.8842 0.2783 0.2495 0.2998 0.0000 1.0000 
0.7930 0.4794 0.2190 0.7098 0.6393 1.0000 0.0000 
0.7037 0.6098 0.8956 0.1876 0.7592 1.0000 0.0000 
0.4863 0.8104 0.3583 0.9634 0.9865 1.0000 0.0000 
0.8404 0.8924 0.6391 0.2099 0.0345 0.0000 1.0000 
0.4157 0.8153 0.1372 0.1819 0.7826 0.0000 1.0000 
0.6472 0.0773 0.4932 0.6925 0.2362 1.0000 0.0000 
0.0214 0.1790 0.9632 0.3922 0.6725 0.0000 1.0000 
0.5957 0.4951 0.2503 0.7649 0.8897 1.0000 0.0000 
0.2768 0.7419 0.8038 0.4574 0.8208 1.0000 0.0000 
0.4546 0.4958 0.0058 0.8300 0.6586 1.0000 0.0000 
0.7488 0.0099 0.6763 0.1076 0.6951 0.0000 1.0000 
0.8472 0.4011 0.7127 0.9825 1.1420 1.0000 0.0000 
0.2343 0.9018 0.4637 0.1428 0.2762 0.0000 1.0000 
0.8997 0.9060 0.7420 0.1082 0.2795 0.0000 1.0000 
0.0402 0.8225 0.0069 0.2395 0.3022 0.0000 1.0000 
0.4841 0.1762 0.6916 0.3626 0.7797 0.0000 1.0000 
0.0633 0.3845 0.5956 0.9766 0.9056 1.0000 0.0000 
0.3838 0.3279 0.4998 0.4153 0.1035 0.0000 1.0000 
0.4658 0.2358 0.0999 0.5478 0.8637 0.0000 1.0000 
0.2758 0.7821 0.2174 0.1534 0.0117 0.0000 1.0000 
0.6406 0.1982 0.8102 0.2676 0.1039 0.0000 1.0000 
0.6588 0.3625 0.8064 0.0641 0.2125 0.0000 1.0000 
0.3125 0.5165 0.5638 0.2432 0.7637 0.0000 1.0000 
0.7862 0.4358 0.5842 0.4904 0.4764 0.0000 1.0000 
0.1916 0.1519 0.3023 0.0736 0.6516 0.0000 1.0000 
0.0506 0.5932 0.3411 0.1415 0.7205 0.0000 1.0000 
0.0077 0.9164 0.2984 0.0282 0.3922 0.0000 1.0000 
0.4843 0.7011 0.7012 0.9954 0.2173 1.0000 0.0000 
0.5169 0.5361 0.2401 0.2009 0.7724 0.0000 1.0000 
0.1349 0.5912 0.4575 0.0985 0.1561 0.0000 1.0000 
0.1880 0.1769 0.5615 0.9158 0.2977 1.0000 0.0000 
0.5366 0.7841 0.4133 0.7963 0.4789 1.0000 0.0000 
0.6108 0.5392 0.4736 0.7552 0.1121 1.0000 0.0000 
0.0919 0.7154 0.7882 0.7232 0.9159 1.0000 0.0000 
0.5648 0.9236 0.4831 0.5967 0.0460 1.0000 0.0000 
0.3230 0.1932 0.6202 0.3300 0.0043 0.0000 1.0000 
0.2971 0.6648 0.3988 0.2255 0.4855 1.0000 0.0000 
0.2752 0.8797 0.2320 0.2771 0.0892 0.0000 1.0000 
0.7998 0.7990 0.2218 0.9656 0.3310 1.0000 0.0000 
0.9058 0.0881 0.9310 0.4642 0.2143 0.0000 1.0000 
0.6781 0.7812 0.5593 0.4789 0.0745 1.0000 0.0000 
0.0242 0.9809 0.2401 0.2974 0.6221 0.0000 1.0000 
0.4587 0.0278 0.8282 0.3949 0.8458 0.0000 1.0000 
0.2257 0.5441 0.5713 0.9302 0.3820 1.0000 0.0000 
0.8272 0.4136 0.7714 0.5988 0.4225 1.0000 0.0000 
0.2569 0.1908 0.9442 0.7632 0.1162 1.0000 0.0000 
0.5393 0.6669 0.6705 0.0399 0.6391 0.0000 1.0000 
0.6425 0.1344 0.4582 0.7746 0.8669 1.0000 0.0000 
0.3065 0.5923 0.9170 0.4448 0.5557 1.0000 0.0000 
0.2446 0.5264 0.8347 0.4628 0.3287 0.0000 1.0000 
0.1414 0.3441 0.4881 0.8439 0.9360 1.0000 0.0000 
0.0166 0.7058 0.0723 0.5393 0.8458 1.0000 0.0000 
0.0702 0.4966 0.1405 0.7954 0.1395 1.0000 0.0000 
0.1732 0.4113 0.9636 0.0760 0.1043 0.0000 1.0000 
0.2379 0.0368 0.9759 0.1641 0.0705 0.0000 1.0000 
0.9023 0.4164 0.1515 0.9310 0.2219 1.0000 0.0000 
0.0228 0.7361 0.1059 0.8534 0.8470 1.0000 0.0000 
0.9543 0.4276 0.7485 0.2193 0.1462 0.0000 1.0000 
0.2765 0.9896 0.6332 0.0638 0.1534 0.0000 1.0000 
0.8742 0.9028 0.8919 0.5759 0.2266 1.0000 0.0000 
0.8591 0.2969 0.0595 0.4739 0.8700 0.0000 1.0000 
0.0706 0.0710 0.2076 0.2044 0.4672 0.0000 1.0000 
0.1194 0.0533 0.7245 0.7620 0.6212 1.0000 0.0000 
0.0017 0.6327 0.1744 0.2175 0.0192 0.0000 1.0000 
0.6304 0.1757 0.8975 0.8186 0.5676 1.0000 0.0000 
0.0708 0.6456 0.8574 0.7380 0.2323 1.0000 0.0000 
0.3612 0.3178 0.8338 0.7387 0.2513 1.0000 0.0000 
0.5979 0.7280 0.5107 0.8281 0.5615 1.0000 0.0000 
0.0938 0.3605 0.5413 0.6682 0.1794 1.0000 0.0000 
0.2952 0.3465 0.5689 0.7706 0.7079 1.0000 0.0000 
0.1160 0.1287 0.3874 0.6983 0.2393 1.0000 0.0000 
0.0793 0.2583 0.1617 0.1636 0.3694 0.0000 1.0000 
0.5079 0.7808 0.6187 0.5042 0.0970 1.0000 0.0000 
0.7612 0.3765 0.1003 0.1415 0.4143 0.0000 1.0000 
0.9632 0.7757 0.7977 0.7883 0.3720 1.0000 0.0000 
0.8342 0.8790 0.2834 0.8056 0.2847 1.0000 0.0000 
0.7886 0.4875 0.2251 0.1049 0.3021 0.0000 1.0000 
0.9799 0.2059 0.2995 0.6489 0.1232 0.0000 1.0000 
0.8337 0.7046 0.9125 0.1193 0.2828 0.0000 1.0000 
0.9560 0.4607 0.5336 0.2242 0.0709 0.0000 1.0000 
0.6375 0.6438 0.3328 0.4318 0.8786 1.0000 0.0000 
0.0782 0.5023 0.7170 0.9898 0.4764 1.0000 0.0000 
0.0512 0.0611 0.4919 0.5839 0.7510 1.0000 0.0000 
0.0378 0.3663 0.2663 0.5694 0.2381 0.0000 1.0000 
0.8027 0.6983 0.3074 0.2869 0.7110 1.0000 0.0000 
0.7502 0.7903 0.1948 0.1270 0.4736 0.0000 1.0000 
0.2730 0.5598 0.7262 0.4554 0.4097 1.0000 0.0000 
0.7704 0.1723 0.9345 0.3723 0.2884 0.0000 1.0000 
0.6462 0.7397 0.8474 0.6593 0.6474 1.0000 0.0000 
0.2432 0.8279 0.8286 0.9518 0.9290 1.0000 0.0000 
0.9565 0.8423 0.4659 0.8909 0.8979 1.0000 0.0000 
0.1130 0.7714 0.9056 0.8784 0.1640 1.0000 0.0000 
0.2764 0.4759 0.9528 0.1249 0.4301 0.0000 1.0000 
0.2001 0.8067 0.9688 0.2615 0.3207 1.0000 0.0000 
0.0547 0.9878 0.0189 0.0689 0.0790 0.0000 1.0000 
0.0923 0.1581 0.7648 0.6576 0.1735 0.0000 1.0000 
0.1115 0.6895 0.5258 0.0346 0.2683 0.0000 1.0000 
0.4467 0.3442 0.4303 0.1766 0.6350 0.0000 1.0000 
0.0769 0.2922 0.6136 0.6176 0.0531 0.0000 1.0000 
0.4404 0.7603 0.8330 0.3832 0.2064 1.0000 0.0000 
0.2987 0.3055 0.6816 0.6780 0.6461 0.0000 1.0000 
0.4673 0.2297 0.8580 0.4210 0.0597 0.0000 1.0000 
0.9290 0.6787 0.5878 0.9919 0.9291 1.0000 0.0000 
0.9796 0.0085 0.9178 0.0348 0.5966 0.0000 1.0000 
0.1703 0.5262 0.6233 0.1952 0.3529 0.0000 1.0000 
0.4551 0.1362 0.4246 0.9906 0.9918 1.0000 0.0000 
0.4593 0.3359 0.9343 0.2872 0.0209 0.0000 1.0000 
0.5610 0.5274 0.6566 0.9595 0.7463 1.0000 0.0000 
0.7210 0.3908 0.7271 0.2339 0.0348 0.0000 1.0000 
0.6213 0.5183 0.9862 0.7819 0.6293 1.0000 0.0000 
0.4338 0.0606 0.3353 0.7559 0.3876 1.0000 0.0000 
0.5726 0.1968 0.1435 0.6480 0.8825 0.0000 1.0000 
0.1071 0.4491 0.6424 0.3495 0.2166 0.0000 1.0000 
0.3663 0.3021 0.7529 0.7158 0.0969 0.0000 1.0000 
0.1851 0.1833 0.9402 0.9388 0.7286 1.0000 0.0000 
0.4693 0.1738 0.9479 0.6409 0.1275 0.0000 1.0000 
0.2522 0.4402 0.1741 0.5104 0.5104 0.0000 1.0000 
0.0348 0.9698 0.7246 0.2006 0.1271 0.0000 1.0000 
0.6019 0.6626 0.7438 0.3355 0.1188 1.0000 0.0000 
0.2906 0.9199 0.2032 0.2511 0.7081 0.0000 1.0000 
0.0315 0.3217 0.3313 0.6103 0.4104 0.0000 1.0000 
0.9978 0.3966 0.5340 0.6250 0.0194 1.0000 0.0000 
0.0479 0.1191 0.0417 0.7536 0.3378 0.0000 1.0000 
0.2318 0.1345 0.5744 0.6377 0.0608 0.0000 1.0000 
0.0315 0.9690 0.4101 0.2144 0.7207 0.0000 1.0000 
0.2094 0.9951 0.6353 0.2517 0.7932 0.0000 1.0000 
0.2660 0.1502 0.1371 0.6390 0.0340 0.0000 1.0000 
0.7399 0.6710 0.4374 0.7239 0.3165 1.0000 0.0000 
0.1494 0.0793 0.7427 0.9328 0.5699 1.0000 0.0000 
0.3525 0.4794 0.7066 0.0362 0.0240 0.0000 1.0000 
0.5821 0.9119 0.5671 0.1667 0.4780 0.0000 1.0000 
0.7810 0.3817 0.1717 0.7066 0.2750 1.0000 0.0000 
0.0536 0.9835 0.4039 0.1226 0.0527 0.0000 1.0000 
0.2802 0.3849 0.8349 0.6168 0.1508 0.0000 1.0000 
0.7563 0.5466 0.6574 0.2266 0.8095 0.0000 1.0000 
0.5776 0.2927 0.1528 0.7168 0.3372 0.0000 1.0000 
0.5170 0.0057 0.7189 0.2756 0.3811 1.0000 0.0000 
0.8660 0.2406 0.2389 0.1570 0.6229 0.0000 1.0000 
0.3890 0.1089 0.4098 0.6207 0.0289 0.0000 1.0000 
0.5139 0.2407 0.4305 0.3335 0.1982 0.0000 1.0000 
0.9496 0.8292 0.5645 0.4211 0.0958 1.0000 0.0000 
0.8050 0.7154 0.2967 0.8740 0.7173 1.0000 0.0000 
0.9463 0.4905 0.5778 0.1993 0.1700 0.0000 1.0000 
0.0010 0.0565 0.4980 0.6820 0.5657 1.0000 0.0000 
0.6733 0.8870 0.9337 0.2537 0.2113 0.0000 1.0000 
0.3894 0.4990 0.7023 0.1847 0.0395 0.0000 1.0000 
0.9790 0.4287 0.8913 0.3580 0.5814 0.0000 1.0000 
0.6443 0.1804 0.2400 0.1384 0.6117 0.0000 1.0000 
0.0426 0.6385 0.1336 0.1987 0.2719 0.0000 1.0000 
0.8226 0.0960 0.2231 0.8495 1.0487 1.0000 0.0000 
0.8820 0.4913 0.1945 0.4588 0.1879 0.0000 1.0000 
0.1977 0.2133 0.3104 0.6046 0.0481 0.0000 1.0000 
0.2032 0.6191 0.1807 0.0639 0.0703 0.0000 1.0000 
0.5029 0.3155 0.0440 0.1209 0.2201 0.0000 1.0000 
0.7546 0.8892 0.5085 0.7026 0.4268 1.0000 0.0000 
0.2592 0.1614 0.7738 0.5075 0.3350 0.0000 1.0000 
0.7009 0.8410 0.8272 0.0950 0.2149 0.0000 1.0000 
0.0057 0.7437 0.0301 0.9154 0.3445 1.0000 0.0000 
0.4047 0.4828 0.9790 0.9224 0.8349 1.0000 0.0000 
0.0550 0.5426 0.3655 0.8131 1.0234 1.0000 0.0000 
0.8486 0.3939 0.6154 0.9464 1.1453 1.0000 0.0000 
0.9611 0.4136 0.5103 0.8233 0.7883 1.0000 0.0000 
0.0823 0.9835 0.7380 0.1556 0.4706 0.0000 1.0000 
0.3072 0.2089 0.4229 0.6057 0.4035 0.0000 1.0000 
0.0486 0.5493 0.4472 0.4381 0.6193 1.0000 0.0000 
0.6821 0.4953 0.2674 0.5520 0.6564 1.0000 0.0000 
0.7462 0.7401 0.4556 0.8222 0.1379 1.0000 0.0000 
0.2526 0.4471 0.1259 0.6941 0.2003 1.0000 0.0000 
0.2582 0.6228 0.6199 0.5631 0.2522 1.0000 0.0000 
0.1508 0.6224 0.2868 0.2553 0.0077 0.0000 1.0000 
0.3763 0.4369 0.2175 0.5188 0.7083 0.0000 1.0000 
0.3908 0.6641 0.5555 0.4508 0.0396 1.0000 0.0000 
0.3549 0.1025 0.6463 0.6192 0.2564 1.0000 0.0000 
0.0932 0.3948 0.0909 0.5635 0.7538 0.0000 1.0000 
0.5196 0.0821 0.6315 0.5416 0.1033 1.0000 0.0000 
0.7020 0.1202 0.1570 0.8859 0.5384 1.0000 0.0000 
0.0508 0.7418 0.1438 0.0433 0.2840 0.0000 1.0000 
0.7327 0.3296 0.2938 0.6066 0.8412 0.0000 1.0000 
0.6625 0.0599 0.2989 0.7576 0.2003 1.0000 0.0000 
0.1922 0.7482 0.5445 0.7364 0.5561 1.0000 0.0000 
0.4646 0.1059 0.1348 0.1770 0.1709 0.0000 1.0000 
0.1738 0.5229 0.4324 0.3668 0.6784 0.0000 1.0000 
0.2792 0.8297 0.5247 0.2248 0.5038 0.0000 1.0000 
0.1179 0.4020 0.4613 0.3207 0.5921 0.0000 1.0000 
0.7550 0.4758 0.7156 0.9798 0.9537 1.0000 0.0000 
0.5384 0.9526 0.3812 0.0237 0.0098 0.0000 1.0000 
0.9671 0.7301 0.9228 0.1034 0.1171 0.0000 1.0000 
0.0679 0.0647 0.8131 0.1845 0.1806 0.0000 1.0000 
0.8344 0.9458 0.2518 0.2450 0.1599 0.0000 1.0000 
0.4117 0.0752 0.5082 0.5996 0.7025 1.0000 0.0000 
0.4660 0.1675 0.8321 0.6800 0.5065 0.0000 1.0000 
0.9180 0.9869 0.4827 0.6918 0.8467 1.0000 0.0000 
0.6403 0.3009 0.3289 0.7857 0.2333 1.0000 0.0000 
0.8636 0.0999 0.6479 0.0841 0.5669 0.0000 1.0000 
0.8947 0.5126 0.2147 0.6063 0.7259 1.0000 0.0000 
0.3857 0.6436 0.3572 0.7006 0.9856 1.0000 0.0000 
0.9474 0.3786 0.3634 0.8203 0.3905 1.0000 0.0000 
0.7394 0.6914 0.4319 0.4152 0.5157 1.0000 0.0000 
0.3551 0.1644 0.7452 0.4533 0.5626 0.0000 1.0000 
0.1241 0.0858 0.2432 0.6267 0.7861 1.0000 0.0000 
0.0668 0.1754 0.2330 0.5873 0.6715 0.0000 1.0000 
0.1358 0.2348 0.1659 0.9598 0.8343 1.0000 0.0000 
0.3355 0.4841 0.6297 0.2971 0.1300 0.0000 1.0000 
0.2633 0.8689 0.0017 0.7480 0.7974 1.0000 0.0000 
0.8255 0.2693 0.2930 0.9142 0.6516 1.0000 0.0000 
0.3285 0.4700 0.1702 0.3968 0.0320 0.0000 1.0000 
0.3432 0.6836 0.8745 0.4612 0.2537 1.0000 0.0000 
0.5636 0.8761 0.4962 0.7594 0.4218 1.0000 0.0000 
0.3820 0.0046 0.7510 0.8960 0.2991 1.0000 0.0000 
0.5983 0.0420 0.1269 0.3400 0.3440 0.0000 1.0000 
0.5954 0.5921 0.0375 0.8748 0.6904 1.0000 0.0000 
0.4243 0.9122 0.1724 0.9986 0.3632 1.0000 0.0000 
0.2997 0.7514 0.0131 0.0411 0.1435 0.0000 1.0000 
0.4756 0.5718 0.1775 0.2033 0.1894 0.0000 1.0000 
0.3312 0.9836 0.4561 0.2583 0.1968 0.0000 1.0000 
0.3831 0.3998 0.1979 0.3988 0.6106 0.0000 1.0000 
0.6083 0.9456 0.9473 0.5538 0.9535 1.0000 0.0000 
0.6546 0.7982 0.2570 0.0528 0.1721 0.0000 1.0000 
0.1622 0.1258 0.8753 0.1930 0.1504 0.0000 1.0000 
0.1743 0.8071 0.2908 0.4876 0.1101 1.0000 0.0000 
0.3463 0.6653 0.6003 0.1104 0.0320 0.0000 1.0000 
0.9688 0.9880 0.4965 0.0231 0.4418 0.0000 1.0000 
0.0666 0.8980 0.9474 0.9931 0.4628 1.0000 0.0000 
0.1185 0.3479 0.2988 0.0457 0.0219 0.0000 1.0000 
0.6690 0.8871 0.4383 0.0641 0.0932 0.0000 1.0000 
0.9366 0.4129 0.0278 0.3809 0.3693 0.0000 1.0000 
0.5950 0.3947 0.2084 0.6637 1.0307 0.0000 1.0000 
0.4742 0.6538 0.2433 0.7356 0.3822 1.0000 0.0000 
0.0712 0.3051 0.1220 0.7541 0.6287 0.0000 1.0000 
0.4646 0.9013 0.8769 0.8247 0.3724 1.0000 0.0000 
0.2992 0.7279 0.3230 0.5041 0.5802 1.0000 0.0000 
0.0652 0.7163 0.2535 0.5580 0.9578 1.0000 0.0000 
0.5600 0.2372 0.7507 0.9456 0.9965 1.0000 0.0000 
0.0044 0.7715 0.9885 0.7014 0.6580 1.0000 0.0000 
0.1871 0.8963 0.3102 0.1695 0.6932 0.0000 1.0000 
0.6475 0.0768 0.2267 0.2104 0.0834 0.0000 1.0000 
0.7423 0.7507 0.9165 0.6741 0.9374 1.0000 0.0000 
0.6165 0.3229 0.1568 0.4082 0.0963 0.0000 1.0000 
0.9766 0.5337 0.9478 0.3619 0.3082 0.0000 1.0000 
0.6092 0.3278 0.1001 0.9994 0.6269 1.0000 0.0000 
0.6518 0.7360 0.1865 0.9787 0.8723 1.0000 0.0000 
0.8528 0.4701 0.9572 0.5445 0.0621 0.0000 1.0000 
0.6323 0.1699 0.6118 0.8195 0.3108 1.0000 0.0000 
0.6079 0.7775 0.7332 0.5037 0.7651 1.0000 0.0000 
0.9206 0.0847 0.6648 0.9459 1.0186 1.0000 0.0000 
0.3193 0.9735 0.7387 0.1526 0.4916 0.0000 1.0000 
0.7107 0.9951 0.3220 0.2911 0.0138 0.0000 1.0000 
0.7353 0.4496 0.5609 0.6651 0.4813 1.0000 0.0000 
0.5609 0.2931 0.9173 0.0546 0.1938 0.0000 1.0000 
0.1671 0.0143 0.3273 0.2966 0.0025 1.0000 0.0000 
0.2273 0.9525 0.6513 0.6549 0.7149 1.0000 0.0000 
0.5724 0.1624 0.5007 0.1288 0.1993 0.0000 1.0000 
0.4179 0.0312 0.9638 0.8506 0.7190 1.0000 0.0000 
0.5918 0.9928 0.9424 0.7659 0.5089 0.0000 1.0000 
0.7680 0.4242 0.6666 0.2549 0.6175 0.0000 1.0000 
0.5957 0.6234 0.9579 0.5223 0.1543 1.0000 0.0000 
0.3050 0.8952 0.1396 0.5089 0.4279 1.0000 0.0000 
0.4699 0.3974 0.9923 0.5544 0.1021 0.0000 1.0000 
0.5791 0.2244 0.9116 0.6947 0.3374 0.0000 1.0000 
0.6092 0.3885 0.8933 0.6378 0.7288 1.0000 0.0000 
0.0658 0.1986 0.2983 0.7057 0.3408 1.0000 0.0000 
0.4713 0.3800 0.8913 0.5528 0.1556 0.0000 1.0000 
0.8504 0.7863 0.2483 0.4632 0.6600 1.0000 0.0000 
0.6239 0.4228 0.7712 0.5063 0.5170 0.0000 1.0000 
0.8037 0.5661 0.4319 0.9647 0.2629 1.0000 0.0000 
0.4143 0.8252 0.1909 0.8965 0.9855 1.0000 0.0000 
0.8836 0.4371 0.5301 0.8984 0.2047 1.0000 0.0000 
0.2941 0.9128 0.5143 0.0262 0.1919 0.0000 1.0000 
0.8077 0.1514 0.5035 0.6508 0.2071 0.0000 1.0000 
0.9154 0.9716 0.4806 0.6306 0.3505 0.0000 1.0000 
0.9497 0.3959 0.7166 0.7263 0.3623 0.0000 1.0000 
0.2743 0.4528 0.5588 0.5469 0.8824 1.0000 0.0000 
0.7745 0.8606 0.6115 0.5815 0.0989 1.0000 0.0000 
0.3222 0.0391 0.5124 0.4034 0.6021 1.0000 0.0000 
0.1580 0.2765 0.7589 0.5277 0.8422 0.0000 1.0000 
0.5947 0.1172 0.8637 0.7902 0.8895 1.0000 0.0000 
0.9621 0.5384 0.8068 0.4576 0.1152 1.0000 0.0000 
0.5193 0.2768 0.2600 0.1361 0.1051 0.0000 1.0000 
0.5158 0.3353 0.5426 0.1981 0.4103 0.0000 1.0000 
0.2303 0.3043 0.0487 0.4700 0.2368 0.0000 1.0000 
0.5444 0.0531 0.1256 0.1059 0.2582 0.0000 1.0000 
0.3073 0.6980 0.8781 0.0142 0.6160 0.0000 1.0000 
0.1442 0.7208 0.8523 0.4408 0.4729 1.0000 0.0000 
0.7778 0.2911 0.0714 0.2852 0.2134 0.0000 1.0000 
0.5449 0.7387 0.0380 0.6300 0.3398 1.0000 0.0000 
0.7533 0.6047 0.8186 0.0498 0.3831 0.0000 1.0000 
0.4690 0.4612 0.9684 0.0838 0.6114 0.0000 1.0000 
0.3471 0.6592 0.1005 0.5570 0.7613 1.0000 0.0000 
0.8608 0.7828 0.5090 0.3329 0.2977 1.0000 0.0000 
0.7045 0.5470 0.2256 0.0785 0.1046 0.0000 1.0000 
0.2079 0.5138 0.6679 0.5069 0.3171 1.0000 0.0000 
0.3286 0.9291 0.0406 0.4489 0.6642 1.0000 0.0000 
0.1077 0.5797 0.1400 0.4023 0.8441 0.0000 1.0000 
0.3712 0.6604 0.1206 0.7427 0.2178 1.0000 0.0000 
0.2520 0.4192 0.7838 0.5000 0.0200 0.0000 1.0000 
0.9767 0.2003 0.7063 0.8624 0.6164 1.0000 0.0000 
0.3215 0.8442 0.4006 0.4663 0.2829 1.0000 0.0000 
0.3892 0.4363 0.3294 0.2345 0.3055 0.0000 1.0000 
0.0605 0.2039 0.5948 0.6614 0.5723 0.0000 1.0000 
0.6606 0.5365 0.2114 0.1601 0.4494 0.0000 1.0000 
0.2225 0.7564 0.9761 0.0542 0.1466 0.0000 1.0000 
0.9580 0.9278 0.3325 0.4032 0.8412 0.0000 1.0000 
0.2082 0.2684 0.2128 0.4906 0.3522 0.0000 1.0000 
0.2564 0.1005 0.9137 0.5469 0.4123 0.0000 1.0000 
0.2185 0.3932 0.9697 0.4742 0.0439 0.0000 1.0000 
0.9732 0.2711 0.2279 0.8043 1.0028 0.0000 1.0000 
0.0768 0.4290 0.7368 0.0868 0.5434 0.0000 1.0000 
0.2390 0.3147 0.1567 0.1897 0.1995 0.0000 1.0000 
0.1723 0.5732 0.6497 0.8933 0.7394 1.0000 0.0000 
0.7654 0.6326 0.0134 0.4046 0.8945 1.0000 0.0000 
0.9854 0.2694 0.8667 0.4581 0.6284 0.0000 1.0000 
0.9697 0.3783 0.9034 0.4437 0.6664 0.0000 1.0000 
0.1184 0.0616 0.2589 0.3561 0.2129 0.0000 1.0000 
0.1931 0.9697 0.4338 0.0987 0.0499 0.0000 1.0000 
0.1048 0.7224 0.5945 0.4605 0.4933 1.0000 0.0000 
0.9492 0.9940 0.0942 0.4035 0.2368 0.0000 1.0000 
