0.942113 0.886931 0.736251 0.734870 0.644142 1.000000 0.000000 (0 , 0)  Correct
0.583927 0.126456 0.378343 0.644346 0.567859 0.000000 1.000000 (0 , 1)  Wrong  
0.030165 0.085766 0.349770 0.806455 0.759711 1.000000 0.000000 (0 , 0)  Correct
0.719342 0.885894 0.754905 0.228520 0.094839 0.000000 1.000000 (1 , 1)  Correct
0.765383 0.684078 0.307082 0.549539 0.716092 1.000000 0.000000 (0 , 0)  Correct
0.372263 0.552366 0.311869 0.506500 0.159357 1.000000 0.000000 (0 , 0)  Correct
0.790431 0.259745 0.235460 0.797253 0.368084 0.000000 1.000000 (0 , 1)  Wrong  
0.505168 0.739612 0.437167 0.674648 0.861236 1.000000 0.000000 (0 , 0)  Correct
0.679629 0.688429 0.347181 0.799376 1.067513 1.000000 0.000000 (0 , 0)  Correct
0.565882 0.669375 0.648134 0.611695 0.197523 1.000000 0.000000 (0 , 0)  Correct
0.669244 0.370471 0.564562 0.489929 0.717998 0.000000 1.000000 (1 , 1)  Correct
0.718929 0.555216 0.027574 0.578142 0.821517 1.000000 0.000000 (0 , 0)  Correct
0.615801 0.984865 0.372558 0.823758 0.346625 1.000000 0.000000 (0 , 0)  Correct
0.499949 0.489048 0.079944 0.743652 0.508169 1.000000 0.000000 (0 , 0)  Correct
0.441934 0.619302 0.464954 0.318008 0.599940 0.000000 1.000000 (0 , 1)  Wrong  
0.916255 0.696578 0.171900 0.940365 0.202243 1.000000 0.000000 (0 , 0)  Correct
0.588175 0.892508 0.049542 0.986952 0.379976 1.000000 0.000000 (0 , 0)  Correct
0.506063 0.015502 0.405254 0.257730 0.694593 0.000000 1.000000 (1 , 1)  Correct
0.579615 0.873886 0.010523 0.804429 0.119669 1.000000 0.000000 (0 , 0)  Correct
0.936087 0.264564 0.958312 0.694520 1.046991 0.000000 1.000000 (1 , 1)  Correct
0.893418 0.844397 0.748897 0.096152 0.065183 0.000000 1.000000 (1 , 1)  Correct
0.137031 0.520715 0.564236 0.878185 0.317858 1.000000 0.000000 (0 , 0)  Correct
0.560921 0.505783 0.696053 0.717939 0.845674 1.000000 0.000000 (0 , 0)  Correct
0.472099 0.450272 0.893023 0.822991 0.855848 1.000000 0.000000 (0 , 0)  Correct
0.307835 0.227107 0.988682 0.566921 0.457464 0.000000 1.000000 (1 , 1)  Correct
0.965968 0.977455 0.357208 0.905417 0.219996 1.000000 0.000000 (0 , 0)  Correct
0.231923 0.131633 0.296335 0.631876 0.024402 0.000000 1.000000 (0 , 1)  Wrong  
0.030437 0.436096 0.049809 0.794045 0.737253 1.000000 0.000000 (0 , 0)  Correct
0.294706 0.993418 0.542286 0.843671 0.711076 1.000000 0.000000 (0 , 0)  Correct
0.513914 0.339176 0.527384 0.928995 1.113124 1.000000 0.000000 (0 , 0)  Correct
0.618157 0.659325 0.180161 0.663875 0.545929 1.000000 0.000000 (0 , 0)  Correct
0.332934 0.391845 0.139357 0.166213 0.042502 0.000000 1.000000 (1 , 1)  Correct
0.387347 0.541077 0.216386 0.577659 0.598176 1.000000 0.000000 (0 , 0)  Correct
0.189228 0.026870 0.951528 0.477419 0.197258 1.000000 0.000000 (0 , 0)  Correct
0.769731 0.270124 0.440751 0.962328 0.645542 1.000000 0.000000 (0 , 0)  Correct
0.051726 0.183816 0.809501 0.104841 0.148034 0.000000 1.000000 (1 , 1)  Correct
0.520098 0.158994 0.508034 0.686339 0.491170 0.000000 1.000000 (0 , 1)  Wrong  
0.997396 0.436341 0.015251 0.225108 0.637633 0.000000 1.000000 (1 , 1)  Correct
0.327209 0.091301 0.994735 0.632941 0.649477 1.000000 0.000000 (1 , 0)  Wrong  
0.811801 0.197382 0.150569 0.207791 0.160265 0.000000 1.000000 (1 , 1)  Correct
0.937784 0.155723 0.311079 0.238382 0.229781 0.000000 1.000000 (1 , 1)  Correct
0.111673 0.101396 0.537321 0.526114 0.897879 0.000000 1.000000 (0 , 1)  Wrong  
0.191258 0.516334 0.212985 0.723901 0.544875 1.000000 0.000000 (0 , 0)  Correct
0.653821 0.506727 0.112143 0.353182 0.137697 0.000000 1.000000 (1 , 1)  Correct
0.460850 0.204133 0.168176 0.401187 0.731742 0.000000 1.000000 (1 , 1)  Correct
0.523016 0.551362 0.794052 0.890325 0.506792 1.000000 0.000000 (0 , 0)  Correct
0.182105 0.532048 0.185415 0.273035 0.817298 0.000000 1.000000 (1 , 1)  Correct
0.124569 0.215081 0.002466 0.546932 0.458374 0.000000 1.000000 (1 , 1)  Correct
0.819059 0.340428 0.145645 0.946106 0.233905 1.000000 0.000000 (0 , 0)  Correct
0.393345 0.961070 0.343443 0.208696 0.652977 0.000000 1.000000 (1 , 1)  Correct
0.388863 0.701229 0.777502 0.566815 0.578088 1.000000 0.000000 (0 , 0)  Correct
0.687265 0.800472 0.951536 0.047958 0.150974 0.000000 1.000000 (1 , 1)  Correct
0.694284 0.647630 0.888452 0.211612 0.096153 1.000000 0.000000 (1 , 0)  Wrong  
0.429464 0.107386 0.168730 0.658605 0.568362 1.000000 0.000000 (0 , 0)  Correct
0.622620 0.863428 0.120699 0.261186 0.158073 0.000000 1.000000 (1 , 1)  Correct
0.020374 0.690877 0.024188 0.039147 0.386456 0.000000 1.000000 (1 , 1)  Correct
0.191924 0.755293 0.090994 0.479649 0.017039 1.000000 0.000000 (0 , 0)  Correct
0.156942 0.345918 0.759825 0.021891 0.019547 0.000000 1.000000 (1 , 1)  Correct
0.873699 0.803950 0.183413 0.760254 1.032333 1.000000 0.000000 (0 , 0)  Correct
0.116084 0.003620 0.253507 0.538412 0.512819 1.000000 0.000000 (0 , 0)  Correct
0.916672 0.184614 0.804645 0.238781 0.500096 0.000000 1.000000 (1 , 1)  Correct
0.523981 0.572390 0.616533 0.864945 0.610594 1.000000 0.000000 (0 , 0)  Correct
0.286520 0.831594 0.620506 0.046985 0.470949 0.000000 1.000000 (1 , 1)  Correct
0.052305 0.883041 0.492665 0.511065 0.472909 1.000000 0.000000 (0 , 0)  Correct
0.544156 0.339077 0.927229 0.897885 0.897408 1.000000 0.000000 (0 , 0)  Correct
0.226716 0.708875 0.255796 0.867559 0.401476 1.000000 0.000000 (0 , 0)  Correct
0.984329 0.260744 0.551439 0.711857 0.414269 0.000000 1.000000 (1 , 1)  Correct
0.270423 0.207209 0.013493 0.326962 0.154012 0.000000 1.000000 (1 , 1)  Correct
0.119866 0.812309 0.418863 0.533462 0.281099 1.000000 0.000000 (0 , 0)  Correct
0.820534 0.227794 0.687261 0.450196 0.922621 0.000000 1.000000 (1 , 1)  Correct
0.249652 0.376468 0.641487 0.084137 0.240478 0.000000 1.000000 (1 , 1)  Correct
0.079046 0.735350 0.855661 0.340854 0.453011 1.000000 0.000000 (0 , 0)  Correct
0.463444 0.719631 0.213278 0.937737 0.561318 1.000000 0.000000 (0 , 0)  Correct
0.579970 0.480543 0.774075 0.025664 0.163548 0.000000 1.000000 (1 , 1)  Correct
0.509818 0.033246 0.191211 0.936462 0.212255 1.000000 0.000000 (0 , 0)  Correct
0.752477 0.905214 0.503487 0.095198 0.583459 0.000000 1.000000 (1 , 1)  Correct
0.066991 0.259237 0.097627 0.206829 0.002008 0.000000 1.000000 (1 , 1)  Correct
0.821126 0.231710 0.782539 0.536065 0.061161 0.000000 1.000000 (1 , 1)  Correct
0.565030 0.885073 0.295644 0.936153 0.903611 1.000000 0.000000 (0 , 0)  Correct
0.362880 0.526201 0.891427 0.571791 0.478870 1.000000 0.000000 (0 , 0)  Correct
0.212031 0.339550 0.403963 0.266899 0.453060 0.000000 1.000000 (1 , 1)  Correct
0.862648 0.721223 0.401945 0.851767 1.097528 1.000000 0.000000 (0 , 0)  Correct
0.752367 0.237479 0.946475 0.965185 0.959411 1.000000 0.000000 (0 , 0)  Correct
0.006148 0.505753 0.553935 0.851303 0.559847 1.000000 0.000000 (0 , 0)  Correct
0.331531 0.756498 0.681479 0.505133 0.124945 1.000000 0.000000 (0 , 0)  Correct
0.748704 0.903484 0.507081 0.687600 0.623619 1.000000 0.000000 (0 , 0)  Correct
0.387579 0.324868 0.446174 0.791262 0.118693 1.000000 0.000000 (0 , 0)  Correct
0.043376 0.355883 0.052238 0.400100 0.459019 0.000000 1.000000 (1 , 1)  Correct
0.917638 0.985457 0.335976 0.381773 0.023864 0.000000 1.000000 (1 , 1)  Correct
0.362990 0.050628 0.766604 0.824018 0.921914 1.000000 0.000000 (0 , 0)  Correct
0.096897 0.066548 0.881667 0.757417 0.753223 1.000000 0.000000 (0 , 0)  Correct
0.560532 0.080932 0.885963 0.962484 0.250231 1.000000 0.000000 (0 , 0)  Correct
0.174851 0.256821 0.883635 0.749901 0.583287 0.000000 1.000000 (1 , 1)  Correct
0.199159 0.640812 0.469710 0.068284 0.699460 0.000000 1.000000 (1 , 1)  Correct
0.969143 0.975237 0.208930 0.861931 0.527848 1.000000 0.000000 (0 , 0)  Correct
0.112239 0.601149 0.517420 0.611804 0.326937 1.000000 0.000000 (0 , 0)  Correct
0.171410 0.425433 0.048654 0.785078 0.737836 1.000000 0.000000 (0 , 0)  Correct
0.980412 0.395392 0.372779 0.559092 0.009123 0.000000 1.000000 (1 , 1)  Correct
0.721434 0.577800 0.726214 0.527474 0.933586 1.000000 0.000000 (0 , 0)  Correct
0.376754 0.068433 0.798333 0.514491 0.842006 1.000000 0.000000 (1 , 0)  Wrong  
0.094338 0.810109 0.582971 0.019854 0.134373 0.000000 1.000000 (1 , 1)  Correct
0.943926 0.312243 0.725401 0.206715 0.732159 0.000000 1.000000 (1 , 1)  Correct
0.387586 0.262160 0.167805 0.953244 0.300153 1.000000 0.000000 (0 , 0)  Correct
0.068899 0.841823 0.727092 0.248410 0.565674 0.000000 1.000000 (1 , 1)  Correct
0.070354 0.148441 0.233994 0.144110 0.757511 1.000000 0.000000 (1 , 0)  Wrong  
0.102463 0.838914 0.380188 0.692589 0.627010 1.000000 0.000000 (0 , 0)  Correct
0.096374 0.643788 0.463290 0.321440 0.730983 1.000000 0.000000 (0 , 0)  Correct
0.647138 0.420934 0.435393 0.796662 0.552808 1.000000 0.000000 (0 , 0)  Correct
0.923373 0.028609 0.756338 0.061798 0.053514 0.000000 1.000000 (1 , 1)  Correct
0.677305 0.040069 0.502561 0.924680 0.165327 1.000000 0.000000 (0 , 0)  Correct
0.585809 0.165419 0.930446 0.635077 0.691658 0.000000 1.000000 (1 , 1)  Correct
0.521026 0.958732 0.773170 0.508562 0.375458 0.000000 1.000000 (0 , 1)  Wrong  
0.674718 0.803484 0.856718 0.096458 0.473283 1.000000 0.000000 (1 , 0)  Wrong  
0.626917 0.186845 0.594083 0.307828 0.068708 0.000000 1.000000 (1 , 1)  Correct
0.146324 0.600296 0.431976 0.488520 0.252333 1.000000 0.000000 (0 , 0)  Correct
0.932141 0.795066 0.783539 0.530987 0.637907 1.000000 0.000000 (0 , 0)  Correct
0.674078 0.566185 0.969332 0.632952 0.864485 1.000000 0.000000 (0 , 0)  Correct
0.962441 0.091610 0.754489 0.383200 0.205465 0.000000 1.000000 (1 , 1)  Correct
0.796174 0.337672 0.293565 0.680746 0.256270 0.000000 1.000000 (1 , 1)  Correct
0.309758 0.559782 0.831277 0.703335 0.995281 1.000000 0.000000 (0 , 0)  Correct
0.450113 0.235859 0.993497 0.595656 0.865199 0.000000 1.000000 (1 , 1)  Correct
0.839306 0.078310 0.938224 0.254859 0.085477 0.000000 1.000000 (1 , 1)  Correct
0.031244 0.626449 0.708377 0.483820 0.897111 1.000000 0.000000 (0 , 0)  Correct
0.836764 0.532457 0.078342 0.816495 0.609642 1.000000 0.000000 (0 , 0)  Correct
0.266622 0.890494 0.775830 0.890211 0.554867 1.000000 0.000000 (0 , 0)  Correct
0.887774 0.883603 0.119236 0.860316 0.776580 1.000000 0.000000 (0 , 0)  Correct
0.063050 0.098887 0.129128 0.336583 0.144233 0.000000 1.000000 (1 , 1)  Correct
0.344575 0.505987 0.193543 0.013572 0.117796 0.000000 1.000000 (1 , 1)  Correct
0.641863 0.035896 0.593086 0.200935 0.016051 0.000000 1.000000 (1 , 1)  Correct
0.102221 0.735296 0.689275 0.561237 0.306879 1.000000 0.000000 (0 , 0)  Correct
0.965483 0.131771 0.852588 0.839461 0.479993 1.000000 0.000000 (0 , 0)  Correct
0.339187 0.720928 0.933674 0.246754 0.661938 1.000000 0.000000 (0 , 0)  Correct
0.239713 0.562548 0.717216 0.225915 0.460266 0.000000 1.000000 (1 , 1)  Correct
0.159459 0.670154 0.618121 0.496923 0.123422 1.000000 0.000000 (0 , 0)  Correct
0.178816 0.133623 0.498845 0.790420 0.291166 1.000000 0.000000 (0 , 0)  Correct
0.617580 0.684293 0.078869 0.605905 0.196367 1.000000 0.000000 (0 , 0)  Correct
0.242750 0.123370 0.925685 0.051528 0.488284 0.000000 1.000000 (1 , 1)  Correct
0.183040 0.182419 0.377829 0.064483 0.251940 0.000000 1.000000 (1 , 1)  Correct
0.955561 0.086856 0.167426 0.679219 0.631888 1.000000 0.000000 (0 , 0)  Correct
0.207071 0.339584 0.357143 0.695287 0.054919 0.000000 1.000000 (1 , 1)  Correct
0.513393 0.013308 0.207632 0.327979 0.090476 1.000000 0.000000 (1 , 0)  Wrong  
0.269163 0.309504 0.727685 0.688230 0.617731 0.000000 1.000000 (1 , 1)  Correct
0.320964 0.936997 0.739328 0.972895 0.888252 1.000000 0.000000 (0 , 0)  Correct
0.686279 0.826525 0.366235 0.101023 0.105812 0.000000 1.000000 (1 , 1)  Correct
0.216456 0.420207 0.191342 0.265106 0.070569 0.000000 1.000000 (1 , 1)  Correct
0.395132 0.587944 0.890802 0.266110 0.609251 0.000000 1.000000 (1 , 1)  Correct
0.105215 0.987815 0.218124 0.617915 0.070430 0.000000 1.000000 (0 , 1)  Wrong  
0.416254 0.331843 0.488213 0.680906 0.198483 1.000000 0.000000 (1 , 0)  Wrong  
0.529312 0.986774 0.236893 0.770189 0.867690 1.000000 0.000000 (0 , 0)  Correct
0.544926 0.030579 0.284359 0.147047 0.202688 0.000000 1.000000 (1 , 1)  Correct
0.661963 0.181730 0.339467 0.408319 0.827576 0.000000 1.000000 (1 , 1)  Correct
0.789275 0.502318 0.708917 0.670888 0.957740 1.000000 0.000000 (0 , 0)  Correct
0.821022 0.972213 0.377771 0.421840 0.522821 0.000000 1.000000 (1 , 1)  Correct
0.147542 0.954381 0.526500 0.077984 0.668282 0.000000 1.000000 (1 , 1)  Correct
0.245647 0.718746 0.708795 0.523816 0.162897 1.000000 0.000000 (0 , 0)  Correct
0.796012 0.003170 0.050536 0.355108 0.172445 1.000000 0.000000 (1 , 0)  Wrong  
0.317877 0.185244 0.184991 0.289138 0.226864 0.000000 1.000000 (1 , 1)  Correct
0.820372 0.317191 0.894563 0.609973 0.860195 0.000000 1.000000 (1 , 1)  Correct
0.616839 0.526172 0.422840 0.764413 0.604866 1.000000 0.000000 (0 , 0)  Correct
0.851672 0.957173 0.330768 0.181825 0.129148 0.000000 1.000000 (1 , 1)  Correct
0.166898 0.088087 0.762958 0.793247 0.674922 1.000000 0.000000 (0 , 0)  Correct
0.482990 0.829084 0.540638 0.856918 1.064792 1.000000 0.000000 (0 , 0)  Correct
0.098073 0.296370 0.661006 0.013782 0.344370 0.000000 1.000000 (1 , 1)  Correct
0.113743 0.663655 0.633961 0.116914 0.631921 0.000000 1.000000 (1 , 1)  Correct
0.657816 0.612788 0.650109 0.879416 1.087335 1.000000 0.000000 (0 , 0)  Correct
0.205763 0.316804 0.857649 0.507031 0.047750 0.000000 1.000000 (1 , 1)  Correct
0.443299 0.266251 0.340921 0.348571 0.146181 0.000000 1.000000 (1 , 1)  Correct
0.583872 0.471312 0.868246 0.279245 0.381213 0.000000 1.000000 (1 , 1)  Correct
0.342337 0.741629 0.480262 0.130685 0.525893 0.000000 1.000000 (1 , 1)  Correct
0.837698 0.720199 0.866995 0.896959 0.344624 1.000000 0.000000 (0 , 0)  Correct
0.517416 0.963850 0.621594 0.512558 0.695259 0.000000 1.000000 (0 , 1)  Wrong  
0.437165 0.329233 0.592922 0.649954 0.644719 0.000000 1.000000 (1 , 1)  Correct
0.818477 0.398400 0.904400 0.391737 0.508092 0.000000 1.000000 (1 , 1)  Correct
0.577123 0.962172 0.105477 0.511252 0.456471 0.000000 1.000000 (1 , 1)  Correct
0.657003 0.486823 0.082403 0.903981 0.696336 1.000000 0.000000 (0 , 0)  Correct
0.765225 0.650113 0.172565 0.604830 0.745131 1.000000 0.000000 (0 , 0)  Correct
0.514085 0.559010 0.273458 0.037489 0.064708 0.000000 1.000000 (1 , 1)  Correct
0.066249 0.911404 0.810546 0.691563 0.289769 1.000000 0.000000 (0 , 0)  Correct
0.493538 0.128366 0.809832 0.727872 0.788280 0.000000 1.000000 (0 , 1)  Wrong  
0.336711 0.887259 0.816440 0.372090 0.639807 1.000000 0.000000 (0 , 0)  Correct
0.868465 0.940237 0.287227 0.597863 0.061573 1.000000 0.000000 (0 , 0)  Correct
0.712388 0.778273 0.586023 0.872035 0.957359 1.000000 0.000000 (0 , 0)  Correct
0.868255 0.222433 0.251805 0.139758 0.319777 0.000000 1.000000 (1 , 1)  Correct
0.839325 0.374069 0.779487 0.295470 0.079419 0.000000 1.000000 (1 , 1)  Correct
0.080153 0.043118 0.599612 0.671989 0.403780 1.000000 0.000000 (0 , 0)  Correct
0.428353 0.025782 0.545134 0.101288 0.131438 0.000000 1.000000 (1 , 1)  Correct
0.027050 0.470473 0.744335 0.152683 0.150295 0.000000 1.000000 (1 , 1)  Correct
0.661916 0.627564 0.773132 0.799851 0.651325 1.000000 0.000000 (0 , 0)  Correct
0.896882 0.626025 0.261142 0.294860 0.309404 1.000000 0.000000 (0 , 0)  Correct
0.254466 0.373632 0.215567 0.845107 0.341858 1.000000 0.000000 (0 , 0)  Correct
0.339291 0.414748 0.950977 0.787387 0.138929 1.000000 0.000000 (0 , 0)  Correct
0.184815 0.907115 0.875861 0.364860 0.624620 1.000000 0.000000 (0 , 0)  Correct
0.335571 0.022217 0.586405 0.450871 0.756211 1.000000 0.000000 (0 , 0)  Correct
0.545510 0.982364 0.924487 0.051251 0.234401 0.000000 1.000000 (1 , 1)  Correct
0.101877 0.376846 0.445115 0.536935 0.131515 0.000000 1.000000 (1 , 1)  Correct
0.741523 0.185710 0.755808 0.336642 0.026759 0.000000 1.000000 (1 , 1)  Correct
0.387443 0.991091 0.245458 0.077862 0.443703 0.000000 1.000000 (1 , 1)  Correct
0.409766 0.907392 0.524797 0.988323 0.485615 1.000000 0.000000 (0 , 0)  Correct
0.413017 0.755750 0.836753 0.266043 0.117394 1.000000 0.000000 (0 , 0)  Correct
0.865461 0.489842 0.423235 0.270101 0.105098 0.000000 1.000000 (1 , 1)  Correct
0.508665 0.381128 0.625022 0.427258 0.621648 0.000000 1.000000 (1 , 1)  Correct
0.035867 0.496529 0.845143 0.043342 0.097471 0.000000 1.000000 (1 , 1)  Correct
0.774505 0.176074 0.944124 0.756770 0.730173 0.000000 1.000000 (1 , 1)  Correct
0.408434 0.264150 0.142969 0.950013 0.515844 1.000000 0.000000 (0 , 0)  Correct
0.510440 0.542977 0.756212 0.587041 0.552486 1.000000 0.000000 (0 , 0)  Correct
0.298915 0.658801 0.892457 0.819708 1.041297 1.000000 0.000000 (0 , 0)  Correct
0.804677 0.373164 0.433093 0.724436 0.498802 1.000000 0.000000 (0 , 0)  Correct
0.779787 0.956599 0.569728 0.680594 0.777211 1.000000 0.000000 (0 , 0)  Correct
0.183756 0.703768 0.877787 0.777876 0.970921 1.000000 0.000000 (0 , 0)  Correct
0.297813 0.863155 0.031596 0.272497 0.172574 1.000000 0.000000 (1 , 0)  Wrong  
0.378844 0.757478 0.170767 0.560717 0.749140 1.000000 0.000000 (0 , 0)  Correct
0.686042 0.665904 0.765377 0.967535 0.243589 1.000000 0.000000 (0 , 0)  Correct
0.200631 0.394004 0.157297 0.373520 0.023381 0.000000 1.000000 (1 , 1)  Correct
0.529979 0.421097 0.580015 0.553022 0.825040 0.000000 1.000000 (1 , 1)  Correct
0.105288 0.230582 0.938229 0.936285 0.743050 1.000000 0.000000 (0 , 0)  Correct
0.469675 0.025447 0.213338 0.073428 0.484486 0.000000 1.000000 (1 , 1)  Correct
0.931322 0.688006 0.313913 0.689419 0.575297 1.000000 0.000000 (0 , 0)  Correct
0.127610 0.839407 0.769270 0.241452 0.360768 1.000000 0.000000 (1 , 0)  Wrong  
0.454446 0.716130 0.213122 0.525178 0.384730 1.000000 0.000000 (0 , 0)  Correct
0.256644 0.260500 0.760357 0.225451 0.421258 0.000000 1.000000 (1 , 1)  Correct
0.312892 0.780131 0.563154 0.904382 0.806803 1.000000 0.000000 (0 , 0)  Correct
0.828378 0.282379 0.579857 0.884936 0.775060 1.000000 0.000000 (0 , 0)  Correct
0.371503 0.775961 0.869331 0.581514 0.522368 1.000000 0.000000 (0 , 0)  Correct
0.708581 0.345189 0.797828 0.990831 0.567233 1.000000 0.000000 (0 , 0)  Correct
0.467060 0.847156 0.722359 0.752128 0.776403 1.000000 0.000000 (0 , 0)  Correct
0.730109 0.195368 0.932139 0.109493 0.463097 0.000000 1.000000 (1 , 1)  Correct
0.284249 0.465750 0.434602 0.159424 0.045485 0.000000 1.000000 (1 , 1)  Correct
0.720917 0.991209 0.467492 0.886656 0.786837 1.000000 0.000000 (0 , 0)  Correct
0.742637 0.907526 0.440904 0.086607 0.089026 0.000000 1.000000 (1 , 1)  Correct
0.036536 0.765775 0.833904 0.242134 0.282190 1.000000 0.000000 (0 , 0)  Correct
0.755688 0.136204 0.642935 0.357678 0.105102 0.000000 1.000000 (1 , 1)  Correct
0.190404 0.471086 0.502330 0.472018 0.275834 0.000000 1.000000 (1 , 1)  Correct
0.957124 0.229703 0.233246 0.137661 0.063872 0.000000 1.000000 (1 , 1)  Correct
0.402080 0.373567 0.997333 0.767589 0.741118 1.000000 0.000000 (1 , 0)  Wrong  
0.643588 0.606410 0.024625 0.993382 0.393321 1.000000 0.000000 (0 , 0)  Correct
0.200419 0.062479 0.402661 0.209052 0.258099 0.000000 1.000000 (1 , 1)  Correct
0.489826 0.172624 0.166310 0.193590 0.048515 0.000000 1.000000 (1 , 1)  Correct
0.170778 0.116208 0.197375 0.901978 0.604939 1.000000 0.000000 (0 , 0)  Correct
0.384993 0.871055 0.292645 0.659115 0.281750 1.000000 0.000000 (0 , 0)  Correct
0.716460 0.364296 0.096938 0.779333 0.714985 1.000000 0.000000 (0 , 0)  Correct
0.100951 0.202030 0.314087 0.735467 0.151017 1.000000 0.000000 (0 , 0)  Correct
0.850998 0.011233 0.471545 0.111655 0.106669 0.000000 1.000000 (1 , 1)  Correct
0.909581 0.593834 0.659105 0.102663 0.197196 0.000000 1.000000 (1 , 1)  Correct
0.827967 0.797297 0.449201 0.966721 0.265280 1.000000 0.000000 (0 , 0)  Correct
0.119999 0.395648 0.267935 0.781162 0.504259 1.000000 0.000000 (0 , 0)  Correct
0.877672 0.198814 0.058727 0.734240 0.336578 0.000000 1.000000 (0 , 1)  Wrong  
0.977578 0.443377 0.858569 0.436645 0.735764 0.000000 1.000000 (1 , 1)  Correct
0.143697 0.344121 0.350067 0.293248 0.366500 0.000000 1.000000 (1 , 1)  Correct
0.946971 0.028718 0.307646 0.250334 0.140050 1.000000 0.000000 (1 , 0)  Wrong  
0.360681 0.406887 0.493761 0.719396 0.854527 1.000000 0.000000 (0 , 0)  Correct
0.825082 0.559898 0.684101 0.130876 0.018180 0.000000 1.000000 (1 , 1)  Correct
0.188579 0.723818 0.655902 0.984477 0.330583 1.000000 0.000000 (0 , 0)  Correct
0.363682 0.914094 0.553129 0.316512 0.731854 0.000000 1.000000 (1 , 1)  Correct
0.361326 0.636836 0.857566 0.519148 0.461665 1.000000 0.000000 (0 , 0)  Correct
0.363918 0.987708 0.086278 0.525550 0.333321 0.000000 1.000000 (1 , 1)  Correct
0.583630 0.906335 0.107105 0.585650 0.747583 1.000000 0.000000 (0 , 0)  Correct
0.516362 0.485259 0.436691 0.090337 0.213479 0.000000 1.000000 (1 , 1)  Correct
0.477566 0.324748 0.333718 0.222321 0.374956 0.000000 1.000000 (1 , 1)  Correct
0.781030 0.772908 0.797402 0.354057 0.318537 1.000000 0.000000 (0 , 0)  Correct
0.868077 0.942003 0.818410 0.134106 0.449152 0.000000 1.000000 (1 , 1)  Correct
0.718043 0.983697 0.105971 0.655478 0.709396 0.000000 1.000000 (0 , 1)  Wrong  
0.275325 0.160950 0.259738 0.511741 0.148905 0.000000 1.000000 (1 , 1)  Correct
0.614264 0.726930 0.528807 0.483662 0.174151 1.000000 0.000000 (0 , 0)  Correct
0.435712 0.505793 0.962533 0.048836 0.644936 0.000000 1.000000 (1 , 1)  Correct
0.786968 0.931124 0.016192 0.682974 0.372107 1.000000 0.000000 (0 , 0)  Correct
0.287430 0.667345 0.057025 0.540699 0.654697 1.000000 0.000000 (0 , 0)  Correct
0.383865 0.054388 0.422952 0.522210 0.568132 1.000000 0.000000 (0 , 0)  Correct
0.784342 0.922696 0.574483 0.749450 0.241609 1.000000 0.000000 (0 , 0)  Correct
0.830171 0.843128 0.281544 0.101138 0.134070 0.000000 1.000000 (1 , 1)  Correct
0.880074 0.587843 0.116889 0.577370 0.294990 1.000000 0.000000 (0 , 0)  Correct
0.645158 0.596184 0.193087 0.760663 0.377487 1.000000 0.000000 (0 , 0)  Correct
0.668494 0.568464 0.443492 0.263669 0.041932 0.000000 1.000000 (1 , 1)  Correct
0.381558 0.779789 0.805937 0.179231 0.731709 1.000000 0.000000 (0 , 0)  Correct
0.778186 0.634447 0.336161 0.378679 0.864505 1.000000 0.000000 (0 , 0)  Correct
0.674821 0.697320 0.915016 0.144073 0.167652 0.000000 1.000000 (1 , 1)  Correct
0.330459 0.007346 0.394515 0.334854 0.086445 1.000000 0.000000 (1 , 0)  Wrong  
0.626487 0.796978 0.503931 0.234331 0.648166 1.000000 0.000000 (1 , 0)  Wrong  
0.970690 0.662154 0.582770 0.396495 0.496535 1.000000 0.000000 (0 , 0)  Correct
0.606459 0.399518 0.752792 0.455319 0.372598 0.000000 1.000000 (1 , 1)  Correct
0.703493 0.120680 0.171274 0.810676 0.779621 1.000000 0.000000 (0 , 0)  Correct
0.340723 0.831282 0.680477 0.177941 0.769754 0.000000 1.000000 (1 , 1)  Correct
0.153725 0.897685 0.769116 0.604804 0.274153 1.000000 0.000000 (0 , 0)  Correct
0.658711 0.534394 0.707416 0.711799 0.230689 1.000000 0.000000 (0 , 0)  Correct
0.911581 0.322382 0.823418 0.263016 0.686292 0.000000 1.000000 (1 , 1)  Correct
0.831235 0.576611 0.978462 0.287965 0.272808 0.000000 1.000000 (1 , 1)  Correct
0.145350 0.190599 0.746501 0.147222 0.209660 0.000000 1.000000 (1 , 1)  Correct
0.604820 0.790260 0.969322 0.934490 0.266783 1.000000 0.000000 (0 , 0)  Correct
0.111893 0.918111 0.237626 0.210659 0.264857 0.000000 1.000000 (1 , 1)  Correct
0.667181 0.380705 0.035404 0.187891 0.698723 0.000000 1.000000 (1 , 1)  Correct
0.479564 0.334147 0.481262 0.799461 0.453159 1.000000 0.000000 (0 , 0)  Correct
0.014735 0.610376 0.105381 0.128727 0.144811 0.000000 1.000000 (1 , 1)  Correct
0.394365 0.201777 0.988591 0.803830 0.593629 1.000000 0.000000 (0 , 0)  Correct
0.522429 0.428027 0.346164 0.676620 0.053593 1.000000 0.000000 (0 , 0)  Correct
0.049544 0.570285 0.976532 0.196088 0.472676 0.000000 1.000000 (1 , 1)  Correct
0.332428 0.897092 0.427603 0.920612 0.654059 1.000000 0.000000 (0 , 0)  Correct
0.590902 0.643340 0.460789 0.699742 0.833863 1.000000 0.000000 (0 , 0)  Correct
0.209255 0.841916 0.602211 0.302351 0.786537 1.000000 0.000000 (0 , 0)  Correct
0.593771 0.967830 0.766212 0.192054 0.434636 0.000000 1.000000 (1 , 1)  Correct
0.101976 0.824458 0.490824 0.675291 0.767306 1.000000 0.000000 (0 , 0)  Correct
0.281775 0.302822 0.139336 0.691015 0.138925 0.000000 1.000000 (1 , 1)  Correct
0.845663 0.587202 0.432277 0.619703 0.491879 1.000000 0.000000 (0 , 0)  Correct
0.376159 0.301977 0.060046 0.180573 0.510278 0.000000 1.000000 (1 , 1)  Correct
0.702646 0.543322 0.178490 0.053640 0.260539 0.000000 1.000000 (1 , 1)  Correct
0.107975 0.795502 0.206499 0.989398 0.689757 1.000000 0.000000 (0 , 0)  Correct
0.841785 0.862918 0.836757 0.620986 0.429392 1.000000 0.000000 (0 , 0)  Correct
0.790570 0.144502 0.549011 0.461661 0.885603 0.000000 1.000000 (1 , 1)  Correct
0.040964 0.881513 0.643169 0.604254 0.459702 1.000000 0.000000 (0 , 0)  Correct
0.016941 0.638153 0.817157 0.955515 0.222040 1.000000 0.000000 (0 , 0)  Correct
0.104362 0.407965 0.099032 0.370271 0.061439 0.000000 1.000000 (1 , 1)  Correct
0.096357 0.515302 0.820544 0.958099 1.006220 1.000000 0.000000 (0 , 0)  Correct
0.997434 0.028116 0.528548 0.304644 0.830372 0.000000 1.000000 (1 , 1)  Correct
0.219053 0.295719 0.232356 0.252124 0.727633 0.000000 1.000000 (1 , 1)  Correct
0.966651 0.730675 0.380089 0.291029 0.225159 1.000000 0.000000 (0 , 0)  Correct
0.844420 0.363849 0.917533 0.146984 0.196777 0.000000 1.000000 (1 , 1)  Correct
0.499125 0.071963 0.722279 0.406209 0.719728 1.000000 0.000000 (1 , 0)  Wrong  
0.438785 0.989390 0.363867 0.742711 0.745945 0.000000 1.000000 (0 , 1)  Wrong  
0.341226 0.577745 0.781544 0.234203 0.328958 0.000000 1.000000 (1 , 1)  Correct
0.967924 0.802319 0.910734 0.203146 0.166302 1.000000 0.000000 (0 , 0)  Correct
0.670772 0.917093 0.163548 0.539160 0.360946 1.000000 0.000000 (0 , 0)  Correct
0.359244 0.779680 0.752916 0.881151 0.630578 1.000000 0.000000 (0 , 0)  Correct
0.523505 0.401428 0.797511 0.490504 0.940701 0.000000 1.000000 (1 , 1)  Correct
0.419296 0.217176 0.737506 0.369173 0.298570 0.000000 1.000000 (1 , 1)  Correct
0.836849 0.602392 0.306264 0.348183 0.642431 1.000000 0.000000 (0 , 0)  Correct
0.497647 0.328432 0.879296 0.400998 0.596927 0.000000 1.000000 (1 , 1)  Correct
0.571770 0.059593 0.908580 0.836607 0.439631 1.000000 0.000000 (0 , 0)  Correct
0.184580 0.493307 0.448039 0.526222 0.263527 1.000000 0.000000 (0 , 0)  Correct
0.716861 0.142082 0.680126 0.652829 0.981883 0.000000 1.000000 (1 , 1)  Correct
0.214879 0.825364 0.207206 0.826241 0.126199 1.000000 0.000000 (0 , 0)  Correct
0.869678 0.676726 0.540364 0.624726 0.642596 1.000000 0.000000 (0 , 0)  Correct
0.943433 0.442890 0.090050 0.523480 0.819310 1.000000 0.000000 (0 , 0)  Correct
0.920563 0.601341 0.149701 0.524162 0.813049 1.000000 0.000000 (0 , 0)  Correct
0.944612 0.042085 0.539402 0.940740 0.960172 1.000000 0.000000 (0 , 0)  Correct
0.571477 0.191763 0.271145 0.286370 0.548462 0.000000 1.000000 (1 , 1)  Correct
0.598937 0.175522 0.115149 0.233346 0.410645 0.000000 1.000000 (1 , 1)  Correct
0.362946 0.893248 0.584661 0.451814 0.154801 1.000000 0.000000 (0 , 0)  Correct
0.529709 0.596562 0.064110 0.227103 0.218706 0.000000 1.000000 (1 , 1)  Correct
0.077287 0.317196 0.327996 0.124041 0.538932 0.000000 1.000000 (1 , 1)  Correct
0.409468 0.038163 0.232301 0.507635 0.789689 1.000000 0.000000 (0 , 0)  Correct
0.242756 0.954064 0.765856 0.565462 0.187242 0.000000 1.000000 (0 , 1)  Wrong  
0.264979 0.223103 0.837485 0.602432 0.336469 0.000000 1.000000 (1 , 1)  Correct
0.546606 0.076474 0.092971 0.608197 0.418709 1.000000 0.000000 (0 , 0)  Correct
0.076590 0.904488 0.523906 0.020638 0.682128 0.000000 1.000000 (1 , 1)  Correct
0.395251 0.128153 0.795657 0.542485 0.581494 0.000000 1.000000 (1 , 1)  Correct
0.514305 0.307938 0.043315 0.229430 0.298523 0.000000 1.000000 (1 , 1)  Correct
0.827309 0.828465 0.241576 0.053131 0.520995 0.000000 1.000000 (1 , 1)  Correct
0.687697 0.909930 0.750353 0.326193 0.043257 0.000000 1.000000 (1 , 1)  Correct
0.228879 0.667394 0.941114 0.138114 0.707835 0.000000 1.000000 (1 , 1)  Correct
0.030490 0.905603 0.858098 0.219854 0.079531 0.000000 1.000000 (1 , 1)  Correct
0.918997 0.693560 0.426531 0.720045 0.759608 1.000000 0.000000 (0 , 0)  Correct
0.129483 0.719503 0.870148 0.653559 0.955589 1.000000 0.000000 (0 , 0)  Correct
0.576812 0.314897 0.208755 0.322570 0.006014 0.000000 1.000000 (1 , 1)  Correct
0.009874 0.520867 0.562275 0.767915 0.091640 1.000000 0.000000 (0 , 0)  Correct
0.400843 0.259399 0.898663 0.749304 0.082601 0.000000 1.000000 (1 , 1)  Correct
0.757192 0.013294 0.193859 0.379208 0.745585 1.000000 0.000000 (1 , 0)  Wrong  
0.129332 0.570113 0.672365 0.849622 1.054933 1.000000 0.000000 (0 , 0)  Correct
0.356622 0.938065 0.102542 0.479597 0.738157 1.000000 0.000000 (1 , 0)  Wrong  
0.525673 0.603070 0.544010 0.473863 0.790674 1.000000 0.000000 (0 , 0)  Correct
0.175750 0.872429 0.374300 0.382919 0.039095 0.000000 1.000000 (1 , 1)  Correct
0.260263 0.931147 0.388084 0.299565 0.631606 0.000000 1.000000 (1 , 1)  Correct
0.222766 0.327002 0.376984 0.468640 0.320583 0.000000 1.000000 (1 , 1)  Correct
0.780873 0.207891 0.724222 0.897701 0.580832 0.000000 1.000000 (0 , 1)  Wrong  
0.171483 0.799392 0.782991 0.009727 0.021896 0.000000 1.000000 (1 , 1)  Correct
0.276107 0.882338 0.693003 0.779833 1.072267 1.000000 0.000000 (0 , 0)  Correct
0.255558 0.100229 0.287001 0.981542 0.926523 1.000000 0.000000 (0 , 0)  Correct
0.669756 0.038611 0.098271 0.675984 0.676298 1.000000 0.000000 (0 , 0)  Correct
0.030144 0.898509 0.367349 0.521027 0.607813 1.000000 0.000000 (0 , 0)  Correct
0.192850 0.599164 0.640346 0.354149 0.040854 1.000000 0.000000 (0 , 0)  Correct
0.554726 0.587763 0.581932 0.116042 0.076635 0.000000 1.000000 (1 , 1)  Correct
0.204913 0.208074 0.544382 0.724244 0.862360 0.000000 1.000000 (0 , 1)  Wrong  
0.169801 0.052497 0.124095 0.354362 0.592142 0.000000 1.000000 (1 , 1)  Correct
0.271274 0.567952 0.830105 0.329535 0.514835 0.000000 1.000000 (1 , 1)  Correct
0.513241 0.791082 0.536833 0.525071 0.422595 1.000000 0.000000 (0 , 0)  Correct
0.636284 0.782380 0.295871 0.068025 0.442703 0.000000 1.000000 (1 , 1)  Correct
0.148610 0.051626 0.333224 0.027473 0.286623 0.000000 1.000000 (1 , 1)  Correct
0.267915 0.708373 0.220684 0.287058 0.370663 1.000000 0.000000 (0 , 0)  Correct
0.996683 0.009365 0.729297 0.090538 0.689825 0.000000 1.000000 (1 , 1)  Correct
0.341317 0.644094 0.841201 0.997606 0.596729 1.000000 0.000000 (0 , 0)  Correct
0.537595 0.818815 0.017567 0.550215 0.030313 1.000000 0.000000 (0 , 0)  Correct
0.147306 0.804721 0.112101 0.315777 0.184909 1.000000 0.000000 (0 , 0)  Correct
0.692427 0.188488 0.108193 0.788490 0.917544 1.000000 0.000000 (0 , 0)  Correct
0.541797 0.885342 0.709589 0.487321 0.157792 1.000000 0.000000 (0 , 0)  Correct
0.446568 0.239360 0.180917 0.537844 0.733890 0.000000 1.000000 (1 , 1)  Correct
0.347610 0.123661 0.537531 0.743835 0.980728 1.000000 0.000000 (0 , 0)  Correct
0.153527 0.634045 0.996199 0.044729 0.647850 0.000000 1.000000 (1 , 1)  Correct
0.041989 0.893464 0.442897 0.655536 0.926455 1.000000 0.000000 (0 , 0)  Correct
0.691831 0.310279 0.188904 0.381384 0.126833 0.000000 1.000000 (1 , 1)  Correct
0.824585 0.772408 0.584185 0.076973 0.083026 0.000000 1.000000 (1 , 1)  Correct
0.833673 0.935238 0.872112 0.414358 0.501772 0.000000 1.000000 (0 , 1)  Wrong  
0.263677 0.971551 0.710410 0.458573 0.622868 0.000000 1.000000 (1 , 1)  Correct
0.922273 0.155383 0.560726 0.216210 0.306241 0.000000 1.000000 (1 , 1)  Correct
0.220812 0.486353 0.932982 0.859831 0.795564 1.000000 0.000000 (0 , 0)  Correct
0.522056 0.811992 0.353404 0.518471 0.508652 1.000000 0.000000 (0 , 0)  Correct
0.457732 0.311084 0.783549 0.859059 0.571578 1.000000 0.000000 (0 , 0)  Correct
0.815066 0.613264 0.719381 0.657112 0.478969 1.000000 0.000000 (0 , 0)  Correct
0.099463 0.300185 0.143574 0.378036 0.179390 0.000000 1.000000 (1 , 1)  Correct
0.894944 0.076252 0.810098 0.807367 0.713503 1.000000 0.000000 (0 , 0)  Correct
0.035390 0.619130 0.473469 0.178010 0.370939 0.000000 1.000000 (1 , 1)  Correct
0.276770 0.337095 0.071148 0.592693 0.545945 0.000000 1.000000 (1 , 1)  Correct
0.572026 0.146555 0.828831 0.764373 0.317591 1.000000 0.000000 (0 , 0)  Correct
0.750133 0.663172 0.189333 0.689222 0.160466 1.000000 0.000000 (0 , 0)  Correct
0.165545 0.243600 0.729971 0.724906 0.886431 0.000000 1.000000 (1 , 1)  Correct
0.650728 0.824933 0.902623 0.645935 0.486184 1.000000 0.000000 (0 , 0)  Correct
0.812532 0.769381 0.113033 0.887386 0.419578 1.000000 0.000000 (0 , 0)  Correct
0.709946 0.387964 0.142887 0.396344 0.055477 0.000000 1.000000 (1 , 1)  Correct
0.049977 0.911412 0.514976 0.659784 1.018883 1.000000 0.000000 (0 , 0)  Correct
0.815548 0.833638 0.258924 0.859237 0.497478 1.000000 0.000000 (0 , 0)  Correct
0.886203 0.442398 0.931152 0.235020 0.130877 0.000000 1.000000 (1 , 1)  Correct
0.888232 0.866175 0.421637 0.229061 0.452447 0.000000 1.000000 (1 , 1)  Correct
