1 0 0 0.952322172262419 0.0476778277375813 0
0 1 1 0.599744124300115 0.400255875699885 0
1 0 0 0.884232741074617 0.115767258925382 0
0 1 1 0.263955571661502 0.736044428338498 1
1 0 0 0.965547214695484 0.0344527853045163 0
1 0 0 0.820057579914569 0.179942420085431 0
0 1 1 0.669258047548714 0.330741952451286 0
1 0 0 0.98521040579676 0.0147895942032404 0
1 0 0 0.997389621904684 0.0026103780953163 0
1 0 0 0.978999549382313 0.0210004506176865 0
0 1 1 0.108622760954261 0.891377239045739 1
1 0 0 0.962560347581794 0.0374396524182057 0
1 0 0 0.802921904095424 0.197078095904576 0
1 0 0 0.979642051708835 0.0203579482911645 0
0 1 1 0.614341068414738 0.385658931585262 0
1 0 0 0.997903975525423 0.00209602447457727 0
1 0 0 0.978694018920162 0.0213059810798383 0
0 1 1 0.293181101215792 0.706818898784208 1
1 0 0 0.940304795185671 0.0596952048143291 0
0 1 1 0.128957459157247 0.871042540842753 1
0 1 1 0.197069293596573 0.802930706403427 1
1 0 0 0.997057285418264 0.00294271458173608 0
1 0 0 0.965964448750474 0.0340355512495261 0
1 0 0 0.932261320698423 0.0677386793015771 0
0 1 1 0.154947008133443 0.845052991866557 1
1 0 0 0.883510360711669 0.116489639288331 0
0 1 1 0.534398883457592 0.465601116542408 0
1 0 0 0.959475878958775 0.0405241210412254 0
1 0 0 0.860065608444556 0.139934391555444 0
1 0 0 0.91743642202362 0.0825635779763803 0
1 0 0 0.986309342534066 0.0136906574659343 0
0 1 1 0.0025339764597498 0.99746602354025 1
1 0 0 0.934543017922526 0.0654569820774737 0
1 0 0 0.514651666820133 0.485348333179867 0
1 0 0 0.885818030618516 0.114181969381484 0
0 1 1 0.0147323355145892 0.985267664485411 1
0 1 1 0.580427022211081 0.419572977788919 0
0 1 1 0.0173366013350799 0.98266339866492 1
1 0 0 0.473960049752037 0.526039950247963 1
0 1 1 0.0199298544906909 0.980070145509309 1
0 1 1 0.0468956427897249 0.953104357210275 1
0 1 1 0.506427834645694 0.493572165354307 0
1 0 0 0.981744499467266 0.0182555005327341 0
0 1 1 0.203026233643333 0.796973766356667 1
0 1 1 0.116615637933206 0.883384362066794 1
1 0 0 0.998143814784459 0.00185618521554116 0
0 1 1 0.147176919270502 0.852823080729498 1
0 1 1 0.183884377294572 0.816115622705428 1
1 0 0 0.952702761279059 0.0472972387209407 0
0 1 1 0.0920231647736736 0.907976835226326 1
1 0 0 0.972727477073919 0.0272725229260808 0
0 1 1 0.260725509737194 0.739274490262806 1
1 0 0 0.361124488269039 0.638875511730961 1
1 0 0 0.682893165308362 0.317106834691638 0
0 1 1 0.254873536736794 0.745126463263206 1
0 1 1 0.132266201411483 0.867733798588517 1
1 0 0 0.860846029751108 0.139153970248892 0
0 1 1 0.00103169584782297 0.998968304152177 1
1 0 0 0.9811469126718 0.0188530873282004 0
1 0 0 0.78733549311483 0.21266450688517 0
0 1 1 0.0167020052844824 0.983297994715518 1
1 0 0 0.998533910128965 0.00146608987103542 0
0 1 1 0.134091254511227 0.865908745488773 1
1 0 0 0.665857789663424 0.334142210336576 0
1 0 0 0.721038026919756 0.278961973080244 0
1 0 0 0.99617826194369 0.00382173805631045 0
0 1 1 0.400947649533768 0.599052350466232 1
0 1 1 0.0326084307302427 0.967391569269757 1
1 0 0 0.834148214737414 0.165851785262586 0
0 1 1 0.060487408257702 0.939512591742298 1
0 1 1 0.00161997393458657 0.998380026065413 1
1 0 0 0.776971557998192 0.223028442001808 0
1 0 0 0.997866673224482 0.00213332677551759 0
0 1 1 0.00140761464586203 0.998592385354138 1
1 0 0 0.943688030617326 0.0563119693826743 0
0 1 1 0.10867659855991 0.89132340144009 1
0 1 1 0.00622698883699854 0.993773011163001 1
0 1 1 0.133084615638684 0.866915384361316 1
1 0 0 0.983809604462234 0.0161903955377659 0
1 0 0 0.80538107304598 0.19461892695402 0
0 1 1 0.0120679530046483 0.987932046995352 1
1 0 0 0.997778200367677 0.00222179963232331 0
1 0 0 0.660253794309986 0.339746205690014 0
1 0 0 0.995045640732331 0.0049543592676694 0
1 0 0 0.898617089612383 0.101382910387617 0
1 0 0 0.877937111258001 0.122062888741999 0
1 0 0 0.688387876916338 0.311612123083662 0
0 1 1 0.0346551214791619 0.965344878520838 1
0 1 1 0.146060218947672 0.853939781052328 1
1 0 0 0.846156607412375 0.153843392587625 0
1 0 0 0.791122756571276 0.208877243428724 0
1 0 0 0.894166806053677 0.105833193946323 0
0 1 1 0.465136594163518 0.534863405836482 1
0 1 1 0.0844339602696218 0.915566039730378 1
1 0 0 0.855550988962545 0.144449011037455 0
1 0 0 0.97154643958005 0.0284535604199502 0
1 0 0 0.947926530533673 0.0520734694663273 0
0 1 1 0.290921725631294 0.709078274368706 1
1 0 0 0.912565050602309 0.0874349493976911 0
1 0 0 0.402890874163864 0.597109125836136 1
0 1 1 0.0941598045921559 0.905840195407844 1
0 1 1 0.00449767743515708 0.995502322564843 1
1 0 0 0.870411711816481 0.12958828818352 0
0 1 1 0.410849637990754 0.589150362009246 1
1 0 0 0.0385196922584759 0.961480307741524 1
1 0 0 0.93675445235344 0.0632455476465602 0
1 0 0 0.666599864326334 0.333400135673666 0
1 0 0 0.944361195669581 0.0556388043304188 0
0 1 1 0.0403279150280614 0.959672084971939 1
1 0 0 0.932691782423511 0.0673082175764888 0
0 1 1 0.272050980560995 0.727949019439005 1
0 1 1 0.522691646014279 0.477308353985721 0
1 0 0 0.35416638483765 0.64583361516235 1
0 1 1 0.0548769563020028 0.945123043697997 1
1 0 0 0.874426220033632 0.125573779966368 0
1 0 0 0.934636264613926 0.0653637353860737 0
1 0 0 0.94018697919909 0.0598130208009096 0
0 1 1 0.148884210677772 0.851115789322228 1
0 1 1 0.482635634400022 0.517364365599978 1
1 0 0 0.982592432423892 0.0174075675761083 0
0 1 1 0.122689001867742 0.877310998132258 1
0 1 1 0.0636677728344019 0.936332227165598 1
1 0 0 0.928921539845141 0.0710784601548585 0
1 0 0 0.996918318966514 0.00308168103348589 0
1 0 0 0.98251106826107 0.0174889317389301 0
1 0 0 0.96182558246058 0.0381744175394205 0
0 1 1 0.160481739455696 0.839518260544304 1
0 1 1 0.00169498985652762 0.998305010143472 1
0 1 1 0.151863917786609 0.848136082213391 1
1 0 0 0.950990411882856 0.0490095881171441 0
1 0 0 0.638488405703237 0.361511594296763 0
1 0 0 0.670601364608975 0.329398635391025 0
0 1 1 0.0996648523839161 0.900335147616084 1
1 0 0 0.918386890146473 0.0816131098535273 0
1 0 0 0.79870286987981 0.20129713012019 0
1 0 0 0.963391561330703 0.0366084386692969 0
0 1 1 0.0138983718242266 0.986101628175774 1
0 1 1 0.0101849263305563 0.989815073669444 1
1 0 0 0.710531699757813 0.289468300242187 0
0 1 1 0.436542641868485 0.563457358131515 1
1 0 0 0.404488732927408 0.595511267072592 1
0 1 1 0.381783081700115 0.618216918299885 1
1 0 0 0.984823164908988 0.0151768350910121 0
0 1 1 0.130856448385228 0.869143551614772 1
0 1 1 0.00993624983732275 0.990063750162677 1
0 1 1 0.25140498802517 0.74859501197483 1
0 1 1 0.565166947792245 0.434833052207755 0
1 0 0 0.433934775072439 0.566065224927561 1
1 0 0 0.760583717272572 0.239416282727427 0
0 1 1 0.14093360681696 0.859066393183039 1
0 1 1 0.135454912307352 0.864545087692648 1
1 0 0 0.922114826605899 0.0778851733941008 0
0 1 1 0.243087317320131 0.756912682679869 1
0 1 1 0.0582777671701712 0.941722232829829 1
1 0 0 0.936340151425766 0.0636598485742336 0
1 0 0 0.450519744586061 0.549480255413939 1
0 1 1 0.0467368881134392 0.953263111886561 1
0 1 1 0.0985183261577671 0.901481673842233 1
1 0 0 0.99263767479944 0.00736232520056036 0
0 1 1 0.068823776107177 0.931176223892823 1
1 0 0 0.81940774817147 0.18059225182853 0
1 0 0 0.991921206732124 0.00807879326787587 0
0 1 1 0.00175525374047869 0.998244746259521 1
0 1 1 0.18503163944296 0.81496836055704 1
1 0 0 0.998927951268454 0.00107204873154603 0
0 1 1 0.0936363824794902 0.90636361752051 1
0 1 1 0.0340281578418684 0.965971842158132 1
0 1 1 0.0224400716441995 0.9775599283558 1
0 1 1 0.272807331761168 0.727192668238832 1
1 0 0 0.99805880526005 0.00194119473995 0
0 1 1 0.507887226790949 0.492112773209051 0
0 1 1 0.34697603914328 0.65302396085672 1
0 1 1 0.0229658778727598 0.97703412212724 1
0 1 1 0.386543672586518 0.613456327413482 1
1 0 0 0.997904209340895 0.00209579065910512 0
1 0 0 0.981033569305578 0.018966430694422 0
0 1 1 0.00810698952228543 0.991893010477715 1
1 0 0 0.87414907831173 0.125850921688271 0
0 1 1 0.573365853619519 0.426634146380481 0
1 0 0 0.594418042118016 0.405581957881984 0
1 0 0 0.55230227209902 0.44769772790098 0
1 0 0 0.996323745270265 0.00367625472973474 0
0 1 1 0.00959281220797079 0.990407187792029 1
0 1 1 0.0108224980090728 0.989177501990927 1
1 0 0 0.827780037304801 0.1722199626952 0
0 1 1 0.107501183160954 0.892498816839046 1
0 1 1 0.00447040375304395 0.995529596246956 1
1 0 0 0.997288712542403 0.00271128745759707 0
1 0 0 0.5556535788523 0.4443464211477 0
1 0 0 0.900708384076993 0.0992916159230069 0
1 0 0 0.803660397926557 0.196339602073443 0
1 0 0 0.534085299148686 0.465914700851314 0
1 0 0 0.54611587491327 0.45388412508673 0
0 1 1 0.0728705135294802 0.92712948647052 1
0 1 1 0.15924666520461 0.84075333479539 1
0 1 1 0.054233983388773 0.945766016611227 1
0 1 1 0.0351164741370121 0.964883525862988 1
1 0 0 0.984037947743225 0.015962052256775 0
1 0 0 0.590411637772129 0.409588362227871 0
0 1 1 0.0477434408749528 0.952256559125047 1
0 1 1 0.059681650230753 0.940318349769247 1
0 1 1 0.00162839778791199 0.998371602212088 1
0 1 1 0.381395795838874 0.618604204161126 1
1 0 0 0.885856248556737 0.114143751443263 0
1 0 0 0.912960879548655 0.0870391204513446 0
1 0 0 0.997729555243098 0.00227044475690212 0
1 0 0 0.703689163775205 0.296310836224795 0
1 0 0 0.800726819621128 0.199273180378872 0
1 0 0 0.996457625797396 0.00354237420260445 0
1 0 0 0.336524988427143 0.663475011572857 1
1 0 0 0.928525202523523 0.0714747974764765 0
1 0 0 0.999350431836821 0.00064956816317894 0
0 1 1 0.0262127829355377 0.973787217064462 1
0 1 1 0.343407866893875 0.656592133106124 1
1 0 0 0.774961024417274 0.225038975582726 0
0 1 1 0.102316897267549 0.897683102732451 1
1 0 0 0.989803681395895 0.010196318604105 0
1 0 0 0.385488007700925 0.614511992299075 1
1 0 0 0.921280453909488 0.0787195460905117 0
0 1 1 0.0137695345914858 0.986230465408514 1
1 0 0 0.996778753640592 0.00322124635940772 0
1 0 0 0.750898663591296 0.249101336408704 0
1 0 0 0.960977676633019 0.0390223233669805 0
1 0 0 0.926582382677395 0.0734176173226047 0
1 0 0 0.975979958409145 0.0240200415908551 0
0 1 1 0.00550192332704437 0.994498076672956 1
0 1 1 0.00472487121174052 0.995275128788259 1
1 0 0 0.901673981354675 0.0983260186453249 0
0 1 1 0.0684758851502055 0.931524114849794 1
1 0 0 0.51768262494073 0.48231737505927 0
0 1 1 0.118080095208079 0.881919904791921 1
0 1 1 0.296875252544142 0.703124747455858 1
0 1 1 0.00733790777482326 0.992662092225177 1
1 0 0 0.495088172742135 0.504911827257865 1
1 0 0 0.999333212201562 0.000666787798438406 0
0 1 1 0.160939300995077 0.839060699004923 1
0 1 1 0.0226617069332853 0.977338293066715 1
1 0 0 0.897119286411215 0.102880713588785 0
1 0 0 0.851784163683494 0.148215836316506 0
1 0 0 0.857523979701241 0.142476020298759 0
1 0 0 0.565293395251691 0.434706604748309 0
0 1 1 0.110625266503932 0.889374733496068 1
0 1 1 0.0580300437726943 0.941969956227306 1
1 0 0 0.995756490892442 0.00424350910755793 0
1 0 0 0.872898667210239 0.127101332789761 0
0 1 1 0.562927596228237 0.437072403771763 0
0 1 1 0.066828810096396 0.933171189903604 1
0 1 1 0.0138789303072034 0.986121069692797 1
1 0 0 0.221013999524078 0.778986000475922 1
1 0 0 0.804515725360299 0.195484274639701 0
0 1 1 0.0306671965992575 0.969332803400742 1
1 0 0 0.998979170546609 0.00102082945339128 0
0 1 1 0.314697380085178 0.685302619914822 1
1 0 0 0.946321237452565 0.053678762547435 0
0 1 1 0.384016459121457 0.615983540878543 1
1 0 0 0.688452985371546 0.311547014628454 0
0 1 1 0.00339841995742181 0.996601580042578 1
0 1 1 0.00791612836839451 0.992083871631605 1
1 0 0 0.781224169059377 0.218775830940623 0
0 1 1 0.179223510070038 0.820776489929962 1
0 1 1 0.556754714488009 0.443245285511991 0
0 1 1 0.274187522868152 0.725812477131848 1
1 0 0 0.897258091249998 0.102741908750002 0
0 1 1 0.00255507778880543 0.997444922211195 1
1 0 0 0.741703852895625 0.258296147104375 0
1 0 0 0.951729190397802 0.0482708096021978 0
1 0 0 0.619420317564574 0.380579682435426 0
1 0 0 0.875622411850761 0.124377588149239 0
0 1 1 0.113740352460279 0.886259647539721 1
1 0 0 0.960694477452278 0.039305522547722 0
1 0 0 0.994958076973525 0.00504192302647479 0
0 1 1 0.191453177174821 0.808546822825179 1
1 0 0 0.517296911943074 0.482703088056926 0
1 0 0 0.84353132428179 0.15646867571821 0
0 1 1 0.354946679401347 0.645053320598653 1
1 0 0 0.465019086408821 0.534980913591179 1
1 0 0 0.466456991039155 0.533543008960846 1
1 0 0 0.870116768583735 0.129883231416265 0
0 1 1 0.0745322769299001 0.9254677230701 1
1 0 0 0.818736923204308 0.181263076795692 0
0 1 1 0.374899428229815 0.625100571770185 1
1 0 0 0.804914179399785 0.195085820600215 0
1 0 0 0.979890169066649 0.0201098309333514 0
0 1 1 0.00591943259319968 0.9940805674068 1
0 1 1 0.227178031725281 0.772821968274719 1
0 1 1 0.0184405780528003 0.9815594219472 1
1 0 0 0.997057281427797 0.00294271857220312 0
0 1 1 0.148886365098057 0.851113634901943 1
0 1 1 0.00569654728250808 0.994303452717492 1
1 0 0 0.749993026448705 0.250006973551295 0
0 1 1 0.102739389522285 0.897260610477715 1
1 0 0 0.520514688418925 0.479485311581075 0
1 0 0 0.752719800599398 0.247280199400602 0
0 1 1 0.0607216023083054 0.939278397691695 1
1 0 0 0.976611392605616 0.0233886073943841 0
1 0 0 0.994177760005744 0.00582223999425582 0
1 0 0 0.51438291843262 0.48561708156738 0
0 1 1 0.135311186449638 0.864688813550362 1
1 0 0 0.952264761583479 0.0477352384165215 0
0 1 1 0.35259259822645 0.64740740177355 1
1 0 0 0.980375190367521 0.0196248096324786 0
0 1 1 0.005264067643059 0.994735932356941 1
0 1 1 0.00917562472992606 0.990824375270074 1
1 0 0 0.996164497761733 0.00383550223826666 0
1 0 0 0.92124787762739 0.0787521223726098 0
0 1 1 0.178348203602852 0.821651796397148 1
1 0 0 0.82783152280162 0.17216847719838 0
1 0 0 0.999382123591016 0.000617876408983838 0
0 1 1 0.0294769732577264 0.970523026742274 1
1 0 0 0.998422403578412 0.00157759642158786 0
0 1 1 0.183782068495565 0.816217931504435 1
0 1 1 0.0150070023500997 0.9849929976499 1
1 0 0 0.594417500117584 0.405582499882416 0
0 1 1 0.00214242680279981 0.9978575731972 1
1 0 0 0.255419406982885 0.744580593017115 1
0 1 1 0.721032867660203 0.278967132339797 0
0 1 1 0.145057393817212 0.854942606182788 1
1 0 0 0.531283268473684 0.468716731526316 0
1 0 0 0.550811861102007 0.449188138897993 0
1 0 0 0.99637438916278 0.00362561083722037 0
0 1 1 0.0877849818717407 0.912215018128259 1
0 1 1 0.061221305891354 0.938778694108646 1
1 0 0 0.702652688867878 0.297347311132122 0
0 1 1 0.0255571118757464 0.974442888124254 1
1 0 0 0.814325601550274 0.185674398449726 0
1 0 0 0.607868765957982 0.392131234042018 0
0 1 1 0.398619671071367 0.601380328928633 1
1 0 0 0.973968831685545 0.0260311683144554 0
1 0 0 0.985625265964314 0.0143747340356858 0
1 0 0 0.570767375528622 0.429232624471378 0
1 0 0 0.958181409652017 0.0418185903479827 0
1 0 0 0.898802456509628 0.101197543490372 0
0 1 1 0.0536867750428707 0.946313224957129 1
0 1 1 0.0374352872963002 0.9625647127037 1
1 0 0 0.51169254086815 0.48830745913185 0
0 1 1 0.247849549556791 0.752150450443209 1
0 1 1 0.00343833472815904 0.996561665271841 1
1 0 0 0.65969172873022 0.34030827126978 0
0 1 1 0.570868661257157 0.429131338742843 0
0 1 1 0.267586927180545 0.732413072819456 1
1 0 0 0.658475048435794 0.341524951564206 0
0 1 1 0.0658471890699728 0.934152810930027 1
0 1 1 0.331213504460046 0.668786495539954 1
0 1 1 0.00678978044719092 0.993210219552809 1
0 1 1 0.107678486384621 0.892321513615379 1
0 1 1 0.320443497602262 0.679556502397738 1
0 1 1 0.279029827809758 0.720970172190242 1
0 1 1 0.200124414173846 0.799875585826154 1
1 0 0 0.993569207920975 0.00643079207902495 0
1 0 0 0.988546093302855 0.0114539066971445 0
0 1 1 0.0152528320061934 0.984747167993807 1
1 0 0 0.984304348094759 0.0156956519052413 0
0 1 1 0.451806662489026 0.548193337510974 1
1 0 0 0.489866814100338 0.510133185899662 1
1 0 0 0.998301569519871 0.00169843048012909 0
1 0 0 0.42905618033587 0.57094381966413 1
1 0 0 0.911967434643061 0.0880325653569391 0
0 1 1 0.438023656747821 0.561976343252179 1
0 1 1 0.20042072982024 0.79957927017976 1
0 1 1 0.0811423699596581 0.918857630040342 1
0 1 1 0.716285790174094 0.283714209825906 0
0 1 1 0.105447421476579 0.894552578523421 1
1 0 0 0.972631761876633 0.0273682381233672 0
1 0 0 0.94023293525139 0.0597670647486104 0
1 0 0 0.818578479742243 0.181421520257758 0
1 0 0 0.635974571415521 0.364025428584479 0
1 0 0 0.514511701857937 0.485488298142063 0
0 1 1 0.0426854712142436 0.957314528785756 1
0 1 1 0.584564464607391 0.415435535392609 0
0 1 1 0.379264160862626 0.620735839137374 1
0 1 1 0.326866148965283 0.673133851034717 1
1 0 0 0.887539999599132 0.112460000400868 0
0 1 1 0.146722863990615 0.853277136009385 1
0 1 1 0.0544754475720258 0.945524552427974 1
1 0 0 0.572901283096371 0.427098716903629 0
0 1 1 0.0403856816984057 0.959614318301594 1
1 0 0 0.9996138034724 0.000386196527599829 0
1 0 0 0.833530928428096 0.166469071571904 0
1 0 0 0.532968495038 0.467031504962 0
1 0 0 0.724134102950155 0.275865897049845 0
1 0 0 0.652459365534708 0.347540634465292 0
0 1 1 0.225407869730457 0.774592130269543 1
1 0 0 0.724416016034632 0.275583983965368 0
0 1 1 0.0548850798870443 0.945114920112956 1
1 0 0 0.867406734476623 0.132593265523377 0
0 1 1 0.0310899871606096 0.96891001283939 1
0 1 1 0.185280246001561 0.814719753998439 1
0 1 1 0.575675098855401 0.424324901144599 0
0 1 1 0.396736096176124 0.603263903823876 1
0 1 1 0.0328724031341981 0.967127596865802 1
1 0 0 0.983976101002817 0.0160238989971835 0
1 0 0 0.828360956668314 0.171639043331686 0
1 0 0 0.71455138590281 0.28544861409719 0
1 0 0 0.987171725751504 0.0128282742484962 0
0 1 1 0.0254141362722288 0.974585863727771 1
1 0 0 0.702411319812915 0.297588680187085 0
0 1 1 0.149132427915564 0.850867572084436 1
0 1 1 0.249656686122433 0.750343313877567 1
1 0 0 0.621641294855822 0.378358705144178 0
1 0 0 0.985534269574374 0.0144657304256264 0
0 1 1 0.474805023558245 0.525194976441755 1
1 0 0 0.960904333941618 0.0390956660583814 0
1 0 0 0.992283348760303 0.00771665123969692 0
0 1 1 0.0422118981834479 0.957788101816552 1
1 0 0 0.860535147236835 0.139464852763165 0
1 0 0 0.980846018710492 0.0191539812895076 0
0 1 1 0.0073575995180733 0.992642400481927 1
0 1 1 0.253491047262294 0.746508952737706 1
