0 1 1 0.246990237909537 0.753009762090463 1
0 1 1 0.495307238065417 0.504692761934583 1
0 1 1 0.0619043177591716 0.938095682240829 1
0 1 1 0.283308027179655 0.716691972820345 1
1 0 0 0.973506516466826 0.026493483533174 0
0 1 1 0.321908896919803 0.678091103080197 1
1 0 0 0.951733606487066 0.0482663935129345 0
1 0 0 0.744505890532669 0.255494109467331 0
0 1 1 0.00702419818474666 0.992975801815253 1
0 1 1 0.353045955163627 0.646954044836373 1
0 1 1 0.0397276713990744 0.960272328600926 1
0 1 1 0.0688354676246885 0.931164532375311 1
0 1 1 0.00103943541030097 0.998960564589699 1
1 0 0 0.722913958175785 0.277086041824215 0
0 1 1 0.234630252489642 0.765369747510358 1
1 0 0 0.930542695843406 0.0694573041565938 0
0 1 1 0.00929618818275373 0.990703811817246 1
0 1 1 0.163195406312968 0.836804593687032 1
1 0 0 0.778611561673883 0.221388438326117 0
1 0 0 0.291431563697975 0.708568436302025 1
1 0 0 0.872717145661469 0.127282854338531 0
1 0 0 0.942852773061958 0.0571472269380421 0
1 0 0 0.993823335711949 0.00617666428805069 0
1 0 0 0.999111001573842 0.000888998426158235 0
1 0 0 0.580059311519899 0.419940688480101 0
0 1 1 0.00278739140227868 0.997212608597721 1
1 0 0 0.950644951555664 0.0493550484443363 0
0 1 1 0.664495490407183 0.335504509592817 0
1 0 0 0.773977172423655 0.226022827576345 0
1 0 0 0.98247125465149 0.0175287453485098 0
0 1 1 0.413872513701484 0.586127486298516 1
1 0 0 0.93373826279738 0.0662617372026197 0
1 0 0 0.587399480728518 0.412600519271482 0
0 1 1 0.179941760608633 0.820058239391367 1
0 1 1 0.00312536709447406 0.996874632905526 1
1 0 0 0.880250884691929 0.119749115308071 0
0 1 1 0.61803938313112 0.38196061686888 0
1 0 0 0.998950461731384 0.00104953826861572 0
1 0 0 0.969755101980318 0.0302448980196818 0
1 0 0 0.961709857469108 0.0382901425308918 0
1 0 0 0.789768985389794 0.210231014610206 0
0 1 1 0.248339921008659 0.751660078991341 1
1 0 0 0.935782331047637 0.0642176689523635 0
1 0 0 0.835519153901844 0.164480846098156 0
1 0 0 0.778995414430488 0.221004585569512 0
1 0 0 0.594802888234928 0.405197111765072 0
0 1 1 0.307907402220727 0.692092597779273 1
1 0 0 0.982908054993777 0.0170919450062234 0
0 1 1 0.0133365451886472 0.986663454811353 1
0 1 1 0.907974184537772 0.0920258154622282 0
1 0 0 0.313735698889935 0.686264301110065 1
1 0 0 0.668875858621475 0.331124141378525 0
1 0 0 0.401286735690238 0.598713264309762 1
1 0 0 0.987564432819724 0.0124355671802761 0
0 1 1 0.0477905803965496 0.95220941960345 1
0 1 1 0.307569985902124 0.692430014097876 1
1 0 0 0.974546946004255 0.0254530539957452 0
0 1 1 0.118294100770025 0.881705899229975 1
1 0 0 0.99522880101895 0.00477119898104971 0
1 0 0 0.97803759709366 0.0219624029063402 0
0 1 1 0.512612880631602 0.487387119368398 0
1 0 0 0.994054777511297 0.00594522248870314 0
1 0 0 0.867345501900738 0.132654498099262 0
1 0 0 0.913012353946275 0.0869876460537253 0
1 0 0 0.742462104212648 0.257537895787352 0
0 1 1 0.0156111366617902 0.98438886333821 1
0 1 1 0.264061850374434 0.735938149625566 1
0 1 1 0.0183778376331955 0.981622162366804 1
0 1 1 0.0579133652354564 0.942086634764544 1
0 1 1 0.0879475377123582 0.912052462287642 1
1 0 0 0.433465527840654 0.566534472159346 1
0 1 1 0.0658336952707093 0.934166304729291 1
0 1 1 0.0028010248215081 0.997198975178492 1
0 1 1 0.0339964895526705 0.966003510447329 1
0 1 1 0.0325467751098405 0.96745322489016 1
1 0 0 0.971365785150145 0.0286342148498554 0
1 0 0 0.991928912334439 0.00807108766556106 0
1 0 0 0.997657448194257 0.00234255180574313 0
0 1 1 0.123761143166617 0.876238856833383 1
0 1 1 0.101762131600619 0.898237868399381 1
0 1 1 0.0342174530963971 0.965782546903603 1
0 1 1 0.0154260959653157 0.984573904034684 1
1 0 0 0.819792721427107 0.180207278572893 0
1 0 0 0.772401122040385 0.227598877959615 0
0 1 1 0.00743046578131674 0.992569534218683 1
0 1 1 0.0478001976396405 0.95219980236036 1
0 1 1 0.107034859849261 0.892965140150739 1
0 1 1 0.0543721734581172 0.945627826541883 1
1 0 0 0.745676253659274 0.254323746340726 0
1 0 0 0.930487155600738 0.0695128443992625 0
0 1 1 0.227627340824912 0.772372659175088 1
1 0 0 0.969928384975136 0.0300716150248644 0
1 0 0 0.193668770315591 0.806331229684409 1
1 0 0 0.996571547825934 0.00342845217406653 0
0 1 1 0.189148826551741 0.810851173448259 1
0 1 1 0.256563767613959 0.743436232386042 1
1 0 0 0.745618635945246 0.254381364054754 0
0 1 1 0.089497872798302 0.910502127201698 1
1 0 0 0.990103024301594 0.00989697569840583 0
1 0 0 0.926653877845725 0.0733461221542749 0
1 0 0 0.9945134115529 0.00548658844710043 0
0 1 1 0.0674972773790575 0.932502722620942 1
1 0 0 0.97511553696155 0.0248844630384498 0
0 1 1 0.106295820424756 0.893704179575244 1
0 1 1 0.156902508513509 0.843097491486491 1
0 1 1 0.408366661513327 0.591633338486673 1
0 1 1 0.0756083023099204 0.92439169769008 1
1 0 0 0.980619280615686 0.0193807193843143 0
0 1 1 0.0456172737406662 0.954382726259334 1
0 1 1 0.250003915092356 0.749996084907644 1
0 1 1 0.247934455873665 0.752065544126336 1
0 1 1 0.0280043787450307 0.971995621254969 1
0 1 1 0.00129406669559421 0.998705933304406 1
0 1 1 0.0596864400291946 0.940313559970805 1
0 1 1 0.230018449705915 0.769981550294085 1
0 1 1 0.0202581821379215 0.979741817862078 1
0 1 1 0.0791073869958577 0.920892613004142 1
0 1 1 0.0560187539373465 0.943981246062653 1
1 0 0 0.999286431528285 0.000713568471715041 0
0 1 1 0.0731599265909687 0.926840073409031 1
0 1 1 0.0301490772093208 0.969850922790679 1
1 0 0 0.861125803215775 0.138874196784225 0
1 0 0 0.986804520980003 0.0131954790199969 0
1 0 0 0.990573683071353 0.00942631692864735 0
1 0 0 0.994004845181455 0.00599515481854532 0
1 0 0 0.633695569160124 0.366304430839876 0
0 1 1 0.0677916644931658 0.932208335506834 1
1 0 0 0.409656460563581 0.590343539436419 1
0 1 1 0.267782467511067 0.732217532488933 1
1 0 0 0.994048677075475 0.0059513229245254 0
0 1 1 0.18746558682708 0.81253441317292 1
1 0 0 0.831044884803128 0.168955115196872 0
0 1 1 0.136174959291733 0.863825040708267 1
0 1 1 0.284897221551957 0.715102778448043 1
1 0 0 0.998966221831103 0.00103377816889736 0
1 0 0 0.324782029453231 0.675217970546769 1
1 0 0 0.575770596372694 0.424229403627306 0
0 1 1 0.123655405911053 0.876344594088947 1
1 0 0 0.725516615132259 0.274483384867741 0
1 0 0 0.775837901248209 0.224162098751791 0
0 1 1 0.50273588937815 0.497264110621851 0
1 0 0 0.85861994420572 0.14138005579428 0
1 0 0 0.946619880404046 0.0533801195959543 0
1 0 0 0.982806935730002 0.0171930642699984 0
0 1 1 0.00134090041194207 0.998659099588058 1
0 1 1 0.0966220738921429 0.903377926107857 1
1 0 0 0.990869946289762 0.00913005371023792 0
1 0 0 0.994968540491889 0.0050314595081108 0
0 1 1 0.00694229086117292 0.993057709138827 1
0 1 1 0.0358189537088473 0.964181046291153 1
1 0 0 0.827283765714076 0.172716234285924 0
0 1 1 0.116628421975566 0.883371578024434 1
0 1 1 0.142561936110857 0.857438063889143 1
1 0 0 0.853526888691628 0.146473111308372 0
0 1 1 0.302586671379975 0.697413328620025 1
1 0 0 0.580137915841364 0.419862084158636 0
1 0 0 0.9944292230537 0.00557077694630013 0
1 0 0 0.461531710020842 0.538468289979158 1
1 0 0 0.996135566655631 0.0038644333443695 0
1 0 0 0.435599248765581 0.564400751234419 1
1 0 0 0.703965917964936 0.296034082035064 0
1 0 0 0.695698308406748 0.304301691593252 0
0 1 1 0.00667670681050257 0.993323293189498 1
1 0 0 0.865843927918646 0.134156072081355 0
0 1 1 0.00283269387676942 0.99716730612323 1
1 0 0 0.991439295284569 0.00856070471543101 0
1 0 0 0.936975527071016 0.0630244729289838 0
0 1 1 0.00559255167827879 0.994407448321721 1
0 1 1 0.389976178131138 0.610023821868862 1
0 1 1 0.355224772443116 0.644775227556884 1
0 1 1 0.0142272189670468 0.985772781032953 1
1 0 0 0.90716639804544 0.0928336019545595 0
1 0 0 0.998896646307099 0.00110335369290092 0
1 0 0 0.71899114446898 0.28100885553102 0
0 1 1 0.195536565165813 0.804463434834187 1
1 0 0 0.672078235791209 0.327921764208791 0
0 1 1 0.19882505016347 0.80117494983653 1
1 0 0 0.71132752299618 0.28867247700382 0
0 1 1 0.0503624174944924 0.949637582505508 1
1 0 0 0.985225160693494 0.014774839306506 0
1 0 0 0.996796314964443 0.00320368503555731 0
1 0 0 0.991151560902532 0.00884843909746815 0
1 0 0 0.996091400947939 0.00390859905206103 0
0 1 1 0.00360891509847654 0.996391084901524 1
1 0 0 0.589508328136393 0.410491671863607 0
0 1 1 0.0631602414713397 0.93683975852866 1
0 1 1 0.551675538211301 0.448324461788699 0
0 1 1 0.0810303911996787 0.918969608800321 1
0 1 1 0.00536908954872256 0.994630910451277 1
0 1 1 0.262126563908034 0.737873436091966 1
1 0 0 0.805858698513738 0.194141301486262 0
0 1 1 0.371531183483322 0.628468816516678 1
0 1 1 0.0696958855799519 0.930304114420048 1
1 0 0 0.999493870267367 0.000506129732632905 0
0 1 1 0.0190032943096074 0.980996705690393 1
0 1 1 0.0273150674174421 0.972684932582558 1
1 0 0 0.915367278105529 0.0846327218944713 0
0 1 1 0.0101949015766549 0.989805098423345 1
1 0 0 0.999088751848926 0.000911248151074386 0
0 1 1 0.00661649973892756 0.993383500261072 1
1 0 0 0.973919395666244 0.0260806043337556 0
1 0 0 0.855913397965653 0.144086602034347 0
0 1 1 0.485980144093945 0.514019855906055 1
0 1 1 0.0433315477739467 0.956668452226053 1
0 1 1 0.431478957539828 0.568521042460172 1
1 0 0 0.795413349201728 0.204586650798272 0
0 1 1 0.351056021804209 0.648943978195791 1
0 1 1 0.34205785033348 0.65794214966652 1
0 1 1 0.0896411287737443 0.910358871226256 1
1 0 0 0.715504306811755 0.284495693188245 0
0 1 1 0.167488282096209 0.832511717903791 1
0 1 1 0.267624824350208 0.732375175649792 1
1 0 0 0.450340714648319 0.549659285351681 1
0 1 1 0.692453453709858 0.307546546290142 0
0 1 1 0.582161077182094 0.417838922817906 0
0 1 1 0.0959659542490798 0.90403404575092 1
0 1 1 0.120795859147659 0.879204140852341 1
0 1 1 0.429654488561217 0.570345511438783 1
1 0 0 0.992605220776375 0.00739477922362535 0
1 0 0 0.918827893557217 0.0811721064427835 0
0 1 1 0.00129949966920497 0.998700500330795 1
0 1 1 0.141837638169256 0.858162361830744 1
1 0 0 0.713735759588346 0.286264240411654 0
0 1 1 0.0530586546426044 0.946941345357395 1
0 1 1 0.295390028134083 0.704609971865917 1
0 1 1 0.101372284650999 0.898627715349001 1
0 1 1 0.492000161762808 0.507999838237192 1
1 0 0 0.262568435100905 0.737431564899095 1
0 1 1 0.00995504220270904 0.990044957797291 1
0 1 1 0.602625083410119 0.397374916589881 0
0 1 1 0.0412962587616464 0.958703741238354 1
1 0 0 0.665375892867673 0.334624107132327 0
1 0 0 0.997553900347734 0.00244609965226616 0
0 1 1 0.0184121465651314 0.981587853434869 1
1 0 0 0.831176323509863 0.168823676490137 0
0 1 1 0.413779871106162 0.586220128893838 1
0 1 1 0.0119724722017033 0.988027527798297 1
0 1 1 0.0210181472438319 0.978981852756168 1
0 1 1 0.0193938699631838 0.980606130036816 1
0 1 1 0.285908477616167 0.714091522383833 1
1 0 0 0.854946423375822 0.145053576624178 0
0 1 1 0.481973578374791 0.518026421625209 1
0 1 1 0.293342484099816 0.706657515900184 1
0 1 1 0.0489537041483048 0.951046295851695 1
0 1 1 0.00209776125651616 0.997902238743484 1
1 0 0 0.894503227945892 0.105496772054108 0
0 1 1 0.262939170762131 0.737060829237869 1
0 1 1 0.238233396450758 0.761766603549242 1
1 0 0 0.995477717171425 0.00452228282857469 0
1 0 0 0.989793545044134 0.0102064549558663 0
1 0 0 0.997184569490357 0.00281543050964344 0
1 0 0 0.967077324870752 0.0329226751292477 0
1 0 0 0.941508560898226 0.0584914391017739 0
0 1 1 0.0764772147744431 0.923522785225557 1
0 1 1 0.370398151481881 0.629601848518119 1
1 0 0 0.655451677339468 0.344548322660532 0
1 0 0 0.825246551840551 0.174753448159449 0
1 0 0 0.992943483122561 0.00705651687743856 0
1 0 0 0.851286748483175 0.148713251516825 0
1 0 0 0.958971300291606 0.041028699708394 0
0 1 1 0.327681552197751 0.672318447802249 1
0 1 1 0.408238171358109 0.591761828641891 1
1 0 0 0.869815921368249 0.130184078631751 0
1 0 0 0.607715573927613 0.392284426072387 0
0 1 1 0.335330271255217 0.664669728744783 1
1 0 0 0.518885322764094 0.481114677235906 0
1 0 0 0.871279862370281 0.128720137629719 0
0 1 1 0.143511404092555 0.856488595907445 1
0 1 1 0.324159147801422 0.675840852198578 1
1 0 0 0.842276263247426 0.157723736752574 0
1 0 0 0.98852990309431 0.01147009690569 0
0 1 1 0.0558828758476918 0.944117124152308 1
0 1 1 0.298435154589735 0.701564845410265 1
0 1 1 0.325403979863141 0.674596020136859 1
0 1 1 0.0246571525425453 0.975342847457455 1
1 0 0 0.99715273782283 0.00284726217716958 0
0 1 1 0.0342855941145448 0.965714405885455 1
0 1 1 0.357760912852295 0.642239087147705 1
0 1 1 0.114480977103788 0.885519022896212 1
0 1 1 0.105939690742038 0.894060309257962 1
1 0 0 0.64824484783919 0.35175515216081 0
0 1 1 0.441828802574686 0.558171197425314 1
1 0 0 0.726382441893156 0.273617558106844 0
1 0 0 0.66345174595237 0.33654825404763 0
0 1 1 0.0199625572086687 0.980037442791331 1
1 0 0 0.947251368293567 0.0527486317064333 0
1 0 0 0.994394129238776 0.00560587076122371 0
1 0 0 0.904251763726614 0.0957482362733865 0
1 0 0 0.872836852077352 0.127163147922648 0
0 1 1 0.1715186032765 0.8284813967235 1
1 0 0 0.726521014812063 0.273478985187937 0
0 1 1 0.432924313085293 0.567075686914707 1
1 0 0 0.896415640264662 0.103584359735338 0
0 1 1 0.0420285560149667 0.957971443985033 1
1 0 0 0.932559230975429 0.0674407690245713 0
1 0 0 0.857811126344143 0.142188873655857 0
0 1 1 0.127531415311315 0.872468584688685 1
1 0 0 0.916876288258855 0.0831237117411449 0
1 0 0 0.938079225526999 0.0619207744730007 0
1 0 0 0.938509942078933 0.0614900579210666 0
0 1 1 0.346237657482525 0.653762342517475 1
1 0 0 0.998595464150952 0.0014045358490477 0
1 0 0 0.976000202715501 0.0239997972844984 0
0 1 1 0.156597779127791 0.843402220872209 1
0 1 1 0.112061433852559 0.887938566147441 1
0 1 1 0.091934120763286 0.908065879236714 1
0 1 1 0.0670044380789665 0.932995561921033 1
1 0 0 0.81158720831789 0.18841279168211 0
0 1 1 0.112007646383026 0.887992353616974 1
0 1 1 0.0508889558630941 0.949111044136906 1
1 0 0 0.778228440941134 0.221771559058866 0
0 1 1 0.130844912176855 0.869155087823145 1
0 1 1 0.0344107746024201 0.96558922539758 1
1 0 0 0.992453817462462 0.00754618253753801 0
0 1 1 0.000800466279553942 0.999199533720446 1
0 1 1 0.0713974433859437 0.928602556614056 1
0 1 1 0.069123303242714 0.930876696757286 1
0 1 1 0.72559314176461 0.27440685823539 0
1 0 0 0.992496494567228 0.00750350543277168 0
0 1 1 0.596919835326569 0.403080164673431 0
1 0 0 0.967413554163546 0.0325864458364536 0
1 0 0 0.913584163307512 0.0864158366924875 0
1 0 0 0.958291407445023 0.0417085925549765 0
1 0 0 0.764464706497506 0.235535293502494 0
1 0 0 0.987718866858214 0.0122811331417857 0
0 1 1 0.136042310674051 0.863957689325949 1
0 1 1 0.108078891668765 0.891921108331235 1
1 0 0 0.985344754381435 0.0146552456185646 0
0 1 1 0.0361777983584526 0.963822201641548 1
0 1 1 0.19849650326943 0.801503496730571 1
1 0 0 0.971632588540728 0.0283674114592721 0
1 0 0 0.998597140931405 0.00140285906859493 0
0 1 1 0.351751284722286 0.648248715277714 1
1 0 0 0.723592767251212 0.276407232748788 0
1 0 0 0.931782715855919 0.0682172841440805 0
1 0 0 0.842133567602328 0.157866432397672 0
0 1 1 0.0919669990743071 0.908033000925693 1
0 1 1 0.0884430972040865 0.911556902795913 1
1 0 0 0.819998956902219 0.180001043097781 0
0 1 1 0.00183056871449008 0.99816943128551 1
1 0 0 0.37281267027211 0.62718732972789 1
1 0 0 0.764098721271901 0.235901278728099 0
0 1 1 0.0208042942369301 0.97919570576307 1
1 0 0 0.846894837429959 0.153105162570041 0
0 1 1 0.865286138496645 0.134713861503355 0
0 1 1 0.0116198960360009 0.988380103963999 1
1 0 0 0.931481524163449 0.0685184758365511 0
1 0 0 0.606938443943566 0.393061556056434 0
0 1 1 0.138321263406409 0.861678736593591 1
0 1 1 0.3228351980694 0.6771648019306 1
1 0 0 0.253496815950158 0.746503184049842 1
1 0 0 0.550679933983061 0.449320066016939 0
0 1 1 0.140121092799155 0.859878907200845 1
1 0 0 0.816140751148713 0.183859248851287 0
0 1 1 0.16045209836813 0.83954790163187 1
1 0 0 0.999446414418028 0.00055358558197206 0
1 0 0 0.990307612500739 0.00969238749926071 0
1 0 0 0.987693622058449 0.0123063779415509 0
0 1 1 0.0519888096772247 0.948011190322775 1
0 1 1 0.498605857297691 0.501394142702309 1
0 1 1 0.579991717120169 0.420008282879831 0
0 1 1 0.651940269418218 0.348059730581782 0
1 0 0 0.503240275427273 0.496759724572727 0
1 0 0 0.820895231184083 0.179104768815917 0
1 0 0 0.464448220217167 0.535551779782833 1
0 1 1 0.130214184346144 0.869785815653856 1
1 0 0 0.624277425766611 0.375722574233389 0
1 0 0 0.593553619705584 0.406446380294416 0
0 1 1 0.00414485347776034 0.99585514652224 1
0 1 1 0.00616939951801696 0.993830600481983 1
0 1 1 0.0572650140341335 0.942734985965867 1
0 1 1 0.0755085689656594 0.924491431034341 1
0 1 1 0.142366305832565 0.857633694167435 1
1 0 0 0.90477548136813 0.0952245186318698 0
0 1 1 0.013419271039903 0.986580728960097 1
1 0 0 0.956023351214479 0.0439766487855212 0
0 1 1 0.0378113137968346 0.962188686203165 1
0 1 1 0.00183818000198646 0.998161819998014 1
1 0 0 0.963058988595301 0.0369410114046993 0
1 0 0 0.635098927743512 0.364901072256488 0
0 1 1 0.0124683423787819 0.987531657621218 1
1 0 0 0.631923308924223 0.368076691075777 0
1 0 0 0.417845248994587 0.582154751005413 1
0 1 1 0.734057479440755 0.265942520559245 0
1 0 0 0.990725907909562 0.00927409209043801 0
0 1 1 0.145257089366311 0.854742910633689 1
1 0 0 0.630720605737653 0.369279394262347 0
1 0 0 0.663355485136791 0.336644514863209 0
0 1 1 0.01074523940136 0.98925476059864 1
0 1 1 0.495212804709772 0.504787195290228 1
0 1 1 0.0370595494210534 0.962940450578947 1
0 1 1 0.215127845993257 0.784872154006743 1
0 1 1 0.385692243430012 0.614307756569988 1
0 1 1 0.107912520841326 0.892087479158674 1
0 1 1 0.405327534599893 0.594672465400107 1
0 1 1 0.0692896952229152 0.930710304777085 1
0 1 1 0.699411321838698 0.300588678161302 0
0 1 1 0.00188982666570551 0.998110173334294 1
0 1 1 0.0042502694917678 0.995749730508232 1
1 0 0 0.998962814602257 0.00103718539774333 0
1 0 0 0.863100903779656 0.136899096220344 0
0 1 1 0.0325286639393163 0.967471336060684 1
0 1 1 0.0270081420733294 0.972991857926671 1
0 1 1 0.330845337786367 0.669154662213633 1
0 1 1 0.0483963367890191 0.951603663210981 1
1 0 0 0.895909553213677 0.104090446786323 0
0 1 1 0.157935849150138 0.842064150849862 1
