0.338177 0.825905 0.456404 0.200166 0.178517 0.000000 1.000000 (1 , 1)  Correct
0.467285 0.204685 0.107918 0.674617 0.637093 0.000000 1.000000 (1 , 1)  Correct
0.090925 0.327632 0.532411 0.452857 0.064686 0.000000 1.000000 (1 , 1)  Correct
0.214927 0.079189 0.392730 0.335064 0.494797 0.000000 1.000000 (1 , 1)  Correct
0.324883 0.944950 0.664059 0.953185 0.678013 1.000000 0.000000 (0 , 0)  Correct
0.872962 0.149693 0.256642 0.521537 0.595560 0.000000 1.000000 (1 , 1)  Correct
0.851209 0.036088 0.322929 0.996746 0.377133 1.000000 0.000000 (0 , 0)  Correct
0.651804 0.116513 0.054065 0.733548 0.680289 1.000000 0.000000 (0 , 0)  Correct
0.077222 0.306374 0.019215 0.218801 0.612274 0.000000 1.000000 (1 , 1)  Correct
0.930486 0.771952 0.298619 0.227698 0.072732 0.000000 1.000000 (1 , 1)  Correct
0.765163 0.184348 0.028491 0.286909 0.218102 0.000000 1.000000 (1 , 1)  Correct
0.410684 0.910729 0.457703 0.047586 0.626939 0.000000 1.000000 (1 , 1)  Correct
0.436506 0.322771 0.626244 0.007344 0.034094 0.000000 1.000000 (1 , 1)  Correct
0.554055 0.869192 0.789497 0.485490 0.125414 1.000000 0.000000 (0 , 0)  Correct
0.888229 0.198935 0.414013 0.561248 0.978880 0.000000 1.000000 (1 , 1)  Correct
0.132854 0.478514 0.388403 0.679337 0.688485 1.000000 0.000000 (0 , 0)  Correct
0.487124 0.261950 0.963183 0.237087 0.365904 0.000000 1.000000 (1 , 1)  Correct
0.897768 0.972286 0.219374 0.367786 0.461475 0.000000 1.000000 (1 , 1)  Correct
0.767296 0.058864 0.314287 0.707578 0.985720 1.000000 0.000000 (0 , 0)  Correct
0.989526 0.837570 0.411549 0.251227 0.076656 1.000000 0.000000 (1 , 0)  Wrong  
0.549739 0.289696 0.324053 0.908509 0.628947 1.000000 0.000000 (0 , 0)  Correct
0.696991 0.694357 0.160276 0.569413 0.012797 1.000000 0.000000 (0 , 0)  Correct
0.028230 0.523841 0.598988 0.803539 0.693576 1.000000 0.000000 (0 , 0)  Correct
0.236815 0.556184 0.410026 0.935484 0.397428 1.000000 0.000000 (0 , 0)  Correct
0.970740 0.160943 0.974448 0.899556 0.717006 1.000000 0.000000 (0 , 0)  Correct
0.584096 0.459046 0.796585 0.103964 0.551526 0.000000 1.000000 (1 , 1)  Correct
0.884055 0.630365 0.165370 0.543574 0.251726 1.000000 0.000000 (0 , 0)  Correct
0.645165 0.982383 0.887108 0.529944 0.842991 0.000000 1.000000 (0 , 1)  Wrong  
0.505857 0.357366 0.583988 0.802045 0.136181 1.000000 0.000000 (0 , 0)  Correct
0.376384 0.652360 0.823663 0.605262 0.998147 1.000000 0.000000 (0 , 0)  Correct
0.987198 0.550056 0.393836 0.340599 0.311186 0.000000 1.000000 (1 , 1)  Correct
0.288098 0.025456 0.583533 0.869881 0.378433 1.000000 0.000000 (0 , 0)  Correct
0.106336 0.265357 0.869894 0.833103 1.109057 1.000000 0.000000 (0 , 0)  Correct
0.567109 0.123407 0.055900 0.422507 0.022386 0.000000 1.000000 (1 , 1)  Correct
0.448874 0.300428 0.117735 0.136004 0.285535 0.000000 1.000000 (1 , 1)  Correct
0.002199 0.433670 0.672973 0.745308 0.965534 1.000000 0.000000 (0 , 0)  Correct
0.364868 0.206250 0.581194 0.754377 0.332867 0.000000 1.000000 (0 , 1)  Wrong  
0.286006 0.711163 0.619444 0.913233 1.059363 1.000000 0.000000 (0 , 0)  Correct
0.308545 0.729749 0.729767 0.591987 0.391098 1.000000 0.000000 (0 , 0)  Correct
0.066150 0.025532 0.099033 0.982564 0.639725 1.000000 0.000000 (0 , 0)  Correct
0.202791 0.635263 0.613169 0.389950 0.460893 1.000000 0.000000 (0 , 0)  Correct
0.632205 0.237303 0.285335 0.560991 0.615778 0.000000 1.000000 (1 , 1)  Correct
0.858026 0.631695 0.622715 0.480420 0.707890 1.000000 0.000000 (0 , 0)  Correct
0.085367 0.914009 0.916065 0.617881 0.389082 1.000000 0.000000 (0 , 0)  Correct
0.838720 0.858329 0.270519 0.554753 0.612407 1.000000 0.000000 (0 , 0)  Correct
0.406732 0.238941 0.824764 0.836180 0.843671 1.000000 0.000000 (0 , 0)  Correct
0.901796 0.609168 0.288438 0.238099 0.116465 0.000000 1.000000 (1 , 1)  Correct
0.843266 0.740927 0.059850 0.767963 0.162830 1.000000 0.000000 (0 , 0)  Correct
0.681206 0.121709 0.758477 0.036051 0.031694 0.000000 1.000000 (1 , 1)  Correct
0.683156 0.428204 0.332620 0.722712 0.880340 0.000000 1.000000 (0 , 1)  Wrong  
0.411660 0.005769 0.519056 0.253314 0.416885 1.000000 0.000000 (1 , 0)  Wrong  
0.992554 0.400371 0.468480 0.682943 0.980100 1.000000 0.000000 (0 , 0)  Correct
0.237713 0.733789 0.127063 0.209667 0.396808 1.000000 0.000000 (1 , 0)  Wrong  
0.156132 0.853163 0.648254 0.841731 1.002030 1.000000 0.000000 (0 , 0)  Correct
0.079791 0.924963 0.449189 0.015227 0.504894 0.000000 1.000000 (1 , 1)  Correct
0.842579 0.259754 0.223261 0.608514 0.877353 0.000000 1.000000 (1 , 1)  Correct
0.717664 0.629990 0.820090 0.597816 0.149600 1.000000 0.000000 (0 , 0)  Correct
0.028260 0.754841 0.212672 0.024637 0.292481 0.000000 1.000000 (1 , 1)  Correct
0.217483 0.675206 0.021240 0.771632 1.054690 1.000000 0.000000 (0 , 0)  Correct
0.392176 0.473371 0.598885 0.791320 0.713559 1.000000 0.000000 (0 , 0)  Correct
0.587868 0.244233 0.270900 0.704212 0.642217 0.000000 1.000000 (0 , 1)  Wrong  
0.826267 0.810104 0.719310 0.894430 0.371678 1.000000 0.000000 (0 , 0)  Correct
0.103156 0.921061 0.033591 0.718955 0.335315 1.000000 0.000000 (0 , 0)  Correct
0.256144 0.509347 0.584615 0.624453 0.582881 1.000000 0.000000 (0 , 0)  Correct
0.290997 0.007892 0.986478 0.639552 0.250202 1.000000 0.000000 (0 , 0)  Correct
0.943737 0.232586 0.603413 0.241242 0.337718 0.000000 1.000000 (1 , 1)  Correct
0.147726 0.071143 0.705361 0.348128 0.640020 0.000000 1.000000 (1 , 1)  Correct
0.532129 0.176527 0.654083 0.151503 0.441200 0.000000 1.000000 (1 , 1)  Correct
0.878585 0.242865 0.940542 0.506441 0.451605 0.000000 1.000000 (1 , 1)  Correct
0.384334 0.614788 0.935340 0.121976 0.442364 0.000000 1.000000 (1 , 1)  Correct
0.895765 0.012768 0.546135 0.443806 0.763518 1.000000 0.000000 (1 , 0)  Wrong  
0.387213 0.531446 0.177368 0.227551 0.310896 0.000000 1.000000 (1 , 1)  Correct
0.778285 0.299370 0.432927 0.080515 0.730502 0.000000 1.000000 (1 , 1)  Correct
0.782276 0.996024 0.178712 0.097308 0.059135 0.000000 1.000000 (1 , 1)  Correct
0.799850 0.301190 0.042614 0.359731 0.517319 0.000000 1.000000 (1 , 1)  Correct
0.212115 0.359645 0.285602 0.949527 0.883000 1.000000 0.000000 (0 , 0)  Correct
0.476651 0.585387 0.970425 0.762690 0.754068 1.000000 0.000000 (0 , 0)  Correct
0.750874 0.803530 0.624696 0.972049 0.902249 1.000000 0.000000 (0 , 0)  Correct
0.021143 0.273338 0.908091 0.513828 0.063514 0.000000 1.000000 (1 , 1)  Correct
0.596246 0.249466 0.471342 0.468904 0.001359 0.000000 1.000000 (1 , 1)  Correct
0.249377 0.425847 0.347799 0.318303 0.709454 0.000000 1.000000 (1 , 1)  Correct
0.921643 0.216921 0.649318 0.253656 0.825902 0.000000 1.000000 (1 , 1)  Correct
0.003662 0.029941 0.653462 0.635484 0.299195 1.000000 0.000000 (0 , 0)  Correct
0.746749 0.733516 0.495392 0.368844 0.341397 1.000000 0.000000 (0 , 0)  Correct
0.075145 0.181688 0.343527 0.039259 0.145949 0.000000 1.000000 (1 , 1)  Correct
0.742000 0.065375 0.506600 0.082996 0.222501 0.000000 1.000000 (1 , 1)  Correct
0.832358 0.406531 0.959846 0.567298 0.890285 0.000000 1.000000 (1 , 1)  Correct
0.112814 0.653602 0.993604 0.001458 0.690509 0.000000 1.000000 (1 , 1)  Correct
0.176248 0.848654 0.487725 0.510989 0.375373 1.000000 0.000000 (0 , 0)  Correct
0.213738 0.005857 0.729102 0.838269 0.278584 1.000000 0.000000 (0 , 0)  Correct
0.125328 0.884174 0.278268 0.249521 0.299849 0.000000 1.000000 (1 , 1)  Correct
0.793017 0.479430 0.219048 0.709780 0.639252 1.000000 0.000000 (0 , 0)  Correct
0.703671 0.609820 0.895566 0.187648 0.759240 1.000000 0.000000 (1 , 0)  Wrong  
0.486291 0.810425 0.358287 0.963379 0.986515 1.000000 0.000000 (0 , 0)  Correct
0.840404 0.892436 0.639073 0.209930 0.034478 0.000000 1.000000 (1 , 1)  Correct
0.415685 0.815341 0.137227 0.181896 0.782564 0.000000 1.000000 (1 , 1)  Correct
0.647217 0.077308 0.493164 0.692496 0.236188 1.000000 0.000000 (0 , 0)  Correct
0.021412 0.178988 0.963204 0.392155 0.672487 0.000000 1.000000 (1 , 1)  Correct
0.595693 0.495086 0.250294 0.764864 0.889728 1.000000 0.000000 (0 , 0)  Correct
0.276786 0.741940 0.803777 0.457357 0.820756 1.000000 0.000000 (0 , 0)  Correct
0.454574 0.495838 0.005841 0.829998 0.658597 1.000000 0.000000 (0 , 0)  Correct
0.748751 0.009930 0.676282 0.107559 0.695128 0.000000 1.000000 (1 , 1)  Correct
0.847248 0.401119 0.712668 0.982459 1.141967 1.000000 0.000000 (0 , 0)  Correct
0.234327 0.901797 0.463686 0.142826 0.276174 0.000000 1.000000 (1 , 1)  Correct
0.899678 0.906016 0.741982 0.108191 0.279469 0.000000 1.000000 (1 , 1)  Correct
0.040169 0.822508 0.006945 0.239484 0.302199 0.000000 1.000000 (1 , 1)  Correct
0.484138 0.176176 0.691596 0.362616 0.779652 0.000000 1.000000 (1 , 1)  Correct
0.063255 0.384460 0.595551 0.976610 0.905633 1.000000 0.000000 (0 , 0)  Correct
0.383773 0.327887 0.499774 0.415303 0.103525 0.000000 1.000000 (1 , 1)  Correct
0.465761 0.235812 0.099894 0.547761 0.863739 0.000000 1.000000 (1 , 1)  Correct
0.275826 0.782143 0.217406 0.153390 0.011729 0.000000 1.000000 (1 , 1)  Correct
0.640620 0.198242 0.810216 0.267588 0.103940 0.000000 1.000000 (1 , 1)  Correct
0.658754 0.362462 0.806371 0.064076 0.212481 0.000000 1.000000 (1 , 1)  Correct
0.312501 0.516489 0.563804 0.243200 0.763729 0.000000 1.000000 (1 , 1)  Correct
0.786209 0.435777 0.584218 0.490446 0.476398 0.000000 1.000000 (1 , 1)  Correct
0.191617 0.151891 0.302307 0.073587 0.651557 0.000000 1.000000 (1 , 1)  Correct
0.050600 0.593216 0.341126 0.141527 0.720502 0.000000 1.000000 (1 , 1)  Correct
0.007667 0.916372 0.298372 0.028176 0.392211 0.000000 1.000000 (1 , 1)  Correct
0.484337 0.701107 0.701162 0.995393 0.217301 1.000000 0.000000 (0 , 0)  Correct
0.516871 0.536144 0.240117 0.200887 0.772390 0.000000 1.000000 (1 , 1)  Correct
0.134945 0.591243 0.457492 0.098490 0.156113 0.000000 1.000000 (1 , 1)  Correct
0.187964 0.176852 0.561488 0.915773 0.297693 1.000000 0.000000 (0 , 0)  Correct
0.536591 0.784070 0.413268 0.796289 0.478877 1.000000 0.000000 (0 , 0)  Correct
0.610787 0.539207 0.473634 0.755204 0.112091 1.000000 0.000000 (0 , 0)  Correct
0.091877 0.715397 0.788150 0.723175 0.915901 1.000000 0.000000 (0 , 0)  Correct
0.564764 0.923618 0.483119 0.596722 0.045982 1.000000 0.000000 (0 , 0)  Correct
0.323034 0.193168 0.620237 0.330038 0.004276 0.000000 1.000000 (1 , 1)  Correct
0.297108 0.664846 0.398823 0.225457 0.485512 1.000000 0.000000 (1 , 0)  Wrong  
0.275188 0.879700 0.231969 0.277138 0.089167 0.000000 1.000000 (1 , 1)  Correct
0.799843 0.798984 0.221759 0.965623 0.330983 1.000000 0.000000 (0 , 0)  Correct
0.905799 0.088142 0.931021 0.464245 0.214292 0.000000 1.000000 (1 , 1)  Correct
0.678111 0.781178 0.559270 0.478894 0.074511 1.000000 0.000000 (0 , 0)  Correct
0.024226 0.980880 0.240112 0.297427 0.622124 0.000000 1.000000 (1 , 1)  Correct
0.458672 0.027759 0.828175 0.394880 0.845792 0.000000 1.000000 (1 , 1)  Correct
0.225746 0.544081 0.571341 0.930156 0.382020 1.000000 0.000000 (0 , 0)  Correct
0.827204 0.413648 0.771373 0.598802 0.422542 1.000000 0.000000 (1 , 0)  Wrong  
0.256859 0.190778 0.944231 0.763235 0.116226 1.000000 0.000000 (0 , 0)  Correct
0.539313 0.666852 0.670469 0.039910 0.639098 0.000000 1.000000 (1 , 1)  Correct
0.642482 0.134391 0.458160 0.774587 0.866920 1.000000 0.000000 (0 , 0)  Correct
0.306502 0.592262 0.916978 0.444761 0.555669 1.000000 0.000000 (0 , 0)  Correct
0.244619 0.526364 0.834711 0.462765 0.328720 0.000000 1.000000 (0 , 1)  Wrong  
0.141412 0.344084 0.488111 0.843923 0.936029 1.000000 0.000000 (0 , 0)  Correct
0.016641 0.705813 0.072265 0.539333 0.845815 1.000000 0.000000 (0 , 0)  Correct
0.070233 0.496559 0.140482 0.795376 0.139531 1.000000 0.000000 (0 , 0)  Correct
0.173165 0.411345 0.963639 0.076017 0.104274 0.000000 1.000000 (1 , 1)  Correct
0.237940 0.036759 0.975866 0.164077 0.070508 0.000000 1.000000 (1 , 1)  Correct
0.902318 0.416390 0.151499 0.930979 0.221919 1.000000 0.000000 (0 , 0)  Correct
0.022818 0.736143 0.105898 0.853394 0.847041 1.000000 0.000000 (0 , 0)  Correct
0.954292 0.427630 0.748543 0.219268 0.146212 0.000000 1.000000 (1 , 1)  Correct
0.276525 0.989635 0.633221 0.063841 0.153400 0.000000 1.000000 (1 , 1)  Correct
0.874233 0.902840 0.891859 0.575938 0.226642 1.000000 0.000000 (0 , 0)  Correct
0.859118 0.296916 0.059512 0.473885 0.869999 0.000000 1.000000 (1 , 1)  Correct
0.070632 0.071032 0.207575 0.204406 0.467184 0.000000 1.000000 (1 , 1)  Correct
0.119415 0.053303 0.724469 0.762007 0.621204 1.000000 0.000000 (0 , 0)  Correct
0.001672 0.632727 0.174393 0.217504 0.019209 0.000000 1.000000 (1 , 1)  Correct
0.630444 0.175672 0.897458 0.818613 0.567610 1.000000 0.000000 (0 , 0)  Correct
0.070780 0.645642 0.857413 0.737980 0.232302 1.000000 0.000000 (0 , 0)  Correct
0.361208 0.317773 0.833805 0.738732 0.251263 1.000000 0.000000 (1 , 0)  Wrong  
0.597883 0.728024 0.510720 0.828136 0.561452 1.000000 0.000000 (0 , 0)  Correct
0.093812 0.360530 0.541256 0.668153 0.179360 1.000000 0.000000 (1 , 0)  Wrong  
0.295194 0.346533 0.568874 0.770552 0.707907 1.000000 0.000000 (0 , 0)  Correct
0.115981 0.128705 0.387446 0.698322 0.239338 1.000000 0.000000 (0 , 0)  Correct
0.079252 0.258292 0.161737 0.163586 0.369383 0.000000 1.000000 (1 , 1)  Correct
0.507881 0.780794 0.618673 0.504221 0.097002 1.000000 0.000000 (0 , 0)  Correct
0.761150 0.376537 0.100329 0.141547 0.414300 0.000000 1.000000 (1 , 1)  Correct
0.963212 0.775654 0.797708 0.788266 0.372005 1.000000 0.000000 (0 , 0)  Correct
0.834223 0.879040 0.283365 0.805568 0.284747 1.000000 0.000000 (0 , 0)  Correct
0.788609 0.487513 0.225125 0.104850 0.302120 0.000000 1.000000 (1 , 1)  Correct
0.979907 0.205950 0.299523 0.648936 0.123177 0.000000 1.000000 (1 , 1)  Correct
0.833733 0.704621 0.912458 0.119325 0.282801 0.000000 1.000000 (1 , 1)  Correct
0.955971 0.460688 0.533632 0.224164 0.070924 0.000000 1.000000 (1 , 1)  Correct
0.637492 0.643831 0.332752 0.431802 0.878562 1.000000 0.000000 (0 , 0)  Correct
0.078244 0.502330 0.716984 0.989847 0.476392 1.000000 0.000000 (0 , 0)  Correct
0.051195 0.061132 0.491923 0.583932 0.750968 1.000000 0.000000 (0 , 0)  Correct
0.037838 0.366295 0.266298 0.569442 0.238148 0.000000 1.000000 (1 , 1)  Correct
0.802700 0.698267 0.307388 0.286867 0.711016 1.000000 0.000000 (0 , 0)  Correct
0.750197 0.790267 0.194840 0.126979 0.473630 0.000000 1.000000 (1 , 1)  Correct
0.272960 0.559774 0.726206 0.455356 0.409722 1.000000 0.000000 (0 , 0)  Correct
0.770359 0.172315 0.934545 0.372256 0.288444 0.000000 1.000000 (1 , 1)  Correct
0.646198 0.739680 0.847355 0.659279 0.647412 1.000000 0.000000 (0 , 0)  Correct
0.243186 0.827907 0.828586 0.951833 0.929026 1.000000 0.000000 (0 , 0)  Correct
0.956483 0.842267 0.465864 0.890873 0.897942 1.000000 0.000000 (0 , 0)  Correct
0.113024 0.771367 0.905577 0.878415 0.164009 1.000000 0.000000 (0 , 0)  Correct
0.276426 0.475879 0.952771 0.124948 0.430132 0.000000 1.000000 (1 , 1)  Correct
0.200126 0.806672 0.968835 0.261469 0.320716 1.000000 0.000000 (0 , 0)  Correct
0.054701 0.987773 0.018881 0.068891 0.079046 0.000000 1.000000 (1 , 1)  Correct
0.092262 0.158099 0.764755 0.657606 0.173463 0.000000 1.000000 (0 , 1)  Wrong  
0.111507 0.689532 0.525809 0.034624 0.268255 0.000000 1.000000 (1 , 1)  Correct
0.446704 0.344192 0.430339 0.176556 0.634989 0.000000 1.000000 (1 , 1)  Correct
0.076946 0.292219 0.613555 0.617632 0.053111 0.000000 1.000000 (1 , 1)  Correct
0.440383 0.760343 0.832967 0.383245 0.206380 1.000000 0.000000 (0 , 0)  Correct
0.298709 0.305511 0.681595 0.677958 0.646071 0.000000 1.000000 (1 , 1)  Correct
0.467338 0.229663 0.857974 0.421027 0.059707 0.000000 1.000000 (1 , 1)  Correct
0.929012 0.678709 0.587806 0.991900 0.929063 1.000000 0.000000 (0 , 0)  Correct
0.979613 0.008502 0.917801 0.034752 0.596593 0.000000 1.000000 (1 , 1)  Correct
0.170336 0.526248 0.623257 0.195175 0.352916 0.000000 1.000000 (1 , 1)  Correct
0.455104 0.136242 0.424613 0.990615 0.991825 1.000000 0.000000 (0 , 0)  Correct
0.459273 0.335926 0.934310 0.287197 0.020924 0.000000 1.000000 (1 , 1)  Correct
0.561001 0.527433 0.656610 0.959473 0.746325 1.000000 0.000000 (0 , 0)  Correct
0.720992 0.390807 0.727094 0.233917 0.034760 0.000000 1.000000 (1 , 1)  Correct
0.621272 0.518292 0.986241 0.781911 0.629280 1.000000 0.000000 (0 , 0)  Correct
0.433840 0.060572 0.335258 0.755874 0.387633 1.000000 0.000000 (0 , 0)  Correct
0.572595 0.196827 0.143534 0.647965 0.882535 0.000000 1.000000 (1 , 1)  Correct
0.107068 0.449109 0.642354 0.349521 0.216623 0.000000 1.000000 (1 , 1)  Correct
0.366270 0.302074 0.752939 0.715828 0.096890 0.000000 1.000000 (1 , 1)  Correct
0.185148 0.183347 0.940191 0.938820 0.728641 1.000000 0.000000 (0 , 0)  Correct
0.469264 0.173781 0.947910 0.640893 0.127525 0.000000 1.000000 (1 , 1)  Correct
0.252197 0.440186 0.174101 0.510442 0.510383 0.000000 1.000000 (1 , 1)  Correct
0.034778 0.969765 0.724611 0.200646 0.127062 0.000000 1.000000 (1 , 1)  Correct
0.601869 0.662609 0.743796 0.335545 0.118751 1.000000 0.000000 (0 , 0)  Correct
0.290614 0.919867 0.203162 0.251116 0.708097 0.000000 1.000000 (1 , 1)  Correct
0.031544 0.321707 0.331298 0.610334 0.410438 0.000000 1.000000 (1 , 1)  Correct
0.997767 0.396578 0.533986 0.624983 0.019360 1.000000 0.000000 (1 , 0)  Wrong  
0.047874 0.119104 0.041719 0.753575 0.337764 0.000000 1.000000 (0 , 1)  Wrong  
0.231845 0.134491 0.574369 0.637697 0.060846 0.000000 1.000000 (0 , 1)  Wrong  
0.031537 0.968998 0.410119 0.214413 0.720739 0.000000 1.000000 (1 , 1)  Correct
0.209429 0.995093 0.635331 0.251663 0.793209 0.000000 1.000000 (1 , 1)  Correct
0.265984 0.150198 0.137116 0.638963 0.033999 0.000000 1.000000 (1 , 1)  Correct
0.739865 0.670964 0.437448 0.723852 0.316521 1.000000 0.000000 (0 , 0)  Correct
0.149385 0.079336 0.742714 0.932780 0.569887 1.000000 0.000000 (0 , 0)  Correct
0.352455 0.479356 0.706647 0.036174 0.023957 0.000000 1.000000 (1 , 1)  Correct
0.582096 0.911905 0.567082 0.166677 0.478013 0.000000 1.000000 (1 , 1)  Correct
0.780951 0.381693 0.171707 0.706626 0.274992 1.000000 0.000000 (0 , 0)  Correct
0.053645 0.983549 0.403912 0.122588 0.052717 0.000000 1.000000 (1 , 1)  Correct
0.280227 0.384900 0.834878 0.616835 0.150816 0.000000 1.000000 (1 , 1)  Correct
0.756344 0.546610 0.657429 0.226636 0.809471 0.000000 1.000000 (1 , 1)  Correct
0.577627 0.292682 0.152816 0.716830 0.337240 0.000000 1.000000 (1 , 1)  Correct
0.517022 0.005700 0.718888 0.275564 0.381076 1.000000 0.000000 (1 , 0)  Wrong  
0.866006 0.240603 0.238921 0.157019 0.622882 0.000000 1.000000 (1 , 1)  Correct
0.388978 0.108943 0.409800 0.620721 0.028857 0.000000 1.000000 (0 , 1)  Wrong  
0.513941 0.240696 0.430516 0.333489 0.198223 0.000000 1.000000 (1 , 1)  Correct
0.949623 0.829221 0.564491 0.421051 0.095799 1.000000 0.000000 (0 , 0)  Correct
0.805009 0.715428 0.296750 0.873994 0.717327 1.000000 0.000000 (0 , 0)  Correct
0.946349 0.490478 0.577802 0.199268 0.170022 0.000000 1.000000 (1 , 1)  Correct
0.001018 0.056476 0.497980 0.681979 0.565671 1.000000 0.000000 (0 , 0)  Correct
0.673340 0.887006 0.933667 0.253729 0.211324 0.000000 1.000000 (1 , 1)  Correct
0.389402 0.498973 0.702322 0.184729 0.039518 0.000000 1.000000 (1 , 1)  Correct
0.978996 0.428695 0.891283 0.357969 0.581428 0.000000 1.000000 (1 , 1)  Correct
0.644345 0.180442 0.240036 0.138357 0.611713 0.000000 1.000000 (1 , 1)  Correct
0.042560 0.638526 0.133606 0.198683 0.271949 0.000000 1.000000 (1 , 1)  Correct
0.822646 0.096029 0.223125 0.849473 1.048672 1.000000 0.000000 (0 , 0)  Correct
0.882027 0.491271 0.194536 0.458823 0.187901 0.000000 1.000000 (1 , 1)  Correct
0.197706 0.213307 0.310352 0.604584 0.048092 0.000000 1.000000 (1 , 1)  Correct
0.203232 0.619129 0.180682 0.063918 0.070298 0.000000 1.000000 (1 , 1)  Correct
0.502880 0.315463 0.044001 0.120917 0.220074 0.000000 1.000000 (1 , 1)  Correct
0.754633 0.889172 0.508470 0.702644 0.426820 1.000000 0.000000 (0 , 0)  Correct
0.259242 0.161381 0.773828 0.507537 0.335031 0.000000 1.000000 (1 , 1)  Correct
0.700851 0.841033 0.827246 0.095044 0.214881 0.000000 1.000000 (1 , 1)  Correct
0.005684 0.743726 0.030113 0.915381 0.344537 1.000000 0.000000 (0 , 0)  Correct
0.404739 0.482757 0.979030 0.922425 0.834875 1.000000 0.000000 (0 , 0)  Correct
0.054970 0.542601 0.365470 0.813052 1.023417 1.000000 0.000000 (0 , 0)  Correct
0.848585 0.393891 0.615399 0.946394 1.145279 1.000000 0.000000 (0 , 0)  Correct
0.961082 0.413584 0.510277 0.823266 0.788291 1.000000 0.000000 (0 , 0)  Correct
0.082309 0.983471 0.738007 0.155558 0.470631 0.000000 1.000000 (1 , 1)  Correct
0.307247 0.208922 0.422884 0.605679 0.403515 0.000000 1.000000 (1 , 1)  Correct
0.048566 0.549264 0.447157 0.438126 0.619326 1.000000 0.000000 (0 , 0)  Correct
0.682059 0.495294 0.267445 0.551951 0.656361 1.000000 0.000000 (0 , 0)  Correct
0.746178 0.740057 0.455550 0.822181 0.137862 1.000000 0.000000 (0 , 0)  Correct
0.252607 0.447051 0.125858 0.694127 0.200274 1.000000 0.000000 (0 , 0)  Correct
0.258153 0.622841 0.619903 0.563091 0.252157 1.000000 0.000000 (0 , 0)  Correct
0.150785 0.622445 0.286846 0.255307 0.007748 0.000000 1.000000 (1 , 1)  Correct
0.376329 0.436923 0.217538 0.518754 0.708311 0.000000 1.000000 (1 , 1)  Correct
0.390838 0.664135 0.555503 0.450769 0.039626 1.000000 0.000000 (0 , 0)  Correct
0.354948 0.102456 0.646273 0.619171 0.256423 1.000000 0.000000 (0 , 0)  Correct
0.093232 0.394805 0.090868 0.563486 0.753840 0.000000 1.000000 (1 , 1)  Correct
0.519580 0.082082 0.631501 0.541627 0.103338 1.000000 0.000000 (0 , 0)  Correct
0.702025 0.120203 0.157037 0.885892 0.538389 1.000000 0.000000 (0 , 0)  Correct
0.050799 0.741784 0.143834 0.043297 0.284024 0.000000 1.000000 (1 , 1)  Correct
0.732658 0.329589 0.293790 0.606624 0.841204 0.000000 1.000000 (1 , 1)  Correct
0.662473 0.059904 0.298862 0.757614 0.200293 1.000000 0.000000 (0 , 0)  Correct
0.192222 0.748205 0.544486 0.736422 0.556076 1.000000 0.000000 (0 , 0)  Correct
0.464624 0.105905 0.134842 0.177026 0.170933 0.000000 1.000000 (1 , 1)  Correct
0.173847 0.522924 0.432351 0.366774 0.678403 0.000000 1.000000 (1 , 1)  Correct
0.279207 0.829675 0.524720 0.224830 0.503826 0.000000 1.000000 (1 , 1)  Correct
0.117881 0.401966 0.461255 0.320744 0.592124 0.000000 1.000000 (1 , 1)  Correct
0.754979 0.475751 0.715564 0.979810 0.953745 1.000000 0.000000 (0 , 0)  Correct
0.538431 0.952615 0.381198 0.023687 0.009824 0.000000 1.000000 (1 , 1)  Correct
0.967068 0.730080 0.922813 0.103444 0.117059 0.000000 1.000000 (1 , 1)  Correct
0.067919 0.064682 0.813082 0.184472 0.180562 0.000000 1.000000 (1 , 1)  Correct
0.834429 0.945845 0.251785 0.245044 0.159890 0.000000 1.000000 (1 , 1)  Correct
0.411724 0.075194 0.508248 0.599587 0.702469 1.000000 0.000000 (0 , 0)  Correct
0.465952 0.167526 0.832129 0.679983 0.506489 0.000000 1.000000 (1 , 1)  Correct
0.918008 0.986856 0.482704 0.691774 0.846666 1.000000 0.000000 (0 , 0)  Correct
0.640342 0.300899 0.328943 0.785673 0.233301 1.000000 0.000000 (0 , 0)  Correct
0.863627 0.099870 0.647885 0.084106 0.566867 0.000000 1.000000 (1 , 1)  Correct
0.894714 0.512645 0.214730 0.606256 0.725938 1.000000 0.000000 (0 , 0)  Correct
0.385706 0.643643 0.357157 0.700600 0.985635 1.000000 0.000000 (0 , 0)  Correct
0.947369 0.378604 0.363359 0.820263 0.390525 1.000000 0.000000 (0 , 0)  Correct
0.739352 0.691443 0.431938 0.415196 0.515738 1.000000 0.000000 (0 , 0)  Correct
0.355067 0.164377 0.745151 0.453272 0.562610 0.000000 1.000000 (1 , 1)  Correct
0.124147 0.085845 0.243160 0.626665 0.786058 1.000000 0.000000 (0 , 0)  Correct
0.066772 0.175417 0.232953 0.587328 0.671545 0.000000 1.000000 (1 , 1)  Correct
0.135800 0.234844 0.165915 0.959781 0.834321 1.000000 0.000000 (0 , 0)  Correct
0.335465 0.484072 0.629655 0.297054 0.130000 0.000000 1.000000 (1 , 1)  Correct
0.263343 0.868921 0.001729 0.747986 0.797380 1.000000 0.000000 (0 , 0)  Correct
0.825523 0.269260 0.292982 0.914201 0.651634 1.000000 0.000000 (0 , 0)  Correct
0.328461 0.469952 0.170191 0.396759 0.031989 0.000000 1.000000 (1 , 1)  Correct
0.343167 0.683650 0.874485 0.461246 0.253679 1.000000 0.000000 (0 , 0)  Correct
0.563563 0.876081 0.496236 0.759396 0.421836 1.000000 0.000000 (0 , 0)  Correct
0.382017 0.004563 0.750976 0.895964 0.299128 1.000000 0.000000 (0 , 0)  Correct
0.598278 0.042004 0.126921 0.339983 0.343976 0.000000 1.000000 (1 , 1)  Correct
0.595391 0.592053 0.037531 0.874793 0.690386 1.000000 0.000000 (0 , 0)  Correct
0.424308 0.912219 0.172368 0.998566 0.363162 1.000000 0.000000 (0 , 0)  Correct
0.299720 0.751449 0.013095 0.041124 0.143464 0.000000 1.000000 (1 , 1)  Correct
0.475628 0.571768 0.177541 0.203285 0.189404 0.000000 1.000000 (1 , 1)  Correct
0.331160 0.983626 0.456133 0.258274 0.196806 0.000000 1.000000 (1 , 1)  Correct
0.383102 0.399780 0.197862 0.398850 0.610592 0.000000 1.000000 (1 , 1)  Correct
0.608253 0.945555 0.947276 0.553783 0.953536 1.000000 0.000000 (0 , 0)  Correct
0.654593 0.798248 0.256993 0.052762 0.172142 0.000000 1.000000 (1 , 1)  Correct
0.162166 0.125802 0.875348 0.192960 0.150418 0.000000 1.000000 (1 , 1)  Correct
0.174263 0.807110 0.290812 0.487565 0.110063 1.000000 0.000000 (0 , 0)  Correct
0.346308 0.665328 0.600314 0.110389 0.031958 0.000000 1.000000 (1 , 1)  Correct
0.968821 0.988042 0.496454 0.023124 0.441815 0.000000 1.000000 (1 , 1)  Correct
0.066562 0.897969 0.947406 0.993133 0.462762 1.000000 0.000000 (0 , 0)  Correct
0.118482 0.347909 0.298813 0.045700 0.021940 0.000000 1.000000 (1 , 1)  Correct
0.668992 0.887143 0.438334 0.064086 0.093181 0.000000 1.000000 (1 , 1)  Correct
0.936565 0.412862 0.027791 0.380878 0.369330 0.000000 1.000000 (1 , 1)  Correct
0.595002 0.394713 0.208430 0.663661 1.030714 0.000000 1.000000 (0 , 1)  Wrong  
0.474176 0.653844 0.243268 0.735645 0.382185 1.000000 0.000000 (0 , 0)  Correct
0.071183 0.305110 0.122038 0.754099 0.628698 0.000000 1.000000 (0 , 1)  Wrong  
0.464583 0.901330 0.876934 0.824659 0.372371 1.000000 0.000000 (0 , 0)  Correct
0.299221 0.727895 0.323020 0.504055 0.580184 1.000000 0.000000 (0 , 0)  Correct
0.065159 0.716330 0.253540 0.558049 0.957767 1.000000 0.000000 (0 , 0)  Correct
0.560035 0.237168 0.750740 0.945552 0.996536 1.000000 0.000000 (0 , 0)  Correct
0.004370 0.771525 0.988466 0.701400 0.658001 1.000000 0.000000 (0 , 0)  Correct
0.187095 0.896295 0.310159 0.169481 0.693212 0.000000 1.000000 (1 , 1)  Correct
0.647543 0.076794 0.226726 0.210398 0.083365 0.000000 1.000000 (1 , 1)  Correct
0.742282 0.750679 0.916527 0.674148 0.937394 1.000000 0.000000 (0 , 0)  Correct
0.616470 0.322904 0.156824 0.408241 0.096293 0.000000 1.000000 (1 , 1)  Correct
0.976567 0.533692 0.947751 0.361941 0.308206 0.000000 1.000000 (1 , 1)  Correct
0.609221 0.327814 0.100100 0.999375 0.626906 1.000000 0.000000 (0 , 0)  Correct
0.651813 0.735980 0.186539 0.978664 0.872280 1.000000 0.000000 (0 , 0)  Correct
0.852779 0.470115 0.957177 0.544487 0.062059 0.000000 1.000000 (1 , 1)  Correct
0.632301 0.169932 0.611841 0.819534 0.310767 1.000000 0.000000 (0 , 0)  Correct
0.607944 0.777471 0.733220 0.503662 0.765112 1.000000 0.000000 (0 , 0)  Correct
0.920645 0.084656 0.664844 0.945891 1.018563 1.000000 0.000000 (0 , 0)  Correct
0.319342 0.973474 0.738728 0.152632 0.491644 0.000000 1.000000 (1 , 1)  Correct
0.710653 0.995065 0.321978 0.291094 0.013779 0.000000 1.000000 (1 , 1)  Correct
0.735303 0.449563 0.560851 0.665130 0.481287 1.000000 0.000000 (0 , 0)  Correct
0.560874 0.293146 0.917254 0.054595 0.193830 0.000000 1.000000 (1 , 1)  Correct
0.167083 0.014350 0.327256 0.296556 0.002489 1.000000 0.000000 (1 , 0)  Wrong  
0.227348 0.952483 0.651338 0.654888 0.714925 1.000000 0.000000 (0 , 0)  Correct
0.572372 0.162364 0.500703 0.128762 0.199308 0.000000 1.000000 (1 , 1)  Correct
0.417939 0.031171 0.963825 0.850594 0.719001 1.000000 0.000000 (0 , 0)  Correct
0.591836 0.992829 0.942404 0.765924 0.508851 0.000000 1.000000 (0 , 1)  Wrong  
0.767984 0.424247 0.666628 0.254920 0.617460 0.000000 1.000000 (1 , 1)  Correct
0.595686 0.623386 0.957868 0.522281 0.154338 1.000000 0.000000 (0 , 0)  Correct
0.304972 0.895243 0.139648 0.508913 0.427890 1.000000 0.000000 (0 , 0)  Correct
0.469923 0.397365 0.992347 0.554445 0.102109 0.000000 1.000000 (1 , 1)  Correct
0.579061 0.224414 0.911593 0.694676 0.337353 0.000000 1.000000 (1 , 1)  Correct
0.609168 0.388534 0.893256 0.637804 0.728847 1.000000 0.000000 (1 , 0)  Wrong  
0.065850 0.198569 0.298252 0.705731 0.340773 1.000000 0.000000 (0 , 0)  Correct
0.471281 0.380024 0.891341 0.552836 0.155590 0.000000 1.000000 (1 , 1)  Correct
0.850406 0.786326 0.248299 0.463229 0.660027 1.000000 0.000000 (0 , 0)  Correct
0.623900 0.422821 0.771173 0.506320 0.516955 0.000000 1.000000 (1 , 1)  Correct
0.803693 0.566061 0.431934 0.964703 0.262919 1.000000 0.000000 (0 , 0)  Correct
0.414257 0.825214 0.190931 0.896512 0.985478 1.000000 0.000000 (0 , 0)  Correct
0.883567 0.437134 0.530148 0.898377 0.204708 1.000000 0.000000 (0 , 0)  Correct
0.294113 0.912753 0.514306 0.026154 0.191917 0.000000 1.000000 (1 , 1)  Correct
0.807718 0.151381 0.503458 0.650774 0.207060 0.000000 1.000000 (1 , 1)  Correct
0.915402 0.971605 0.480603 0.630604 0.350459 0.000000 1.000000 (0 , 1)  Wrong  
0.949747 0.395933 0.716638 0.726281 0.362286 0.000000 1.000000 (0 , 1)  Wrong  
0.274336 0.452814 0.558828 0.546928 0.882450 1.000000 0.000000 (0 , 0)  Correct
0.774496 0.860583 0.611528 0.581473 0.098851 1.000000 0.000000 (0 , 0)  Correct
0.322247 0.039095 0.512414 0.403445 0.602135 1.000000 0.000000 (1 , 0)  Wrong  
0.157981 0.276452 0.758922 0.527713 0.842230 0.000000 1.000000 (1 , 1)  Correct
0.594739 0.117175 0.863727 0.790237 0.889457 1.000000 0.000000 (0 , 0)  Correct
0.962092 0.538439 0.806757 0.457627 0.115181 1.000000 0.000000 (0 , 0)  Correct
0.519270 0.276836 0.259955 0.136088 0.105127 0.000000 1.000000 (1 , 1)  Correct
0.515826 0.335337 0.542596 0.198144 0.410263 0.000000 1.000000 (1 , 1)  Correct
0.230333 0.304278 0.048699 0.469971 0.236842 0.000000 1.000000 (1 , 1)  Correct
0.544438 0.053074 0.125590 0.105880 0.258194 0.000000 1.000000 (1 , 1)  Correct
0.307337 0.697984 0.878121 0.014186 0.616022 0.000000 1.000000 (1 , 1)  Correct
0.144187 0.720770 0.852297 0.440791 0.472882 1.000000 0.000000 (0 , 0)  Correct
0.777816 0.291098 0.071394 0.285185 0.213402 0.000000 1.000000 (1 , 1)  Correct
0.544938 0.738671 0.038024 0.629996 0.339828 1.000000 0.000000 (0 , 0)  Correct
0.753328 0.604695 0.818560 0.049765 0.383053 0.000000 1.000000 (1 , 1)  Correct
0.469027 0.461189 0.968362 0.083765 0.611382 0.000000 1.000000 (1 , 1)  Correct
0.347059 0.659189 0.100474 0.557008 0.761298 1.000000 0.000000 (0 , 0)  Correct
0.860802 0.782843 0.509041 0.332889 0.297703 1.000000 0.000000 (0 , 0)  Correct
0.704510 0.546958 0.225643 0.078525 0.104589 0.000000 1.000000 (1 , 1)  Correct
0.207924 0.513762 0.667899 0.506895 0.317090 1.000000 0.000000 (0 , 0)  Correct
0.328628 0.929114 0.040574 0.448921 0.664174 1.000000 0.000000 (1 , 0)  Wrong  
0.107656 0.579695 0.139983 0.402338 0.844138 0.000000 1.000000 (0 , 1)  Wrong  
0.371190 0.660449 0.120612 0.742706 0.217824 1.000000 0.000000 (0 , 0)  Correct
0.252031 0.419215 0.783794 0.499974 0.019962 0.000000 1.000000 (1 , 1)  Correct
0.976712 0.200332 0.706257 0.862397 0.616424 1.000000 0.000000 (0 , 0)  Correct
0.321518 0.844170 0.400634 0.466286 0.282880 1.000000 0.000000 (0 , 0)  Correct
0.389237 0.436315 0.329437 0.234533 0.305499 0.000000 1.000000 (1 , 1)  Correct
0.060516 0.203905 0.594801 0.661389 0.572279 0.000000 1.000000 (1 , 1)  Correct
0.660618 0.536486 0.211414 0.160056 0.449370 0.000000 1.000000 (1 , 1)  Correct
0.222511 0.756420 0.976115 0.054213 0.146610 0.000000 1.000000 (1 , 1)  Correct
0.958006 0.927768 0.332470 0.403206 0.841174 0.000000 1.000000 (1 , 1)  Correct
0.208250 0.268366 0.212810 0.490599 0.352169 0.000000 1.000000 (1 , 1)  Correct
0.256355 0.100535 0.913687 0.546876 0.412271 0.000000 1.000000 (1 , 1)  Correct
0.218485 0.393249 0.969663 0.474173 0.043929 0.000000 1.000000 (1 , 1)  Correct
0.973241 0.271146 0.227928 0.804333 1.002812 0.000000 1.000000 (0 , 1)  Wrong  
0.076774 0.429019 0.736838 0.086761 0.543398 0.000000 1.000000 (1 , 1)  Correct
0.238981 0.314729 0.156748 0.189746 0.199545 0.000000 1.000000 (1 , 1)  Correct
0.172267 0.573201 0.649739 0.893334 0.739387 1.000000 0.000000 (0 , 0)  Correct
0.765382 0.632596 0.013420 0.404596 0.894546 1.000000 0.000000 (0 , 0)  Correct
0.985405 0.269407 0.866652 0.458130 0.628359 0.000000 1.000000 (1 , 1)  Correct
0.969711 0.378289 0.903444 0.443669 0.666391 0.000000 1.000000 (1 , 1)  Correct
0.118409 0.061592 0.258906 0.356054 0.212892 0.000000 1.000000 (1 , 1)  Correct
0.193089 0.969721 0.433779 0.098722 0.049924 0.000000 1.000000 (1 , 1)  Correct
0.104758 0.722403 0.594540 0.460489 0.493266 1.000000 0.000000 (0 , 0)  Correct
0.949162 0.993992 0.094233 0.403503 0.236766 0.000000 1.000000 (1 , 1)  Correct
