0.5000 0.7724 0.7739 0.7391 0.4664 0.3682 0.4945 0.5455 0.0000 0.0000 1.0000 
0.0000 0.8483 0.8783 0.8913 0.6081 0.4566 0.5064 0.5232 0.0000 0.0000 1.0000 
0.5000 0.6276 0.6000 0.5000 0.2178 0.1870 0.2146 0.2105 1.0000 0.0000 0.0000 
1.0000 0.7793 0.7478 0.6522 0.3556 0.3060 0.3800 0.3149 0.0000 1.0000 0.0000 
0.0000 0.4966 0.4609 0.4783 0.1333 0.1015 0.1544 0.1379 0.0000 0.0000 1.0000 
0.0000 0.7241 0.7304 0.5435 0.5095 0.3951 0.3232 0.3529 0.0000 1.0000 0.0000 
0.0000 0.8207 0.9217 0.6522 0.4629 0.3655 0.4987 0.4595 0.0000 1.0000 0.0000 
1.0000 0.5103 0.5130 0.4565 0.1273 0.1046 0.1170 0.1290 1.0000 0.0000 0.0000 
1.0000 0.8069 0.8522 0.7609 0.4668 0.3561 0.4461 0.5064 0.0000 0.0000 1.0000 
1.0000 0.5862 0.6000 0.5870 0.2127 0.1446 0.2332 0.2328 0.0000 0.0000 1.0000 
1.0000 0.9241 0.8870 0.8913 0.6832 0.6019 0.7769 0.5567 0.0000 0.0000 1.0000 
1.0000 0.5310 0.5565 0.5652 0.1801 0.1284 0.1764 0.2272 0.0000 1.0000 0.0000 
1.0000 0.7379 0.7217 0.6739 0.3719 0.3342 0.4097 0.2965 0.0000 1.0000 0.0000 
0.5000 0.3241 0.2957 0.2609 0.0367 0.2919 0.0246 0.0430 1.0000 0.0000 0.0000 
1.0000 0.6207 0.6000 0.5217 0.2931 0.1611 0.3087 0.3054 0.0000 0.0000 1.0000 
1.0000 0.8345 0.8261 0.8478 0.5291 0.3911 0.5708 0.5176 0.0000 0.0000 1.0000 
0.0000 0.6966 0.6783 0.5435 0.3358 0.3248 0.3079 0.2580 1.0000 0.0000 0.0000 
1.0000 0.4690 0.4522 0.5000 0.1367 0.0451 0.1518 0.1379 0.0000 0.0000 1.0000 
1.0000 0.1241 0.1217 0.1304 0.0080 0.0057 0.0068 0.0073 1.0000 0.0000 0.0000 
0.5000 0.5034 0.4609 0.4130 0.1365 0.1174 0.1247 0.1323 0.0000 1.0000 0.0000 
0.5000 0.0897 0.0870 0.1087 0.0044 0.0027 0.0051 0.0039 1.0000 0.0000 0.0000 
0.0000 0.8000 0.8435 0.7174 0.5513 0.4892 0.6811 0.4283 0.0000 0.0000 1.0000 
1.0000 0.7793 0.8261 0.6739 0.4206 0.3198 0.5081 0.3892 0.0000 0.0000 1.0000 
0.5000 0.5310 0.5130 0.4348 0.1390 0.1126 0.1459 0.1379 0.0000 1.0000 0.0000 
0.0000 0.7931 0.8174 0.7174 0.5031 0.4095 0.5072 0.4953 0.0000 0.0000 1.0000 
0.0000 0.7862 0.7565 0.8913 0.4973 0.2861 0.3868 0.5678 0.0000 0.0000 1.0000 
1.0000 0.7034 0.7043 0.6739 0.3937 0.3911 0.3969 0.3043 0.0000 1.0000 0.0000 
1.0000 0.5862 0.5739 0.4783 0.2237 0.1543 0.2112 0.2607 0.0000 0.0000 1.0000 
0.5000 0.5172 0.4870 0.3696 0.1234 0.1079 0.1052 0.1307 1.0000 0.0000 0.0000 
0.5000 0.4000 0.3652 0.5435 0.0777 0.0699 0.0789 0.0659 1.0000 0.0000 0.0000 
0.0000 0.6276 0.6435 0.6957 0.3354 0.2337 0.4054 0.3088 0.0000 0.0000 1.0000 
0.5000 0.4069 0.3913 0.3261 0.0694 0.0535 0.0763 0.0631 1.0000 0.0000 0.0000 
0.5000 0.5448 0.5739 0.5217 0.2072 0.1769 0.1976 0.1926 1.0000 0.0000 0.0000 
0.5000 0.5862 0.5478 0.4565 0.2028 0.2051 0.1891 0.1558 1.0000 0.0000 0.0000 
1.0000 0.5862 0.5565 0.5217 0.2546 0.2048 0.2918 0.2440 0.0000 0.0000 1.0000 
1.0000 0.7586 0.7652 0.6304 0.4162 0.3393 0.4707 0.3836 0.0000 1.0000 0.0000 
0.0000 0.7724 0.7652 0.7391 0.5645 0.4143 0.5369 0.4115 0.0000 0.0000 1.0000 
0.0000 0.8207 0.8174 0.7826 0.5401 0.3863 0.5980 0.4897 0.0000 0.0000 1.0000 
0.5000 0.6069 0.6261 0.5435 0.2516 0.1910 0.2570 0.2719 0.0000 1.0000 0.0000 
0.0000 0.8000 0.8000 0.7391 0.4994 0.4159 0.4207 0.5533 0.0000 0.0000 1.0000 
1.0000 0.6759 0.6522 0.6087 0.2936 0.2848 0.2935 0.2429 0.0000 1.0000 0.0000 
0.5000 0.3517 0.3478 0.3261 0.0579 0.0417 0.0653 0.0653 1.0000 0.0000 0.0000 
1.0000 0.6897 0.6000 0.6304 0.3296 0.2418 0.4139 0.3333 0.0000 0.0000 1.0000 
0.5000 0.6897 0.6522 0.5217 0.2623 0.1940 0.3393 0.2440 1.0000 0.0000 0.0000 
0.0000 0.7655 0.7652 0.6739 0.4624 0.4022 0.4809 0.3501 0.0000 0.0000 1.0000 
0.5000 0.5448 0.5565 0.4130 0.1650 0.1113 0.1824 0.1882 0.0000 1.0000 0.0000 
1.0000 0.5586 0.5739 0.5870 0.2260 0.1960 0.2375 0.1742 1.0000 0.0000 0.0000 
0.5000 0.3517 0.3565 0.3043 0.0666 0.0508 0.0645 0.0709 1.0000 0.0000 0.0000 
0.0000 0.4759 0.4609 0.5217 0.1457 0.1100 0.1790 0.1312 0.0000 1.0000 0.0000 
0.0000 0.8759 0.7739 0.6087 0.4656 0.4590 0.4767 0.3110 0.0000 1.0000 0.0000 
1.0000 0.5310 0.4957 0.5435 0.1746 0.1106 0.1976 0.2049 0.0000 1.0000 0.0000 
0.5000 0.7655 0.7304 0.5870 0.3749 0.3467 0.3715 0.3110 0.0000 1.0000 0.0000 
1.0000 0.3379 0.3304 0.2826 0.0544 0.0387 0.0636 0.0530 0.0000 0.0000 1.0000 
0.5000 0.6759 0.6522 0.5435 0.3019 0.2152 0.3003 0.3054 0.0000 0.0000 1.0000 
0.5000 0.3931 0.4000 0.4130 0.0848 0.0609 0.0958 0.0821 1.0000 0.0000 0.0000 
0.5000 0.4897 0.4609 0.3913 0.1220 0.1093 0.1349 0.0988 1.0000 0.0000 0.0000 
1.0000 0.6690 0.6348 0.8043 0.2856 0.2028 0.3036 0.3166 0.0000 0.0000 1.0000 
1.0000 0.5862 0.6261 0.6739 0.2431 0.1668 0.2332 0.2775 0.0000 0.0000 1.0000 
0.5000 0.3241 0.3043 0.2609 0.0434 0.0333 0.0441 0.0408 1.0000 0.0000 0.0000 
0.5000 0.5517 0.5304 0.5870 0.2233 0.1893 0.2316 0.2105 1.0000 0.0000 0.0000 
0.0000 0.7586 0.7739 0.6739 0.4555 0.3847 0.5140 0.3501 0.0000 1.0000 0.0000 
0.0000 0.7793 0.8000 0.6739 0.4638 0.3319 0.4326 0.4562 0.0000 1.0000 0.0000 
1.0000 0.7103 0.6087 0.6087 0.3014 0.2186 0.4427 0.2719 0.0000 1.0000 0.0000 
0.0000 0.5655 0.6000 0.6304 0.2582 0.1580 0.3096 0.2831 0.0000 0.0000 1.0000 
0.5000 0.5655 0.5391 0.3478 0.2299 0.2122 0.2231 0.1993 1.0000 0.0000 0.0000 
1.0000 0.6966 0.6522 0.5000 0.3221 0.2993 0.3511 0.1334 0.0000 1.0000 0.0000 
0.5000 0.5655 0.5478 0.4565 0.2249 0.2549 0.2256 0.1413 1.0000 0.0000 0.0000 
0.5000 0.4069 0.3826 0.3261 0.0717 0.0639 0.0941 0.0877 1.0000 0.0000 0.0000 
0.0000 0.7655 0.7391 0.7174 0.4836 0.3366 0.5140 0.5734 0.0000 0.0000 1.0000 
0.0000 0.8207 0.8522 0.6522 0.5452 0.4018 0.4343 0.5511 0.0000 0.0000 1.0000 
0.0000 0.7034 0.6609 0.7174 0.3471 0.2720 0.4224 0.2998 0.0000 1.0000 0.0000 
0.5000 0.2483 0.2435 0.2609 0.0253 0.0165 0.0331 0.0262 1.0000 0.0000 0.0000 
0.0000 0.6621 0.6696 0.5652 0.2989 0.2320 0.2901 0.3037 0.0000 1.0000 0.0000 
1.0000 0.7241 0.6870 0.5870 0.3099 0.2902 0.2621 0.2663 0.0000 1.0000 0.0000 
1.0000 0.6483 0.7043 0.6522 0.3172 0.2286 0.2799 0.3836 0.0000 1.0000 0.0000 
0.5000 0.6414 0.5913 0.5435 0.2315 0.1812 0.2621 0.2127 0.0000 1.0000 0.0000 
0.5000 0.8138 0.7739 0.6957 0.4588 0.4052 0.4928 0.3998 0.0000 1.0000 0.0000 
0.0000 0.5862 0.6000 0.5000 0.2357 0.1748 0.2222 0.2440 0.0000 1.0000 0.0000 
0.0000 0.4897 0.4870 0.4783 0.1565 0.1036 0.1934 0.1547 0.0000 0.0000 1.0000 
1.0000 0.6069 0.5652 0.5435 0.2336 0.1927 0.3545 0.1714 0.0000 1.0000 0.0000 
0.0000 0.7793 0.7565 0.7391 0.4810 0.4385 0.5878 0.3389 0.0000 1.0000 0.0000 
1.0000 0.2621 0.2522 0.2391 0.0290 0.0222 0.0170 0.0318 1.0000 0.0000 0.0000 
1.0000 0.7241 0.7391 0.3478 0.3712 0.3067 0.4546 0.3110 1.0000 0.0000 0.0000 
1.0000 0.6207 0.6087 0.6522 0.2798 0.2118 0.2460 0.3110 0.0000 0.0000 1.0000 
0.0000 0.6414 0.6435 0.6522 0.3342 0.2465 0.3393 0.3277 0.0000 1.0000 0.0000 
1.0000 0.7862 0.7913 0.6304 0.5444 0.4301 0.6073 0.4785 0.0000 0.0000 1.0000 
1.0000 0.5655 0.5826 0.4783 0.2114 0.1681 0.2273 0.1870 1.0000 0.0000 0.0000 
0.5000 0.4000 0.3739 0.3261 0.0781 0.0622 0.0882 0.0720 1.0000 0.0000 0.0000 
0.5000 0.3448 0.3391 0.3043 0.0616 0.0393 0.0594 0.0687 1.0000 0.0000 0.0000 
0.0000 0.8759 0.8783 0.7391 0.5844 0.4936 0.6455 0.5036 0.0000 0.0000 1.0000 
0.5000 0.5931 0.5739 0.5000 0.2104 0.1641 0.1637 0.2328 0.0000 1.0000 0.0000 
0.0000 0.6828 0.6870 0.7174 0.3377 0.2549 0.2816 0.3277 0.0000 0.0000 1.0000 
0.0000 0.7103 0.6783 0.5217 0.4004 0.2566 0.3961 0.3557 0.0000 0.0000 1.0000 
1.0000 0.6759 0.6957 0.6304 0.3306 0.2824 0.3096 0.2887 0.0000 0.0000 1.0000 
1.0000 0.7931 0.7913 0.7174 0.5114 0.4354 0.4580 0.5008 0.0000 0.0000 1.0000 
0.5000 0.4828 0.4957 0.3913 0.1238 0.1086 0.1383 0.1033 1.0000 0.0000 0.0000 
1.0000 0.6000 0.6000 0.5217 0.2272 0.1809 0.2816 0.2272 0.0000 0.0000 1.0000 
0.0000 0.8276 0.8174 0.6304 0.5229 0.4217 0.5768 0.4673 0.0000 1.0000 0.0000 
0.5000 0.4138 0.4000 0.3913 0.0839 0.0699 0.0933 0.0765 1.0000 0.0000 0.0000 
0.0000 0.5655 0.5391 0.4783 0.2077 0.1809 0.2214 0.1937 0.0000 1.0000 0.0000 
1.0000 0.7034 0.6870 0.7174 0.3986 0.3305 0.4436 0.3724 0.0000 0.0000 1.0000 
0.0000 0.7448 0.7304 0.7174 0.4222 0.3753 0.4385 0.3518 0.0000 0.0000 1.0000 
0.0000 0.6759 0.6783 0.5000 0.2934 0.2102 0.3020 0.2552 0.0000 0.0000 1.0000 
1.0000 0.6621 0.6000 0.5217 0.2499 0.2226 0.2680 0.1993 1.0000 0.0000 0.0000 
0.0000 0.7724 0.7739 0.7391 0.4443 0.3618 0.4945 0.3892 0.0000 1.0000 0.0000 
1.0000 0.7172 0.6609 0.6522 0.3736 0.2855 0.3791 0.3445 0.0000 1.0000 0.0000 
1.0000 0.3724 0.3478 0.3043 0.0591 0.0397 0.0712 0.0586 0.0000 1.0000 0.0000 
0.5000 0.6483 0.5565 0.4783 0.1916 0.1590 0.1951 0.1910 1.0000 0.0000 0.0000 
0.0000 0.3172 0.2957 0.2609 0.0519 0.0387 0.0560 0.0486 1.0000 0.0000 0.0000 
0.0000 0.7931 0.7739 0.7826 0.5178 0.4307 0.5742 0.4724 0.0000 1.0000 0.0000 
1.0000 0.7724 0.7565 0.6522 0.3892 0.3584 0.3155 0.3841 0.0000 1.0000 0.0000 
1.0000 0.5172 0.5217 0.4783 0.1394 0.0982 0.1289 0.1602 0.0000 1.0000 0.0000 
0.0000 0.6759 0.6783 0.6304 0.2918 0.2286 0.3478 0.2747 0.0000 1.0000 0.0000 
0.5000 0.7724 0.7391 0.8261 0.4829 0.4200 0.4394 0.4729 0.0000 0.0000 1.0000 
0.0000 0.8483 0.8348 0.7609 0.6460 0.5353 0.6930 0.5556 0.0000 0.0000 1.0000 
1.0000 0.5034 0.4957 0.4130 0.1417 0.0871 0.1612 0.1826 0.0000 1.0000 0.0000 
0.0000 0.8897 0.8609 0.8261 0.7064 0.6069 0.7947 0.5807 0.0000 1.0000 0.0000 
1.0000 0.7862 0.7478 0.6304 0.5267 0.3971 0.5284 0.4227 0.0000 0.0000 1.0000 
0.5000 0.4069 0.4000 0.3696 0.0793 0.0757 0.0865 0.0737 1.0000 0.0000 0.0000 
1.0000 0.6552 0.6087 0.6087 0.3264 0.2764 0.3613 0.2663 1.0000 0.0000 0.0000 
0.0000 0.7586 0.8000 0.7391 0.4769 0.3527 0.4266 0.4366 0.0000 0.0000 1.0000 
1.0000 0.7655 0.8000 0.6522 0.3591 0.2828 0.4131 0.3948 0.0000 0.0000 1.0000 
0.0000 0.9241 0.8957 0.8913 0.7962 0.7771 0.7557 0.6214 0.0000 1.0000 0.0000 
0.5000 0.3379 0.3217 0.2609 0.0464 0.0387 0.0424 0.0441 1.0000 0.0000 0.0000 
1.0000 0.4483 0.4522 0.4130 0.1009 0.0757 0.0619 0.1245 0.0000 1.0000 0.0000 
1.0000 0.6207 0.6261 0.5435 0.2807 0.2643 0.3198 0.2239 1.0000 0.0000 0.0000 
0.5000 0.4759 0.4261 0.4130 0.1112 0.0837 0.1179 0.1139 1.0000 0.0000 0.0000 
1.0000 0.8552 0.8783 0.7826 0.5284 0.3948 0.5802 0.5399 0.0000 0.0000 1.0000 
1.0000 0.6621 0.6087 0.7826 0.4973 0.4106 0.5793 0.4327 0.0000 1.0000 0.0000 
0.5000 0.4000 0.3826 0.3478 0.0823 0.0720 0.0857 0.0681 1.0000 0.0000 0.0000 
1.0000 0.7586 0.7652 0.7391 0.3823 0.3164 0.4300 0.3484 0.0000 1.0000 0.0000 
0.5000 0.6552 0.6609 0.5652 0.2662 0.2202 0.2629 0.2580 0.0000 1.0000 0.0000 
1.0000 0.2759 0.2609 0.2609 0.0326 0.0219 0.0331 0.0346 1.0000 0.0000 0.0000 
0.5000 0.5034 0.4783 0.4348 0.1339 0.1318 0.1332 0.0988 1.0000 0.0000 0.0000 
1.0000 0.7586 0.7826 0.8913 0.5112 0.3329 0.4860 0.4841 0.0000 0.0000 1.0000 
1.0000 0.8138 0.8174 0.6304 0.4801 0.3574 0.5157 0.4992 0.0000 1.0000 0.0000 
0.0000 0.6207 0.6696 0.5000 0.2513 0.2149 0.2689 0.2122 1.0000 0.0000 0.0000 
1.0000 0.6621 0.6609 0.5652 0.2647 0.2286 0.2782 0.2373 1.0000 0.0000 0.0000 
1.0000 0.4759 0.4957 0.4565 0.1486 0.1170 0.1569 0.1491 1.0000 0.0000 0.0000 
0.0000 0.7586 0.7565 0.5870 0.3251 0.2932 0.2935 0.3110 0.0000 1.0000 0.0000 
1.0000 0.5379 0.5304 0.5000 0.1539 0.1130 0.1815 0.1602 0.0000 0.0000 1.0000 
1.0000 0.6207 0.6000 0.6304 0.2497 0.1890 0.2714 0.2496 0.0000 1.0000 0.0000 
0.0000 0.7793 0.7304 0.7826 0.4069 0.2929 0.4758 0.4232 0.0000 0.0000 1.0000 
1.0000 0.8276 0.8174 0.6522 0.4539 0.3840 0.4665 0.3942 0.0000 0.0000 1.0000 
0.0000 0.7241 0.7478 0.5870 0.2741 0.2377 0.2680 0.2652 0.0000 1.0000 0.0000 
1.0000 0.7655 0.8174 0.8043 0.4645 0.3312 0.4343 0.5176 0.0000 1.0000 0.0000 
0.5000 0.1448 0.1304 0.1522 0.0090 0.0077 0.0161 0.0084 1.0000 0.0000 0.0000 
0.5000 0.4828 0.5652 0.4130 0.1149 0.0857 0.1323 0.1100 0.0000 1.0000 0.0000 
1.0000 0.6621 0.6957 0.6522 0.3738 0.2633 0.3859 0.3255 0.0000 0.0000 1.0000 
1.0000 0.3793 0.3826 0.4348 0.1029 0.0817 0.1069 0.0994 1.0000 0.0000 0.0000 
0.0000 0.6966 0.6609 0.5652 0.3368 0.3188 0.3664 0.2323 0.0000 1.0000 0.0000 
0.5000 0.3034 0.2870 0.3261 0.0448 0.0387 0.0450 0.0391 1.0000 0.0000 0.0000 
0.0000 0.5931 0.5652 0.5435 0.2421 0.2421 0.2646 0.1781 0.0000 1.0000 0.0000 
0.5000 0.6552 0.6435 0.6304 0.3083 0.2764 0.3164 0.2691 0.0000 1.0000 0.0000 
0.0000 0.6069 0.6435 0.5652 0.2706 0.2038 0.2918 0.2831 0.0000 0.0000 1.0000 
1.0000 0.4828 0.4783 0.5217 0.1553 0.1015 0.1578 0.1714 0.0000 1.0000 0.0000 
0.5000 0.4138 0.3826 0.3478 0.0836 0.0716 0.0916 0.0765 1.0000 0.0000 0.0000 
1.0000 0.6276 0.6261 0.5652 0.2557 0.2081 0.2833 0.2272 0.0000 1.0000 0.0000 
0.0000 0.7655 0.7826 0.8043 0.4618 0.3463 0.5598 0.4171 0.0000 1.0000 0.0000 
1.0000 0.6690 0.6696 0.6522 0.3930 0.3379 0.4716 0.2887 0.0000 1.0000 0.0000 
0.5000 0.7517 0.7391 0.7391 0.3997 0.3547 0.4495 0.3400 0.0000 0.0000 1.0000 
0.5000 0.5862 0.5565 0.5652 0.1973 0.1590 0.2282 0.1870 0.0000 1.0000 0.0000 
1.0000 0.8414 0.7913 0.7391 0.5144 0.4240 0.5259 0.4143 0.0000 1.0000 0.0000 
0.0000 0.3517 0.3565 0.3043 0.0701 0.0414 0.0840 0.0765 0.0000 1.0000 0.0000 
0.0000 0.5724 0.5217 0.6522 0.3108 0.2337 0.3639 0.3138 1.0000 0.0000 0.0000 
0.5000 0.4897 0.4957 0.5000 0.1353 0.0918 0.1026 0.1614 0.0000 0.0000 1.0000 
0.5000 0.6345 0.6174 0.5217 0.2145 0.1796 0.2070 0.2189 0.0000 1.0000 0.0000 
0.0000 0.5172 0.5304 0.4348 0.1576 0.1358 0.1383 0.1435 0.0000 0.0000 1.0000 
0.5000 0.4690 0.4435 0.3696 0.1197 0.1210 0.0958 0.0910 1.0000 0.0000 0.0000 
0.5000 0.5655 0.5739 0.5217 0.2005 0.1678 0.3011 0.1703 1.0000 0.0000 0.0000 
0.0000 0.6621 0.6348 0.4348 0.3290 0.2983 0.2892 0.2496 1.0000 0.0000 0.0000 
0.5000 0.5034 0.4696 0.4348 0.1751 0.1728 0.2019 0.1184 1.0000 0.0000 0.0000 
0.5000 0.3724 0.3739 0.4348 0.0749 0.0545 0.0916 0.0765 1.0000 0.0000 0.0000 
0.0000 0.6207 0.6087 0.6522 0.2323 0.1779 0.1900 0.2496 0.0000 0.0000 1.0000 
1.0000 0.8000 0.9304 0.8261 0.5467 0.4391 0.6378 0.4618 0.0000 0.0000 1.0000 
1.0000 0.6897 0.6696 0.7609 0.3623 0.3406 0.3800 0.2758 0.0000 1.0000 0.0000 
0.5000 0.4345 0.4261 0.3478 0.0885 0.0709 0.0891 0.0877 1.0000 0.0000 0.0000 
0.0000 0.7586 0.7478 0.7174 0.4817 0.4543 0.4427 0.4121 0.0000 1.0000 0.0000 
1.0000 0.6966 0.6870 0.6304 0.2924 0.2152 0.3342 0.2714 1.0000 0.0000 0.0000 
0.5000 0.0759 0.0696 0.1087 0.0030 0.0027 0.0102 0.0022 1.0000 0.0000 0.0000 
0.0000 0.9241 0.9217 0.7826 0.6956 0.5666 0.7405 0.6521 0.0000 0.0000 1.0000 
0.0000 0.6621 0.6609 0.6739 0.3428 0.2253 0.3919 0.3277 0.0000 0.0000 1.0000 
0.5000 0.5310 0.5043 0.4348 0.1323 0.1019 0.0975 0.1379 1.0000 0.0000 0.0000 
0.0000 0.6000 0.5826 0.5435 0.2237 0.1547 0.3028 0.2217 0.0000 1.0000 0.0000 
0.5000 0.0000 0.0000 0.0000 0.0000 0.0000 0.0000 0.0000 1.0000 0.0000 0.0000 
0.0000 0.6690 0.6783 0.6304 0.4328 0.3736 0.5462 0.2993 0.0000 1.0000 0.0000 
1.0000 0.5172 0.4609 0.3913 0.1342 0.1140 0.1264 0.1267 0.0000 1.0000 0.0000 
0.5000 0.5103 0.5043 0.4783 0.1422 0.1130 0.1391 0.1435 1.0000 0.0000 0.0000 
1.0000 0.7586 0.7565 0.6739 0.4185 0.3470 0.4020 0.4338 0.0000 0.0000 1.0000 
1.0000 0.6759 0.7130 0.6087 0.3990 0.2529 0.5971 0.3668 0.0000 0.0000 1.0000 
0.0000 0.7862 0.7913 0.6522 0.4390 0.3904 0.4673 0.3501 0.0000 1.0000 0.0000 
1.0000 0.7379 0.7304 0.6304 0.3474 0.3063 0.3859 0.2954 0.0000 1.0000 0.0000 
0.0000 0.7241 0.7304 0.6304 0.3744 0.2959 0.3215 0.4338 0.0000 0.0000 1.0000 
0.0000 0.8483 0.9130 0.8043 0.5865 0.4755 0.6124 0.5248 0.0000 1.0000 0.0000 
0.0000 0.7034 0.6957 0.5217 0.3094 0.2757 0.3494 0.2496 1.0000 0.0000 0.0000 
1.0000 0.6552 0.6609 0.4348 0.2848 0.2290 0.3435 0.2384 0.0000 1.0000 0.0000 
1.0000 0.7448 0.7739 0.6957 0.3726 0.3252 0.3859 0.3277 0.0000 1.0000 0.0000 
0.0000 0.6966 0.6870 0.6087 0.3251 0.2636 0.3588 0.3216 0.0000 1.0000 0.0000 
1.0000 0.8138 0.8435 0.7174 0.4764 0.3325 0.4300 0.4618 0.0000 0.0000 1.0000 
0.0000 0.7172 0.7391 0.8261 0.3446 0.2401 0.3444 0.3780 0.0000 0.0000 1.0000 
1.0000 0.6207 0.6609 0.6304 0.3765 0.3262 0.3944 0.3166 1.0000 0.0000 0.0000 
0.5000 0.4276 0.3913 0.5000 0.0857 0.0679 0.0636 0.0932 1.0000 0.0000 0.0000 
0.0000 0.6345 0.6348 0.6087 0.2601 0.1866 0.3147 0.2384 0.0000 0.0000 1.0000 
0.0000 0.8690 0.8957 0.7609 0.6230 0.5017 0.6310 0.5433 0.0000 1.0000 0.0000 
0.5000 0.5793 0.5217 0.4783 0.1751 0.1432 0.1764 0.1653 1.0000 0.0000 0.0000 
0.0000 0.6414 0.6348 0.5217 0.2651 0.2468 0.2833 0.2044 0.0000 1.0000 0.0000 
0.5000 0.2828 0.2609 0.2609 0.0352 0.0269 0.0500 0.0318 1.0000 0.0000 0.0000 
1.0000 0.5448 0.5478 0.5435 0.1930 0.1486 0.2239 0.1882 0.0000 0.0000 1.0000 
1.0000 0.7103 0.7043 0.5217 0.3896 0.3053 0.3478 0.3668 0.0000 0.0000 1.0000 
0.5000 0.5448 0.5217 0.4783 0.1734 0.1180 0.1900 0.1463 0.0000 1.0000 0.0000 
0.0000 0.7310 0.6870 0.6739 0.4323 0.2394 0.3418 0.4283 0.0000 0.0000 1.0000 
0.5000 0.6276 0.6522 0.5435 0.2208 0.1641 0.2460 0.2367 0.0000 1.0000 0.0000 
1.0000 0.7517 0.7652 0.7174 0.6389 0.4317 0.5564 0.8079 0.0000 0.0000 1.0000 
0.5000 0.5241 0.5043 0.4348 0.1530 0.1385 0.1442 0.1340 1.0000 0.0000 0.0000 
0.5000 0.3793 0.3652 0.4348 0.0733 0.0437 0.0992 0.0821 0.0000 1.0000 0.0000 
1.0000 0.4828 0.4348 0.4348 0.1264 0.1157 0.1476 0.1072 0.0000 1.0000 0.0000 
0.5000 0.6552 0.6261 0.6087 0.2796 0.2371 0.2977 0.2619 0.0000 1.0000 0.0000 
1.0000 0.8069 0.7826 0.6739 0.4859 0.3954 0.5946 0.3836 0.0000 1.0000 0.0000 
0.5000 0.1724 0.1565 0.0652 0.0115 0.0067 0.0119 0.0095 1.0000 0.0000 0.0000 
0.0000 0.8069 0.7304 0.7391 0.4843 0.4304 0.4979 0.3724 1.0000 0.0000 0.0000 
0.5000 0.3931 0.3565 0.3043 0.0629 0.0491 0.0526 0.0653 1.0000 0.0000 0.0000 
1.0000 0.6414 0.6348 0.4783 0.2867 0.2629 0.2460 0.2479 0.0000 1.0000 0.0000 
1.0000 0.5862 0.5826 0.5000 0.1840 0.1664 0.1976 0.1446 1.0000 0.0000 0.0000 
0.0000 0.6483 0.6696 0.5435 0.3246 0.2878 0.3410 0.2635 0.0000 1.0000 0.0000 
1.0000 0.4069 0.3913 0.3913 0.0885 0.0709 0.1001 0.0810 1.0000 0.0000 0.0000 
1.0000 0.7103 0.7217 0.6304 0.4149 0.4193 0.3944 0.2881 0.0000 1.0000 0.0000 
0.0000 0.8759 0.8522 0.7174 0.6747 0.5861 0.7735 0.5288 0.0000 0.0000 1.0000 
0.5000 0.6069 0.5826 0.5652 0.1960 0.1338 0.1917 0.2479 0.0000 0.0000 1.0000 
0.0000 0.7241 0.7217 0.5435 0.3428 0.3124 0.3308 0.2931 0.0000 0.0000 1.0000 
1.0000 0.7241 0.7043 0.6087 0.4409 0.3581 0.4631 0.3222 0.0000 1.0000 0.0000 
1.0000 0.5448 0.5565 0.5217 0.2045 0.1436 0.2774 0.2161 0.0000 0.0000 1.0000 
0.5000 0.5448 0.5391 0.3913 0.1449 0.1170 0.1442 0.1491 1.0000 0.0000 0.0000 
0.0000 0.5241 0.5478 0.4130 0.1737 0.1446 0.2103 0.1491 0.0000 1.0000 0.0000 
1.0000 0.4483 0.4609 0.3696 0.1066 0.0891 0.1009 0.1100 1.0000 0.0000 0.0000 
0.0000 0.7931 0.7913 0.6957 0.5543 0.4866 0.5912 0.4350 0.0000 1.0000 0.0000 
0.0000 0.8207 0.8435 0.6739 0.5311 0.3477 0.6064 0.5623 0.0000 0.0000 1.0000 
0.5000 0.7379 0.7565 0.6522 0.4082 0.3937 0.4037 0.3238 0.0000 0.0000 1.0000 
1.0000 0.6276 0.6435 0.4348 0.2610 0.1587 0.2723 0.3277 0.0000 0.0000 1.0000 
0.0000 0.8345 0.8087 0.7609 0.5451 0.4018 0.6692 0.5092 0.0000 1.0000 0.0000 
0.0000 0.6621 0.6696 0.5870 0.3115 0.2885 0.3342 0.2390 1.0000 0.0000 0.0000 
1.0000 0.7034 0.6957 0.6087 0.3202 0.2747 0.3893 0.2591 1.0000 0.0000 0.0000 
1.0000 0.5448 0.5826 0.6087 0.2244 0.1463 0.1493 0.2831 0.0000 1.0000 0.0000 
0.0000 0.5931 0.5739 0.4565 0.2175 0.1627 0.1815 0.2328 0.0000 0.0000 1.0000 
0.0000 0.3724 0.3565 0.3478 0.0726 0.0514 0.0729 0.0838 0.0000 1.0000 0.0000 
0.0000 0.7034 0.6957 0.6739 0.3528 0.2313 0.4224 0.3501 0.0000 0.0000 1.0000 
0.5000 0.5724 0.5391 0.5000 0.1971 0.1688 0.2129 0.1787 0.0000 1.0000 0.0000 
1.0000 0.7310 0.7304 0.6304 0.4105 0.3840 0.4156 0.3054 0.0000 1.0000 0.0000 
0.0000 0.6207 0.6261 0.6957 0.2941 0.1846 0.2850 0.3445 0.0000 0.0000 1.0000 
1.0000 0.6966 0.7043 0.7391 0.4048 0.3221 0.4690 0.3613 0.0000 0.0000 1.0000 
1.0000 0.8690 0.8696 0.8913 0.7576 0.7031 0.6489 0.5879 0.0000 0.0000 1.0000 
1.0000 0.4483 0.4348 0.5217 0.1032 0.0639 0.1137 0.1156 0.0000 1.0000 0.0000 
0.5000 0.4207 0.4000 0.3478 0.0809 0.0669 0.0653 0.0849 1.0000 0.0000 0.0000 
1.0000 0.4897 0.4435 0.5217 0.2290 0.1833 0.2757 0.2038 0.0000 1.0000 0.0000 
1.0000 0.7103 0.7130 0.5652 0.3698 0.3151 0.4453 0.2920 1.0000 0.0000 0.0000 
0.0000 0.7655 0.8000 0.6522 0.4725 0.3712 0.5428 0.3892 0.0000 0.0000 1.0000 
1.0000 0.6828 0.6870 0.5652 0.2809 0.2270 0.2502 0.2719 0.0000 1.0000 0.0000 
0.0000 0.8069 0.8174 0.8478 0.4833 0.3359 0.4928 0.4562 0.0000 0.0000 1.0000 
0.5000 0.4828 0.4696 0.4348 0.1116 0.0901 0.0806 0.0988 1.0000 0.0000 0.0000 
1.0000 0.7103 0.7217 0.7391 0.4197 0.4018 0.3842 0.3445 0.0000 1.0000 0.0000 
0.0000 0.3793 0.3652 0.3478 0.0650 0.0494 0.0696 0.0653 1.0000 0.0000 0.0000 
0.5000 0.3655 0.3391 0.3478 0.0627 0.0514 0.0551 0.0597 1.0000 0.0000 0.0000 
0.5000 0.6897 0.6870 0.6957 0.3292 0.2401 0.3630 0.2887 0.0000 0.0000 1.0000 
1.0000 0.4069 0.3913 0.3696 0.0781 0.0535 0.0857 0.0821 1.0000 0.0000 0.0000 
1.0000 0.7379 0.7478 0.6957 0.3614 0.2811 0.4071 0.4003 0.0000 0.0000 1.0000 
1.0000 0.8759 0.8696 0.7174 0.7572 0.8369 0.6310 0.4830 0.0000 0.0000 1.0000 
0.5000 0.3034 0.2783 0.2609 0.0421 0.0309 0.0254 0.0436 1.0000 0.0000 0.0000 
0.0000 0.6069 0.5913 0.5435 0.1820 0.1348 0.2231 0.1792 0.0000 1.0000 0.0000 
1.0000 0.7586 0.7565 0.7609 0.4133 0.3541 0.4292 0.3825 0.0000 0.0000 1.0000 
0.0000 0.8276 0.8522 0.8043 0.6136 0.4597 0.6260 0.6739 0.0000 0.0000 1.0000 
1.0000 0.3724 0.3739 0.3696 0.0691 0.0440 0.0840 0.0765 0.0000 1.0000 0.0000 
0.5000 0.4483 0.4174 0.3696 0.0885 0.0736 0.0967 0.0720 1.0000 0.0000 0.0000 
0.5000 0.5172 0.5043 0.4348 0.1658 0.1577 0.1442 0.1251 1.0000 0.0000 0.0000 
0.5000 0.5448 0.5043 0.4565 0.1723 0.1342 0.1824 0.1837 0.0000 0.0000 1.0000 
1.0000 0.8138 0.8174 0.6739 0.4732 0.3702 0.6056 0.3892 0.0000 0.0000 1.0000 
1.0000 0.7310 0.7304 0.7174 0.4429 0.3742 0.5174 0.3814 0.0000 1.0000 0.0000 
0.5000 0.6345 0.6348 0.5870 0.2431 0.1829 0.2561 0.2630 0.0000 1.0000 0.0000 
1.0000 0.6483 0.6870 0.6087 0.3457 0.2256 0.3223 0.3333 0.0000 0.0000 1.0000 
1.0000 0.7448 0.7304 0.6304 0.3795 0.2935 0.4377 0.3445 0.0000 0.0000 1.0000 
0.0000 0.5517 0.5826 0.4783 0.1872 0.1429 0.1951 0.1882 0.0000 1.0000 0.0000 
1.0000 0.8069 0.7739 0.6739 0.4666 0.4479 0.4555 0.3791 0.0000 1.0000 0.0000 
1.0000 0.8276 0.7826 0.6522 0.5419 0.4970 0.6047 0.4243 0.0000 0.0000 1.0000 
1.0000 0.8138 0.8174 0.6522 0.4820 0.4223 0.4724 0.3780 1.0000 0.0000 0.0000 
1.0000 0.7448 0.7391 0.7391 0.4100 0.3252 0.3664 0.3613 0.0000 0.0000 1.0000 
1.0000 0.8207 0.7913 0.8261 0.5640 0.4502 0.6514 0.5014 0.0000 1.0000 0.0000 
1.0000 0.7379 0.7565 0.6522 0.3931 0.3120 0.3859 0.3791 0.0000 1.0000 0.0000 
0.0000 0.8345 0.7739 0.7609 0.6159 0.5148 0.5513 0.5215 0.0000 0.0000 1.0000 
1.0000 0.6828 0.6783 0.6087 0.3490 0.3383 0.3503 0.2764 1.0000 0.0000 0.0000 
0.0000 0.7655 0.7304 0.6087 0.3790 0.2905 0.5038 0.3501 1.0000 0.0000 0.0000 
0.0000 0.8621 0.8522 0.5217 0.5504 0.4516 0.6336 0.2161 0.0000 0.0000 1.0000 
0.5000 0.2897 0.2870 0.2391 0.0333 0.0266 0.0339 0.0318 1.0000 0.0000 0.0000 
0.5000 0.5034 0.4870 0.4565 0.1486 0.1157 0.1289 0.1245 1.0000 0.0000 0.0000 
0.0000 0.7034 0.7217 0.6957 0.3885 0.2666 0.3936 0.3981 0.0000 0.0000 1.0000 
0.0000 0.5310 0.5565 0.4783 0.1734 0.1476 0.1484 0.1882 1.0000 0.0000 0.0000 
0.5000 0.7931 0.8000 0.6522 0.4110 0.3322 0.3435 0.3668 0.0000 0.0000 1.0000 
1.0000 0.5103 0.5043 0.3478 0.1337 0.0955 0.1247 0.1379 0.0000 1.0000 0.0000 
0.5000 0.5103 0.5217 0.3696 0.1273 0.0945 0.1323 0.1323 1.0000 0.0000 0.0000 
0.5000 0.6414 0.6609 0.5870 0.3428 0.2875 0.3723 0.2931 0.0000 0.0000 1.0000 
0.0000 0.6000 0.5739 0.5435 0.2231 0.1890 0.2451 0.1882 1.0000 0.0000 0.0000 
1.0000 0.6207 0.6435 0.7826 0.3081 0.3104 0.2918 0.2205 0.0000 1.0000 0.0000 
1.0000 0.7448 0.7826 0.7826 0.4962 0.4509 0.4953 0.4059 1.0000 0.0000 0.0000 
1.0000 0.5034 0.4870 0.4348 0.1388 0.1049 0.1620 0.1346 0.0000 1.0000 0.0000 
0.5000 0.4759 0.4783 0.3913 0.1240 0.1093 0.1501 0.1100 0.0000 1.0000 0.0000 
0.0000 0.7448 0.8000 0.5435 0.3965 0.3658 0.3902 0.3222 0.0000 1.0000 0.0000 
1.0000 0.6483 0.6348 0.5217 0.3106 0.2508 0.2867 0.2552 0.0000 0.0000 1.0000 
0.5000 0.6621 0.6609 0.5870 0.2463 0.1755 0.2663 0.2663 0.0000 0.0000 1.0000 
0.5000 0.4414 0.4087 0.3696 0.1070 0.0847 0.1416 0.0843 1.0000 0.0000 0.0000 
0.5000 0.2207 0.2087 0.1304 0.0243 0.0219 0.0246 0.0207 1.0000 0.0000 0.0000 
1.0000 0.5655 0.5913 0.5652 0.2222 0.1530 0.2146 0.2496 0.0000 0.0000 1.0000 
1.0000 0.5172 0.4957 0.5217 0.1309 0.1073 0.1340 0.1156 0.0000 1.0000 0.0000 
1.0000 0.8138 0.7826 0.6522 0.4558 0.4126 0.4283 0.4076 0.0000 0.0000 1.0000 
1.0000 0.6345 0.6087 0.5652 0.2584 0.2253 0.2638 0.2105 1.0000 0.0000 0.0000 
0.0000 0.6552 0.6696 0.6304 0.3343 0.2098 0.3087 0.3724 0.0000 0.0000 1.0000 
0.0000 0.6552 0.6522 0.5652 0.2968 0.2515 0.3690 0.2155 1.0000 0.0000 0.0000 
0.0000 0.6138 0.6174 0.6522 0.2515 0.1907 0.2587 0.2496 0.0000 1.0000 0.0000 
0.5000 0.2276 0.2261 0.2609 0.0246 0.0168 0.0297 0.0262 1.0000 0.0000 0.0000 
1.0000 0.3862 0.3652 0.3261 0.0705 0.0457 0.0891 0.0759 1.0000 0.0000 0.0000 
1.0000 0.7862 0.7478 0.6087 0.4319 0.3823 0.4631 0.3668 0.0000 1.0000 0.0000 
1.0000 0.6897 0.6783 0.6522 0.2964 0.2687 0.3350 0.2652 0.0000 1.0000 0.0000 
0.5000 0.5448 0.5478 0.4783 0.1659 0.1234 0.1781 0.1714 0.0000 0.0000 1.0000 
1.0000 0.5448 0.5565 0.5217 0.1845 0.1432 0.2231 0.1602 1.0000 0.0000 0.0000 
1.0000 0.8276 0.8174 0.7174 0.4958 0.3241 0.5428 0.5176 0.0000 0.0000 1.0000 
1.0000 0.6000 0.6000 0.5652 0.2300 0.1644 0.2816 0.2049 0.0000 1.0000 0.0000 
0.5000 0.5310 0.5391 0.4565 0.1803 0.1584 0.1993 0.1357 1.0000 0.0000 0.0000 
1.0000 0.6483 0.6696 0.5652 0.2966 0.2387 0.3223 0.2647 0.0000 0.0000 1.0000 
1.0000 0.8207 0.8174 0.7391 0.5275 0.4889 0.5810 0.4238 0.0000 1.0000 0.0000 
1.0000 0.8000 0.7826 0.6739 0.4491 0.4052 0.4436 0.3724 0.0000 1.0000 0.0000 
0.5000 0.5310 0.5043 0.4130 0.1583 0.1311 0.1595 0.1396 1.0000 0.0000 0.0000 
1.0000 0.7241 0.7043 0.6304 0.3391 0.2989 0.3198 0.3277 0.0000 0.0000 1.0000 
0.5000 0.6690 0.6783 0.6739 0.2940 0.2317 0.3028 0.3099 0.0000 1.0000 0.0000 
0.5000 0.4759 0.4609 0.4348 0.1087 0.0767 0.1086 0.1039 1.0000 0.0000 0.0000 
0.0000 0.4276 0.4348 0.4130 0.1167 0.0911 0.1255 0.1100 1.0000 0.0000 0.0000 
0.5000 0.3931 0.3826 0.3696 0.0761 0.0558 0.0729 0.0988 1.0000 0.0000 0.0000 
0.0000 0.8690 0.8522 0.7391 0.5445 0.4079 0.6226 0.5170 0.0000 0.0000 1.0000 
0.5000 0.6000 0.5565 0.6087 0.2973 0.2579 0.2638 0.2831 0.0000 1.0000 0.0000 
0.0000 0.8069 0.8174 0.7826 0.5908 0.4381 0.8261 0.5455 0.0000 0.0000 1.0000 
1.0000 0.5931 0.5739 0.4130 0.1950 0.1601 0.2103 0.1720 0.0000 1.0000 0.0000 
0.0000 0.6897 0.7043 0.5870 0.3515 0.3127 0.3876 0.2942 1.0000 0.0000 0.0000 
0.5000 0.4690 0.4348 0.4783 0.1183 0.1103 0.1281 0.0882 1.0000 0.0000 0.0000 
0.0000 0.6345 0.6000 0.6087 0.4328 0.4149 0.4656 0.3194 0.0000 1.0000 0.0000 
0.0000 0.7724 0.7478 0.6304 0.3793 0.3134 0.3342 0.3892 0.0000 0.0000 1.0000 
1.0000 0.7724 0.7913 0.6304 0.4087 0.2872 0.4894 0.3501 0.0000 0.0000 1.0000 
1.0000 0.3655 0.3478 0.3696 0.0747 0.0538 0.0568 0.0765 0.0000 1.0000 0.0000 
1.0000 0.6000 0.5913 0.5000 0.2049 0.1634 0.2256 0.2083 0.0000 0.0000 1.0000 
1.0000 0.6897 0.6783 0.5870 0.3095 0.2545 0.2731 0.2998 0.0000 1.0000 0.0000 
1.0000 0.6759 0.7130 0.7174 0.3517 0.2613 0.3096 0.4115 0.0000 0.0000 1.0000 
0.5000 0.5862 0.5652 0.4348 0.1743 0.1459 0.1518 0.1463 1.0000 0.0000 0.0000 
0.0000 0.6759 0.6870 0.7174 0.3568 0.2999 0.4020 0.2937 0.0000 1.0000 0.0000 
1.0000 0.8897 0.9217 0.9130 0.6772 0.6150 0.7591 0.5332 0.0000 0.0000 1.0000 
0.5000 0.1448 0.1391 0.3043 0.0110 0.0091 0.0110 0.0095 1.0000 0.0000 0.0000 
0.5000 0.5310 0.5304 0.3913 0.1634 0.1557 0.1569 0.1267 1.0000 0.0000 0.0000 
1.0000 0.4414 0.4174 0.4565 0.1112 0.0804 0.1001 0.1217 0.0000 0.0000 1.0000 
1.0000 0.8276 0.8435 0.7174 0.5498 0.4462 0.4707 0.5701 0.0000 0.0000 1.0000 
0.0000 0.6069 0.5913 0.6739 0.2672 0.1274 0.2875 0.3562 0.0000 1.0000 0.0000 
0.0000 0.6690 0.7043 0.7391 0.3428 0.2293 0.3316 0.3948 0.0000 0.0000 1.0000 
0.5000 0.5793 0.5478 0.5000 0.1684 0.1237 0.1187 0.1870 0.0000 0.0000 1.0000 
1.0000 0.2207 0.1826 0.2174 0.0186 0.0171 0.0153 0.0151 1.0000 0.0000 0.0000 
1.0000 0.7655 0.8000 0.6304 0.4452 0.2754 0.3333 0.4562 0.0000 0.0000 1.0000 
0.5000 0.5586 0.5304 0.5000 0.1913 0.1873 0.1730 0.1625 1.0000 0.0000 0.0000 
0.5000 0.2345 0.2435 0.2174 0.0329 0.0293 0.0407 0.0274 1.0000 0.0000 0.0000 
1.0000 0.6759 0.6870 0.4565 0.3211 0.2670 0.3333 0.3222 0.0000 0.0000 1.0000 
0.5000 0.6276 0.6348 0.7609 0.2656 0.2004 0.2638 0.2272 0.0000 0.0000 1.0000 
0.5000 0.5034 0.5043 0.3913 0.1289 0.0814 0.1527 0.1323 0.0000 0.0000 1.0000 
0.5000 0.5034 0.4609 0.3696 0.1153 0.0999 0.0992 0.1100 1.0000 0.0000 0.0000 
1.0000 0.5586 0.5652 0.5435 0.1863 0.1338 0.2358 0.1770 0.0000 0.0000 1.0000 
0.0000 0.7034 0.6870 0.6522 0.3196 0.2717 0.3749 0.2591 1.0000 0.0000 0.0000 
0.0000 0.7034 0.7043 0.6087 0.3547 0.3376 0.3562 0.2792 0.0000 0.0000 1.0000 
0.5000 0.6414 0.6348 0.5652 0.2566 0.2149 0.2443 0.2540 0.0000 1.0000 0.0000 
1.0000 0.3586 0.3652 0.3696 0.0692 0.0528 0.0628 0.0765 0.0000 1.0000 0.0000 
0.0000 0.5655 0.5565 0.5435 0.1962 0.1288 0.2222 0.1865 0.0000 1.0000 0.0000 
1.0000 0.8207 0.8609 0.6957 0.4409 0.3167 0.4156 0.4450 0.0000 0.0000 1.0000 
0.0000 0.7517 0.7391 0.7174 0.3678 0.3114 0.3766 0.3333 0.0000 1.0000 0.0000 
0.0000 0.5931 0.6000 0.6739 0.2575 0.1792 0.2621 0.2775 0.0000 1.0000 0.0000 
0.5000 0.5379 0.5043 0.4130 0.1415 0.1621 0.0577 0.1200 1.0000 0.0000 0.0000 
0.5000 0.5517 0.5391 0.4783 0.1829 0.1796 0.1849 0.1508 1.0000 0.0000 0.0000 
1.0000 0.7724 0.8174 0.6522 0.4225 0.3648 0.4165 0.3724 0.0000 0.0000 1.0000 
1.0000 0.8207 0.7913 0.7391 0.5943 0.6221 0.5038 0.4377 0.0000 0.0000 1.0000 
0.0000 0.6690 0.6522 0.6087 0.3118 0.2323 0.2909 0.3445 0.0000 1.0000 0.0000 
0.0000 0.8552 0.8174 0.8478 0.6434 0.5501 0.6819 0.5036 0.0000 0.0000 1.0000 
0.5000 0.5862 0.6000 0.4783 0.2175 0.1748 0.2417 0.2144 1.0000 0.0000 0.0000 
0.5000 0.4690 0.4870 0.3913 0.1261 0.1130 0.1128 0.1156 1.0000 0.0000 0.0000 
1.0000 0.3724 0.3652 0.3478 0.0570 0.0407 0.0619 0.0525 0.0000 1.0000 0.0000 
0.5000 0.2759 0.2522 0.1957 0.0321 0.0249 0.0348 0.0274 1.0000 0.0000 0.0000 
0.5000 0.6966 0.6348 0.5652 0.2476 0.2202 0.1722 0.2501 0.0000 1.0000 0.0000 
0.5000 0.2966 0.2696 0.2174 0.0416 0.0370 0.0390 0.0318 1.0000 0.0000 0.0000 
0.0000 0.8966 0.8783 0.7609 0.6340 0.5864 0.6217 0.4841 0.0000 0.0000 1.0000 
0.0000 0.8069 0.8174 0.6522 0.4516 0.3339 0.5403 0.4383 0.0000 0.0000 1.0000 
0.0000 0.8138 0.8174 0.7391 0.5583 0.4553 0.3876 0.5075 0.0000 0.0000 1.0000 
0.0000 0.6552 0.6870 0.6087 0.3092 0.2428 0.2969 0.3071 0.0000 1.0000 0.0000 
0.5000 0.6345 0.6000 0.5870 0.2490 0.2054 0.2307 0.2440 0.0000 1.0000 0.0000 
0.5000 0.3517 0.3652 0.3261 0.0687 0.0514 0.0509 0.0480 1.0000 0.0000 0.0000 
0.5000 0.2414 0.2261 0.2391 0.0244 0.0175 0.0305 0.0235 1.0000 0.0000 0.0000 
0.5000 0.4897 0.4783 0.3913 0.1583 0.1701 0.1391 0.1066 1.0000 0.0000 0.0000 
1.0000 0.8759 0.8783 0.7174 0.6099 0.3800 0.7752 0.5148 0.0000 0.0000 1.0000 
0.5000 0.5241 0.5217 0.4130 0.1310 0.0921 0.1289 0.1491 0.0000 1.0000 0.0000 
0.5000 0.3172 0.2870 0.2609 0.0492 0.0410 0.0517 0.0396 1.0000 0.0000 0.0000 
0.0000 0.7310 0.7217 0.6739 0.4163 0.4102 0.3851 0.3244 0.0000 1.0000 0.0000 
0.5000 0.6138 0.6174 0.4348 0.1829 0.1449 0.1544 0.2038 1.0000 0.0000 0.0000 
0.0000 0.6828 0.7130 0.6304 0.3081 0.2176 0.4046 0.3166 0.0000 0.0000 1.0000 
0.5000 0.5379 0.5304 0.4130 0.1594 0.1473 0.2689 0.1139 0.0000 1.0000 0.0000 
1.0000 0.7517 0.6870 0.8261 0.3032 0.2875 0.2578 0.2669 1.0000 0.0000 0.0000 
0.5000 0.6276 0.6348 0.5652 0.2389 0.1715 0.3138 0.2306 0.0000 1.0000 0.0000 
0.0000 0.5724 0.5826 0.5435 0.2042 0.1651 0.2078 0.2217 0.0000 0.0000 1.0000 
0.0000 0.6552 0.6435 0.5000 0.3407 0.3675 0.2689 0.2384 1.0000 0.0000 0.0000 
0.0000 0.7862 0.8174 0.6957 0.4845 0.4119 0.4792 0.3780 0.0000 1.0000 0.0000 
1.0000 0.7172 0.7217 0.6739 0.3917 0.3299 0.3936 0.3719 0.0000 1.0000 0.0000 
0.0000 0.6966 0.7043 0.7391 0.3717 0.2747 0.4394 0.3065 1.0000 0.0000 0.0000 
0.5000 0.2483 0.2261 0.2174 0.0321 0.0256 0.0348 0.0262 1.0000 0.0000 0.0000 
0.0000 0.6276 0.6522 0.6957 0.2738 0.2347 0.2570 0.2607 0.0000 0.0000 1.0000 
0.5000 0.3586 0.3565 0.3261 0.0673 0.0646 0.0500 0.0586 1.0000 0.0000 0.0000 
0.0000 0.8621 0.8174 0.7826 0.5824 0.5740 0.5199 0.4444 0.0000 1.0000 0.0000 
1.0000 0.7862 0.7739 0.7174 0.4733 0.4250 0.5064 0.3881 0.0000 0.0000 1.0000 
0.5000 0.4690 0.4783 0.3478 0.1266 0.1137 0.1366 0.0988 1.0000 0.0000 0.0000 
0.0000 0.4552 0.4696 0.4348 0.1252 0.1009 0.1060 0.1290 0.0000 1.0000 0.0000 
1.0000 0.6690 0.6522 0.5870 0.3179 0.3114 0.3003 0.2596 0.0000 1.0000 0.0000 
0.5000 0.2345 0.2174 0.2391 0.0244 0.0195 0.0212 0.0223 1.0000 0.0000 0.0000 
0.0000 0.8345 0.8957 0.8478 0.6517 0.4196 0.6913 0.7242 0.0000 0.0000 1.0000 
0.0000 0.4138 0.4174 0.4348 0.1057 0.0837 0.0967 0.1139 1.0000 0.0000 0.0000 
1.0000 0.7310 0.7304 0.7391 0.3310 0.2643 0.3707 0.3277 0.0000 0.0000 1.0000 
1.0000 0.6345 0.6174 0.5435 0.3046 0.1913 0.2578 0.3557 0.0000 0.0000 1.0000 
0.0000 0.5034 0.4957 0.5652 0.1700 0.1244 0.1832 0.1770 0.0000 1.0000 0.0000 
1.0000 0.8000 0.8261 0.7174 0.4468 0.3262 0.4461 0.4618 0.0000 0.0000 1.0000 
0.0000 0.8000 0.8261 0.7826 0.5050 0.3309 0.5386 0.6293 0.0000 0.0000 1.0000 
0.0000 0.8690 0.8348 0.7391 0.5961 0.4654 0.7116 0.4500 0.0000 0.0000 1.0000 
1.0000 0.7034 0.7304 0.4783 0.3340 0.2751 0.3579 0.3110 0.0000 0.0000 1.0000 
0.5000 0.2759 0.2522 0.2391 0.0406 0.0373 0.0212 0.0374 1.0000 0.0000 0.0000 
0.5000 0.6483 0.6087 0.5435 0.2098 0.1809 0.2002 0.2049 1.0000 0.0000 0.0000 
0.0000 0.6069 0.6435 0.5435 0.2515 0.1785 0.2714 0.2775 0.0000 0.0000 1.0000 
0.0000 0.5862 0.5478 0.5435 0.1587 0.1147 0.1781 0.1714 0.0000 1.0000 0.0000 
1.0000 0.6552 0.6696 0.6304 0.3235 0.2445 0.3299 0.2775 1.0000 0.0000 0.0000 
0.5000 0.4276 0.4000 0.3478 0.0871 0.0622 0.1111 0.0765 1.0000 0.0000 0.0000 
0.0000 0.8345 0.8000 0.7174 0.5725 0.3440 0.6930 0.6907 0.0000 0.0000 1.0000 
0.5000 0.4552 0.4348 0.3913 0.0953 0.0642 0.1026 0.0999 1.0000 0.0000 0.0000 
0.0000 0.7655 0.7739 0.7609 0.4891 0.3625 0.5615 0.4227 0.0000 1.0000 0.0000 
0.0000 0.5862 0.5565 0.4565 0.2098 0.1237 0.2502 0.2105 0.0000 0.0000 1.0000 
0.5000 0.5448 0.5217 0.4783 0.1385 0.1116 0.1493 0.1267 1.0000 0.0000 0.0000 
1.0000 0.6138 0.5913 0.5000 0.2052 0.1718 0.2137 0.1882 0.0000 1.0000 0.0000 
0.5000 0.5793 0.5565 0.4783 0.2079 0.2061 0.2053 0.1552 1.0000 0.0000 0.0000 
0.0000 0.7379 0.7652 0.7609 0.3919 0.2485 0.5310 0.3668 0.0000 0.0000 1.0000 
0.5000 0.6207 0.6522 0.6087 0.2601 0.2162 0.2723 0.2384 0.0000 0.0000 1.0000 
1.0000 0.6759 0.6696 0.6304 0.3067 0.2334 0.3673 0.2887 0.0000 0.0000 1.0000 
0.0000 0.8207 0.8087 0.6087 0.4973 0.3484 0.5895 0.4115 0.0000 0.0000 1.0000 
0.0000 0.7517 0.7217 0.5652 0.3650 0.2418 0.3791 0.4003 0.0000 0.0000 1.0000 
0.5000 0.6690 0.6696 0.6957 0.3338 0.2377 0.3681 0.3333 0.0000 0.0000 1.0000 
1.0000 0.7034 0.6087 0.6087 0.4443 0.2919 0.3418 0.3613 0.0000 0.0000 1.0000 
0.0000 0.5862 0.5739 0.4130 0.1757 0.1200 0.1849 0.1882 0.0000 0.0000 1.0000 
0.5000 0.5724 0.6000 0.5435 0.2203 0.2034 0.2171 0.1870 1.0000 0.0000 0.0000 
0.5000 0.5793 0.5739 0.5000 0.2065 0.1846 0.2087 0.1826 1.0000 0.0000 0.0000 
0.0000 0.6966 0.7304 0.5435 0.3269 0.2623 0.2791 0.3054 0.0000 0.0000 1.0000 
1.0000 0.7310 0.7304 0.5870 0.3124 0.2572 0.3223 0.2998 1.0000 0.0000 0.0000 
0.0000 0.8207 0.8609 0.6304 0.5539 0.5763 0.5742 0.3936 0.0000 1.0000 0.0000 
0.5000 0.3379 0.3217 0.3478 0.0551 0.0464 0.0441 0.0458 1.0000 0.0000 0.0000 
1.0000 0.5862 0.5826 0.5870 0.2299 0.1829 0.2231 0.2440 0.0000 0.0000 1.0000 
0.5000 0.3586 0.3391 0.3043 0.0584 0.0447 0.0543 0.0625 1.0000 0.0000 0.0000 
0.0000 0.7586 0.7478 0.7174 0.4861 0.4926 0.4597 0.3691 0.0000 1.0000 0.0000 
0.5000 0.4138 0.3565 0.3043 0.0728 0.0599 0.0696 0.0765 1.0000 0.0000 0.0000 
0.5000 0.3241 0.3217 0.4130 0.1015 0.0787 0.1094 0.0910 1.0000 0.0000 0.0000 
0.5000 0.3379 0.3478 0.3913 0.0614 0.0484 0.0696 0.0709 1.0000 0.0000 0.0000 
0.0000 0.8345 0.7826 0.6957 0.4751 0.4412 0.5030 0.3948 0.0000 0.0000 1.0000 
0.0000 0.7172 0.7391 0.6087 0.3924 0.3342 0.3859 0.3668 0.0000 1.0000 0.0000 
1.0000 0.6897 0.6870 0.6304 0.3131 0.2418 0.3571 0.2859 0.0000 1.0000 0.0000 
0.5000 0.2069 0.2000 0.2609 0.0193 0.0155 0.0212 0.0162 1.0000 0.0000 0.0000 
0.0000 0.6759 0.6870 0.5435 0.3494 0.2596 0.2528 0.3445 0.0000 0.0000 1.0000 
1.0000 0.6483 0.6174 0.5870 0.3085 0.2034 0.3316 0.3445 0.0000 0.0000 1.0000 
1.0000 0.6207 0.6087 0.5435 0.2676 0.2216 0.3656 0.2161 0.0000 1.0000 0.0000 
