0.0000 0.8621 0.8609 0.6957 0.5957 0.5061 0.5530 0.3557 0.0000 0.0000 1.0000 
0.0000 0.6414 0.6348 0.5652 0.2839 0.2549 0.3053 0.2328 0.0000 1.0000 0.0000 
1.0000 0.3241 0.2957 0.3043 0.0469 0.0356 0.0399 0.0542 1.0000 0.0000 0.0000 
0.5000 0.5241 0.5565 0.4783 0.1753 0.1577 0.1781 0.1429 1.0000 0.0000 0.0000 
0.0000 0.5931 0.5565 0.7391 0.2005 0.1557 0.2528 0.1882 0.0000 0.0000 1.0000 
0.0000 0.4069 0.4174 0.3913 0.0944 0.0777 0.0941 0.0916 1.0000 0.0000 0.0000 
1.0000 0.5586 0.5652 0.5217 0.2180 0.2011 0.2400 0.1937 0.0000 0.0000 1.0000 
1.0000 0.5724 0.5826 0.5435 0.2090 0.1621 0.1620 0.2032 0.0000 0.0000 1.0000 
0.5000 0.3241 0.2783 0.2826 0.0444 0.0373 0.0458 0.0385 1.0000 0.0000 0.0000 
0.5000 0.7586 0.7478 0.6522 0.4066 0.3527 0.4351 0.3685 0.0000 0.0000 1.0000 
1.0000 0.8552 0.8435 0.8043 0.5982 0.5158 0.6149 0.5293 0.0000 0.0000 1.0000 
0.5000 0.4621 0.4696 0.3913 0.1142 0.0881 0.1213 0.1167 1.0000 0.0000 0.0000 
0.5000 0.3310 0.3043 0.2609 0.0398 0.0303 0.0390 0.0413 1.0000 0.0000 0.0000 
1.0000 0.6069 0.5478 0.4565 0.2169 0.2290 0.2621 0.1614 0.0000 1.0000 0.0000 
1.0000 0.4621 0.4696 0.3913 0.1252 0.0975 0.1213 0.1156 0.0000 1.0000 0.0000 
1.0000 0.7862 0.7826 0.6087 0.4103 0.3484 0.4427 0.3724 0.0000 1.0000 0.0000 
0.5000 0.5862 0.6174 0.5652 0.2336 0.1732 0.2748 0.2172 0.0000 1.0000 0.0000 
0.0000 0.6483 0.6261 0.8261 0.4803 0.3806 0.5386 0.4484 0.0000 1.0000 0.0000 
0.0000 0.8138 0.8000 0.7391 0.4912 0.3991 0.5488 0.4394 0.0000 1.0000 0.0000 
0.5000 0.4276 0.4087 0.3696 0.1098 0.0955 0.1069 0.0944 1.0000 0.0000 0.0000 
0.0000 0.6552 0.6261 0.5435 0.2697 0.2132 0.3554 0.2217 0.0000 1.0000 0.0000 
1.0000 0.5862 0.5826 0.5435 0.2761 0.2421 0.2663 0.2647 0.0000 1.0000 0.0000 
0.0000 0.6276 0.6957 0.6739 0.3466 0.2115 0.4767 0.3294 0.0000 0.0000 1.0000 
0.0000 0.5931 0.6435 0.5652 0.3003 0.1843 0.2748 0.3166 0.0000 0.0000 1.0000 
1.0000 0.9034 0.9391 0.9565 1.0000 0.7703 0.7099 1.0000 0.0000 0.0000 1.0000 
0.0000 0.8276 0.8957 0.9348 0.5614 0.4963 0.5072 0.4841 0.0000 1.0000 0.0000 
0.5000 0.4138 0.3826 0.3478 0.0765 0.0619 0.0679 0.0826 1.0000 0.0000 0.0000 
0.0000 0.6966 0.7739 0.6739 0.3269 0.2482 0.3130 0.3339 0.0000 1.0000 0.0000 
0.0000 0.6138 0.6435 0.5870 0.2472 0.1385 0.3223 0.2663 0.0000 0.0000 1.0000 
0.5000 0.4897 0.4957 0.4130 0.1553 0.1597 0.1255 0.1184 1.0000 0.0000 0.0000 
0.0000 0.2966 0.2957 0.2826 0.0489 0.0340 0.0390 0.0430 1.0000 0.0000 0.0000 
0.5000 0.5103 0.4957 0.5870 0.1530 0.1301 0.1527 0.1435 1.0000 0.0000 0.0000 
1.0000 0.6414 0.6957 0.5652 0.3435 0.2811 0.4317 0.2987 0.0000 1.0000 0.0000 
0.5000 0.5448 0.5130 0.5435 0.2001 0.1550 0.2477 0.1686 0.0000 0.0000 1.0000 
0.0000 0.7655 0.7391 0.6739 0.4461 0.3695 0.4690 0.4322 0.0000 1.0000 0.0000 
1.0000 0.5586 0.5217 0.6522 0.1636 0.1479 0.1790 0.2652 1.0000 0.0000 0.0000 
1.0000 0.7103 0.7130 0.6739 0.3942 0.3467 0.4623 0.3054 0.0000 1.0000 0.0000 
1.0000 0.4690 0.4261 0.3913 0.1181 0.1032 0.1154 0.1044 1.0000 0.0000 0.0000 
0.5000 0.6276 0.5913 0.5000 0.2201 0.1994 0.1824 0.2161 0.0000 0.0000 1.0000 
0.5000 0.6138 0.5913 0.5000 0.2049 0.1638 0.2468 0.1826 0.0000 1.0000 0.0000 
1.0000 0.8345 0.8435 0.8696 0.6327 0.5605 0.6913 0.4863 0.0000 0.0000 1.0000 
0.5000 0.4276 0.4087 0.3261 0.0880 0.0746 0.1026 0.0877 1.0000 0.0000 0.0000 
0.0000 0.8552 0.8609 0.6304 0.6543 0.5151 0.7489 0.4645 0.0000 1.0000 0.0000 
0.0000 0.7034 0.6348 0.6304 0.3655 0.2932 0.3766 0.3557 0.0000 0.0000 1.0000 
1.0000 0.8966 0.8957 0.7826 0.8247 0.8420 0.9169 0.5790 0.0000 1.0000 0.0000 
0.5000 0.3517 0.3565 0.3261 0.0689 0.0609 0.0712 0.0597 1.0000 0.0000 0.0000 
0.5000 0.4966 0.4783 0.3696 0.1385 0.1466 0.1264 0.0972 1.0000 0.0000 0.0000 
0.0000 0.8069 0.8870 0.8043 0.6228 0.4647 0.5530 0.5567 0.0000 0.0000 1.0000 
0.0000 0.7034 0.7478 0.6087 0.3814 0.2781 0.3579 0.3959 0.0000 0.0000 1.0000 
0.5000 0.1517 0.1304 0.1522 0.0096 0.0074 0.0119 0.0089 1.0000 0.0000 0.0000 
0.0000 0.7241 0.7826 0.7826 0.3991 0.2942 0.4334 0.4003 0.0000 0.0000 1.0000 
0.0000 0.8069 0.7739 0.6739 0.4209 0.3077 0.5047 0.4115 0.0000 0.0000 1.0000 
0.5000 0.5034 0.4957 0.4783 0.1544 0.1416 0.1399 0.1323 0.0000 1.0000 0.0000 
1.0000 0.8069 0.8087 0.7826 0.5511 0.5071 0.5047 0.4450 0.0000 1.0000 0.0000 
1.0000 0.7655 0.7565 0.6304 0.4429 0.4230 0.4165 0.3210 0.0000 1.0000 0.0000 
0.0000 0.6138 0.6087 0.5870 0.2929 0.2371 0.2850 0.2272 0.0000 0.0000 1.0000 
0.5000 0.3103 0.3043 0.3696 0.0483 0.0370 0.0611 0.0396 1.0000 0.0000 0.0000 
0.0000 0.6828 0.7652 0.6522 0.3859 0.3033 0.4656 0.3501 0.0000 0.0000 1.0000 
0.5000 0.6621 0.7043 0.5870 0.3182 0.2579 0.2672 0.3071 0.0000 0.0000 1.0000 
0.5000 0.4621 0.4783 0.4130 0.1179 0.1019 0.1247 0.1212 1.0000 0.0000 0.0000 
0.5000 0.6276 0.6174 0.6087 0.2160 0.1631 0.2578 0.2099 0.0000 0.0000 1.0000 
0.0000 0.7241 0.7739 0.6957 0.3995 0.2956 0.4521 0.3724 0.0000 0.0000 1.0000 
0.5000 0.4966 0.4957 0.4348 0.1434 0.1126 0.1230 0.1435 0.0000 1.0000 0.0000 
1.0000 0.5931 0.5739 0.5870 0.2392 0.1580 0.3028 0.2217 0.0000 0.0000 1.0000 
1.0000 0.6690 0.6435 0.5435 0.3000 0.2189 0.3740 0.2937 0.0000 1.0000 0.0000 
0.0000 0.6759 0.6000 0.5217 0.2463 0.2061 0.2816 0.1993 1.0000 0.0000 0.0000 
0.5000 0.5517 0.5130 0.4565 0.1757 0.1590 0.1671 0.1547 1.0000 0.0000 0.0000 
0.0000 0.8345 0.8609 0.8696 0.6171 0.4011 0.5165 0.6963 0.0000 0.0000 1.0000 
1.0000 0.9172 0.9130 0.8478 0.8426 0.5477 0.7956 0.5433 0.0000 0.0000 1.0000 
1.0000 0.7241 0.7304 0.8478 0.4158 0.3527 0.4869 0.3423 0.0000 1.0000 0.0000 
0.0000 0.6276 0.6435 0.5217 0.2679 0.2179 0.3333 0.2272 1.0000 0.0000 0.0000 
0.5000 0.4483 0.4609 0.3696 0.1225 0.1298 0.0891 0.0955 1.0000 0.0000 0.0000 
0.5000 0.4759 0.4609 0.3913 0.1197 0.1167 0.0840 0.1039 1.0000 0.0000 0.0000 
0.5000 0.3103 0.2870 0.2391 0.0416 0.0343 0.0254 0.0374 1.0000 0.0000 0.0000 
0.5000 0.4000 0.3826 0.5435 0.0843 0.0720 0.0746 0.0804 1.0000 0.0000 0.0000 
0.5000 0.4138 0.4000 0.3478 0.0894 0.0794 0.1001 0.0737 1.0000 0.0000 0.0000 
0.5000 0.5793 0.5565 0.4565 0.2031 0.2078 0.1934 0.1541 1.0000 0.0000 0.0000 
0.5000 0.3103 0.2870 0.3043 0.0421 0.0313 0.0704 0.0374 1.0000 0.0000 0.0000 
0.0000 0.6759 0.6870 0.5870 0.3002 0.2828 0.2850 0.2496 1.0000 0.0000 0.0000 
0.0000 0.7586 0.8087 0.7391 0.4788 0.3252 0.5946 0.4171 0.0000 0.0000 1.0000 
0.0000 0.8897 0.8174 0.7391 0.5111 0.4237 0.5445 0.4841 1.0000 0.0000 0.0000 
0.5000 0.3310 0.3043 0.3043 0.0480 0.0360 0.0517 0.0480 1.0000 0.0000 0.0000 
0.5000 0.4276 0.4261 0.3478 0.1084 0.1019 0.0941 0.0916 1.0000 0.0000 0.0000 
1.0000 0.7448 0.7826 0.6739 0.4739 0.3568 0.4767 0.4562 0.0000 0.0000 1.0000 
0.5000 0.5586 0.5826 0.6087 0.2215 0.1849 0.2265 0.2049 0.0000 0.0000 1.0000 
0.0000 0.6966 0.6609 0.6304 0.3104 0.2851 0.2850 0.2691 0.0000 1.0000 0.0000 
0.5000 0.5172 0.5130 0.5217 0.1930 0.1641 0.2375 0.1552 1.0000 0.0000 0.0000 
0.5000 0.6690 0.6435 0.5870 0.2430 0.2075 0.2205 0.2401 0.0000 1.0000 0.0000 
0.5000 0.4138 0.3826 0.3913 0.0816 0.0777 0.0704 0.0709 1.0000 0.0000 0.0000 
0.0000 0.7724 0.7565 0.6957 0.4461 0.3615 0.4512 0.4227 0.0000 1.0000 0.0000 
1.0000 0.5931 0.5739 0.6087 0.2265 0.1648 0.2570 0.2384 0.0000 0.0000 1.0000 
0.0000 0.8276 0.8870 0.8043 0.6501 0.5134 0.6124 0.6159 0.0000 0.0000 1.0000 
0.5000 0.2207 0.1826 0.1304 0.0163 0.0118 0.0297 0.0151 1.0000 0.0000 0.0000 
0.0000 0.5379 0.5130 0.4565 0.1484 0.1046 0.1535 0.1485 0.0000 1.0000 0.0000 
1.0000 0.7448 0.7217 0.6739 0.3988 0.2996 0.3715 0.3780 0.0000 1.0000 0.0000 
0.5000 0.6000 0.6000 0.6087 0.2631 0.1920 0.2833 0.2607 0.0000 0.0000 1.0000 
0.5000 0.7034 0.6870 0.5435 0.3021 0.2545 0.3164 0.2887 0.0000 1.0000 0.0000 
1.0000 0.6138 0.5913 0.5000 0.2867 0.2707 0.2807 0.2217 1.0000 0.0000 0.0000 
0.5000 0.4966 0.4696 0.4130 0.1179 0.0908 0.1094 0.1267 1.0000 0.0000 0.0000 
0.0000 0.4621 0.4348 0.3913 0.1279 0.1160 0.1094 0.1212 0.0000 0.0000 1.0000 
1.0000 0.6690 0.6435 0.5435 0.3327 0.3416 0.3410 0.2189 0.0000 1.0000 0.0000 
0.5000 0.4552 0.4522 0.4130 0.1222 0.1073 0.1323 0.1100 0.0000 1.0000 0.0000 
1.0000 0.8000 0.7913 0.8913 0.6310 0.5968 0.6938 0.4668 0.0000 0.0000 1.0000 
0.0000 0.7517 0.7391 0.6522 0.3933 0.3783 0.4139 0.3121 1.0000 0.0000 0.0000 
1.0000 0.3517 0.3130 0.3478 0.0570 0.0407 0.0568 0.0597 0.0000 1.0000 0.0000 
0.0000 0.6828 0.6783 0.6087 0.3517 0.3383 0.3130 0.2781 0.0000 1.0000 0.0000 
1.0000 0.6345 0.6522 0.5652 0.2531 0.1913 0.2697 0.2390 1.0000 0.0000 0.0000 
0.0000 0.7172 0.7217 0.6304 0.4163 0.3638 0.4555 0.3445 0.0000 1.0000 0.0000 
1.0000 0.2759 0.2522 0.3043 0.0344 0.0242 0.0399 0.0318 1.0000 0.0000 0.0000 
0.5000 0.3517 0.3304 0.2391 0.0505 0.0383 0.0534 0.0547 1.0000 0.0000 0.0000 
0.0000 0.7241 0.7478 0.6739 0.4032 0.3941 0.3681 0.3199 0.0000 1.0000 0.0000 
0.5000 0.1517 0.1391 0.1304 0.0089 0.0064 0.0085 0.0084 1.0000 0.0000 0.0000 
0.5000 0.7034 0.7217 0.6957 0.3481 0.2478 0.4054 0.3501 0.0000 1.0000 0.0000 
0.5000 0.6966 0.7217 0.6087 0.3205 0.2979 0.3138 0.2714 0.0000 0.0000 1.0000 
0.5000 0.3103 0.2870 0.3043 0.0437 0.0363 0.0441 0.0419 1.0000 0.0000 0.0000 
0.5000 0.2207 0.2174 0.2174 0.0198 0.0141 0.0237 0.0184 1.0000 0.0000 0.0000 
0.5000 0.4828 0.4696 0.3913 0.1403 0.0790 0.1086 0.1039 1.0000 0.0000 0.0000 
0.0000 0.5724 0.5652 0.6304 0.2040 0.1604 0.2120 0.1993 0.0000 1.0000 0.0000 
1.0000 0.7724 0.8000 0.6957 0.4509 0.3416 0.4843 0.3780 0.0000 0.0000 1.0000 
1.0000 0.7310 0.7304 0.7826 0.3979 0.3961 0.4182 0.2887 0.0000 1.0000 0.0000 
0.5000 0.5034 0.4957 0.3913 0.1335 0.1153 0.1374 0.1111 1.0000 0.0000 0.0000 
1.0000 0.5448 0.5478 0.4783 0.2045 0.1964 0.3842 0.1547 0.0000 1.0000 0.0000 
0.5000 0.6069 0.5739 0.5000 0.2159 0.2128 0.2137 0.1658 1.0000 0.0000 0.0000 
0.0000 0.5724 0.5391 0.5870 0.2240 0.1335 0.2748 0.2440 0.0000 1.0000 0.0000 
0.0000 0.7862 0.8087 0.7826 0.4634 0.3894 0.4877 0.4115 0.0000 0.0000 1.0000 
0.5000 0.4966 0.4783 0.5000 0.1431 0.1126 0.1781 0.1055 0.0000 0.0000 1.0000 
0.0000 0.8897 0.9043 0.6957 0.6841 0.6133 0.6590 0.5678 0.0000 0.0000 1.0000 
0.0000 0.4345 0.4087 0.5000 0.1075 0.0807 0.1383 0.0988 1.0000 0.0000 0.0000 
0.0000 0.6966 0.6696 0.7391 0.3018 0.2458 0.2765 0.2719 0.0000 0.0000 1.0000 
0.0000 0.8897 0.8870 0.7391 0.6081 0.5686 0.6896 0.4310 0.0000 0.0000 1.0000 
0.0000 0.9034 0.8957 0.6739 0.7135 0.7179 0.7082 0.4841 0.0000 1.0000 0.0000 
0.0000 0.5655 0.5913 0.6522 0.2330 0.1658 0.2163 0.2607 0.0000 0.0000 1.0000 
1.0000 0.8207 0.8435 0.8043 0.4303 0.3571 0.4631 0.3685 0.0000 0.0000 1.0000 
0.0000 0.6069 0.6609 0.6957 0.2228 0.1853 0.1874 0.2395 0.0000 0.0000 1.0000 
0.0000 0.7517 0.7391 0.9565 0.3866 0.2703 0.4148 0.3948 0.0000 0.0000 1.0000 
0.0000 0.7793 0.7913 0.6739 0.5256 0.5101 0.5623 0.3568 1.0000 0.0000 0.0000 
0.0000 0.6552 0.6435 0.5870 0.2816 0.1991 0.2536 0.2942 0.0000 1.0000 0.0000 
0.5000 0.4138 0.3913 0.3043 0.0710 0.0548 0.0806 0.0709 1.0000 0.0000 0.0000 
1.0000 0.7517 0.7217 0.5870 0.3841 0.3430 0.4597 0.2848 0.0000 1.0000 0.0000 
1.0000 0.5931 0.6000 0.6304 0.2973 0.1819 0.3003 0.3166 0.0000 0.0000 1.0000 
0.5000 0.4207 0.3826 0.3696 0.0852 0.0706 0.0814 0.2328 1.0000 0.0000 0.0000 
1.0000 0.7862 0.7478 0.8913 0.5355 0.3665 0.4427 0.7074 0.0000 0.0000 1.0000 
1.0000 0.5517 0.5565 0.5217 0.1826 0.1389 0.1968 0.1882 0.0000 1.0000 0.0000 
0.5000 0.3862 0.3652 0.3261 0.0855 0.0814 0.0882 0.0653 1.0000 0.0000 0.0000 
0.0000 0.5724 0.5478 0.4130 0.1858 0.1668 0.1696 0.1636 1.0000 0.0000 0.0000 
0.5000 0.3862 0.3913 0.4348 0.0784 0.0541 0.0882 0.0877 1.0000 0.0000 0.0000 
0.0000 0.5862 0.5739 0.5217 0.2713 0.1759 0.1603 0.2998 0.0000 0.0000 1.0000 
0.0000 0.4207 0.4609 0.4565 0.2286 0.2165 0.2239 0.1815 1.0000 0.0000 0.0000 
0.0000 0.9310 0.9652 0.9783 0.8877 0.8278 0.8796 0.6817 0.0000 0.0000 1.0000 
0.5000 0.1724 0.1565 0.2174 0.0124 0.0077 0.0153 0.0106 1.0000 0.0000 0.0000 
1.0000 0.3862 0.3913 0.3696 0.0862 0.0636 0.1043 0.0821 0.0000 0.0000 1.0000 
0.5000 0.5586 0.5478 0.5000 0.1918 0.1634 0.1705 0.1826 0.0000 1.0000 0.0000 
0.0000 0.7103 0.7304 0.6304 0.3434 0.2488 0.3978 0.3110 0.0000 0.0000 1.0000 
0.5000 0.1655 0.1652 0.1522 0.0126 0.0114 0.0093 0.0106 1.0000 0.0000 0.0000 
1.0000 0.9448 0.9043 0.7826 0.6471 0.4724 0.6539 0.6237 0.0000 0.0000 1.0000 
1.0000 0.4276 0.4174 0.3696 0.1179 0.0982 0.1586 0.0988 1.0000 0.0000 0.0000 
1.0000 0.6138 0.6870 0.6087 0.3163 0.2424 0.3147 0.2607 0.0000 0.0000 1.0000 
0.5000 0.7172 0.7043 0.6087 0.2945 0.2529 0.3257 0.2607 1.0000 0.0000 0.0000 
1.0000 0.6828 0.6261 0.5217 0.3110 0.2868 0.3308 0.2641 0.0000 0.0000 1.0000 
0.5000 0.4690 0.4696 0.3913 0.1101 0.0928 0.1052 0.1061 1.0000 0.0000 0.0000 
0.0000 0.7931 0.8522 0.7609 0.5325 0.4408 0.5776 0.4785 0.0000 1.0000 0.0000 
1.0000 0.7448 0.7043 0.6957 0.3735 0.3231 0.4606 0.2998 0.0000 1.0000 0.0000 
1.0000 0.5862 0.5739 0.5435 0.1944 0.1503 0.1204 0.2284 0.0000 0.0000 1.0000 
1.0000 0.1448 0.1217 0.1739 0.0074 0.0050 0.0085 0.0095 1.0000 0.0000 0.0000 
1.0000 0.5448 0.5739 0.5435 0.2081 0.1853 0.2027 0.1882 1.0000 0.0000 0.0000 
0.0000 0.4483 0.4696 0.4783 0.1121 0.0894 0.0950 0.1044 1.0000 0.0000 0.0000 
0.0000 0.7379 0.7478 0.6739 0.3843 0.2855 0.3927 0.4227 0.0000 0.0000 1.0000 
0.5000 0.5241 0.5217 0.3043 0.1594 0.1449 0.1679 0.1379 0.0000 1.0000 0.0000 
1.0000 0.6966 0.6957 0.6087 0.3938 0.3198 0.3647 0.2942 1.0000 0.0000 0.0000 
0.5000 0.6621 0.6522 0.6304 0.2612 0.2102 0.2426 0.3110 0.0000 1.0000 0.0000 
0.0000 0.6690 0.6348 0.7391 0.5888 0.5208 0.5929 0.5036 0.0000 1.0000 0.0000 
1.0000 0.5172 0.5217 0.4565 0.1686 0.1204 0.2002 0.1714 0.0000 1.0000 0.0000 
0.0000 0.6759 0.6696 0.6304 0.3320 0.2868 0.3622 0.2998 0.0000 0.0000 1.0000 
0.5000 0.3310 0.3217 0.2609 0.0478 0.0360 0.0526 0.0430 1.0000 0.0000 0.0000 
1.0000 0.5034 0.4609 0.4783 0.1610 0.1631 0.1552 0.1128 1.0000 0.0000 0.0000 
0.5000 0.3241 0.3217 0.3478 0.0508 0.0400 0.0526 0.0486 1.0000 0.0000 0.0000 
0.5000 0.4690 0.4696 0.4348 0.1112 0.0925 0.1340 0.1016 1.0000 0.0000 0.0000 
0.0000 0.6966 0.7043 0.7174 0.4119 0.4364 0.3732 0.3395 0.0000 1.0000 0.0000 
0.0000 0.4069 0.3913 0.4348 0.0809 0.0629 0.0780 0.0821 0.0000 1.0000 0.0000 
0.0000 0.7724 0.7913 0.7174 0.4287 0.3850 0.4419 0.4003 0.0000 0.0000 1.0000 
0.5000 0.6897 0.6957 0.7391 0.3012 0.2021 0.3087 0.3333 0.0000 0.0000 1.0000 
1.0000 0.6552 0.6522 0.7391 0.2920 0.2956 0.2689 0.2496 0.0000 1.0000 0.0000 
0.0000 0.7241 0.7130 0.6739 0.3136 0.2071 0.4165 0.2909 0.0000 0.0000 1.0000 
0.0000 0.7517 0.7739 0.7174 0.4052 0.3201 0.3893 0.4338 0.0000 0.0000 1.0000 
0.0000 0.6207 0.6435 0.5652 0.3087 0.2821 0.3079 0.2468 0.0000 1.0000 0.0000 
1.0000 0.5448 0.5652 0.5870 0.2070 0.1597 0.2434 0.2049 1.0000 0.0000 0.0000 
1.0000 0.4828 0.4696 0.3696 0.1333 0.1140 0.1349 0.1100 1.0000 0.0000 0.0000 
0.0000 0.5931 0.6174 0.6087 0.2240 0.1627 0.2256 0.2384 0.0000 0.0000 1.0000 
0.0000 0.4069 0.3826 0.3043 0.0797 0.0619 0.1052 0.0765 1.0000 0.0000 0.0000 
0.0000 0.8483 0.8609 0.7391 0.5869 0.5854 0.4495 0.4891 0.0000 1.0000 0.0000 
0.0000 0.8000 0.7913 0.6522 0.3860 0.2656 0.4784 0.4115 0.0000 0.0000 1.0000 
0.5000 0.1724 0.1565 0.1739 0.0120 0.0077 0.0127 0.0106 1.0000 0.0000 0.0000 
0.5000 0.6138 0.6087 0.5652 0.2389 0.1920 0.2468 0.2272 0.0000 0.0000 1.0000 
0.0000 0.8345 0.8609 0.8261 0.5645 0.3524 0.6904 0.6516 0.0000 0.0000 1.0000 
0.0000 0.8897 0.9304 0.8478 0.6189 0.5208 0.7159 0.5343 0.0000 0.0000 1.0000 
0.5000 0.3724 0.3652 0.3913 0.0862 0.0740 0.0899 0.0709 1.0000 0.0000 0.0000 
1.0000 0.4690 0.4348 0.3913 0.1144 0.1042 0.0848 0.0999 1.0000 0.0000 0.0000 
0.5000 0.6552 0.6609 0.6739 0.2840 0.2280 0.3282 0.2708 1.0000 0.0000 0.0000 
0.0000 0.7862 0.7913 0.7826 0.4820 0.3847 0.6132 0.4003 0.0000 1.0000 0.0000 
0.0000 0.6552 0.6261 0.5435 0.2738 0.2024 0.3028 0.2887 0.0000 0.0000 1.0000 
0.0000 0.6828 0.6435 0.5217 0.2763 0.2478 0.2952 0.2178 1.0000 0.0000 0.0000 
0.5000 0.5034 0.5043 0.4783 0.1718 0.1315 0.1824 0.1770 0.0000 0.0000 1.0000 
0.5000 0.4966 0.4870 0.3913 0.1142 0.0901 0.1323 0.1078 1.0000 0.0000 0.0000 
1.0000 0.5103 0.5130 0.5652 0.2084 0.1355 0.2672 0.2105 0.0000 0.0000 1.0000 
1.0000 0.6897 0.7130 0.6087 0.3818 0.3995 0.3494 0.2641 0.0000 1.0000 0.0000 
1.0000 0.6897 0.6696 0.6522 0.3398 0.3241 0.2807 0.3054 0.0000 0.0000 1.0000 
0.5000 0.4414 0.3739 0.3913 0.1050 0.0965 0.1026 0.0899 1.0000 0.0000 0.0000 
0.5000 0.4483 0.4435 0.4565 0.1105 0.1032 0.1001 0.0955 1.0000 0.0000 0.0000 
1.0000 0.7379 0.7217 0.6522 0.3613 0.3013 0.3969 0.3272 0.0000 1.0000 0.0000 
1.0000 0.4414 0.4348 0.4130 0.0992 0.0649 0.1094 0.1055 0.0000 1.0000 0.0000 
0.5000 0.3931 0.3739 0.3478 0.0769 0.0646 0.0679 0.0709 1.0000 0.0000 0.0000 
0.5000 0.5172 0.4870 0.4130 0.1275 0.1052 0.1340 0.1206 1.0000 0.0000 0.0000 
0.0000 0.6069 0.6000 0.4565 0.2040 0.1278 0.2443 0.1882 0.0000 1.0000 0.0000 
0.0000 0.6276 0.6348 0.5652 0.2214 0.1947 0.1968 0.2027 1.0000 0.0000 0.0000 
0.5000 0.5862 0.5565 0.5870 0.2045 0.1601 0.2324 0.2049 0.0000 1.0000 0.0000 
0.5000 0.4759 0.4348 0.3478 0.1155 0.1123 0.1035 0.0899 1.0000 0.0000 0.0000 
0.5000 0.6414 0.6261 0.6304 0.2479 0.2159 0.2824 0.2105 0.0000 1.0000 0.0000 
1.0000 0.5448 0.5391 0.4783 0.2160 0.2192 0.2536 0.1547 1.0000 0.0000 0.0000 
0.5000 0.6552 0.6696 0.6739 0.3041 0.2091 0.2858 0.3333 0.0000 0.0000 1.0000 
0.5000 0.3103 0.2870 0.2391 0.0430 0.0390 0.0433 0.0335 1.0000 0.0000 0.0000 
0.5000 0.5517 0.5130 0.3913 0.1603 0.1449 0.1874 0.1267 1.0000 0.0000 0.0000 
1.0000 0.6966 0.6783 0.6087 0.3366 0.2895 0.3291 0.3188 0.0000 0.0000 1.0000 
1.0000 0.8621 0.8609 0.8261 0.5387 0.4654 0.5182 0.4902 0.0000 0.0000 1.0000 
0.0000 0.7310 0.6957 0.5870 0.3046 0.2239 0.3359 0.3333 0.0000 1.0000 0.0000 
1.0000 0.6828 0.6957 0.6087 0.3365 0.2613 0.3647 0.3049 0.0000 1.0000 0.0000 
0.5000 0.4276 0.4261 0.5000 0.1208 0.1140 0.1238 0.0888 1.0000 0.0000 0.0000 
0.0000 0.8000 0.7739 0.8478 0.5405 0.4173 0.6310 0.5047 0.0000 0.0000 1.0000 
0.0000 0.5034 0.4957 0.5217 0.1479 0.1022 0.1951 0.1435 0.0000 1.0000 0.0000 
1.0000 0.5310 0.5304 0.5000 0.1930 0.1449 0.1866 0.2105 1.0000 0.0000 0.0000 
1.0000 0.5655 0.5739 0.4130 0.1962 0.1984 0.1756 0.1468 1.0000 0.0000 0.0000 
1.0000 0.9586 0.9565 0.7174 0.7255 0.5377 0.8914 0.3948 0.0000 0.0000 1.0000 
0.5000 0.6483 0.6522 0.5652 0.2426 0.1752 0.2375 0.2775 0.0000 1.0000 0.0000 
0.0000 0.5517 0.5391 0.5217 0.1695 0.1274 0.1925 0.1630 0.0000 0.0000 1.0000 
0.5000 0.1862 0.1652 0.1957 0.0158 0.0108 0.0195 0.0151 1.0000 0.0000 0.0000 
0.5000 0.5862 0.5826 0.5000 0.2058 0.1970 0.2231 0.1776 1.0000 0.0000 0.0000 
1.0000 0.9103 0.8957 0.7174 0.6651 0.6110 0.6556 0.5433 0.0000 0.0000 1.0000 
1.0000 0.6966 0.6957 0.6087 0.3577 0.3346 0.3579 0.3149 0.0000 1.0000 0.0000 
0.0000 0.7034 0.7304 0.7609 0.3030 0.2323 0.3020 0.3054 0.0000 0.0000 1.0000 
0.0000 0.7103 0.6696 0.5652 0.3559 0.3204 0.3562 0.3250 0.0000 1.0000 0.0000 
0.0000 0.7517 0.6609 0.6304 0.3577 0.3201 0.3995 0.3054 1.0000 0.0000 0.0000 
0.0000 0.5103 0.4870 0.5652 0.1610 0.1194 0.1925 0.1547 0.0000 0.0000 1.0000 
0.0000 0.6414 0.6696 0.5435 0.3389 0.1597 0.3740 0.3333 0.0000 0.0000 1.0000 
0.5000 0.6345 0.5826 0.5000 0.2114 0.1738 0.2519 0.1870 0.0000 1.0000 0.0000 
0.5000 0.2069 0.1913 0.1957 0.0202 0.0175 0.0204 0.0151 1.0000 0.0000 0.0000 
0.5000 0.6414 0.6435 0.5217 0.2881 0.2465 0.2307 0.2730 0.0000 0.0000 1.0000 
0.0000 0.8000 0.8000 0.8261 0.5284 0.4872 0.5233 0.4506 0.0000 0.0000 1.0000 
1.0000 0.6897 0.6609 0.5435 0.3506 0.2898 0.3766 0.2652 0.0000 1.0000 0.0000 
1.0000 0.7931 0.8087 0.7826 0.4755 0.3484 0.5182 0.4969 0.0000 0.0000 1.0000 
1.0000 0.7103 0.6696 0.5435 0.3414 0.2946 0.3630 0.2892 0.0000 1.0000 0.0000 
1.0000 0.6621 0.6783 0.5217 0.3048 0.2835 0.2621 0.2663 0.0000 1.0000 0.0000 
0.5000 0.5655 0.5217 0.5217 0.2051 0.1641 0.2231 0.1859 0.0000 0.0000 1.0000 
1.0000 0.7241 0.7391 0.6739 0.3239 0.2774 0.3325 0.3026 0.0000 1.0000 0.0000 
0.0000 0.8069 0.8348 0.8478 0.5098 0.3978 0.4699 0.5455 0.0000 1.0000 0.0000 
0.0000 0.6207 0.6174 0.5435 0.2502 0.1964 0.2578 0.2607 0.0000 0.0000 1.0000 
0.5000 0.6552 0.6435 0.5435 0.2316 0.1722 0.2875 0.2250 0.0000 1.0000 0.0000 
0.5000 0.5379 0.5478 0.3913 0.1783 0.1567 0.1858 0.1547 1.0000 0.0000 0.0000 
1.0000 0.7793 0.8870 0.9565 0.5380 0.4324 0.6302 0.4517 0.0000 0.0000 1.0000 
1.0000 0.6828 0.6870 0.6304 0.4220 0.3443 0.3554 0.3814 0.0000 1.0000 0.0000 
1.0000 0.7172 0.7304 0.6739 0.4289 0.4169 0.4122 0.3043 0.0000 1.0000 0.0000 
0.0000 0.7586 0.8000 0.6522 0.4470 0.3837 0.5522 0.3568 0.0000 1.0000 0.0000 
1.0000 0.7034 0.7130 0.6739 0.3127 0.2700 0.2748 0.3043 0.0000 1.0000 0.0000 
1.0000 0.8621 0.8261 0.7826 0.4663 0.3679 0.3944 0.4673 0.0000 0.0000 1.0000 
0.0000 0.7103 0.7130 0.6087 0.4069 0.4116 0.4046 0.2792 0.0000 1.0000 0.0000 
0.0000 0.8483 0.8696 0.8478 0.6426 0.5229 0.7447 0.5734 0.0000 0.0000 1.0000 
0.5000 0.6552 0.6087 0.6087 0.2385 0.2021 0.2477 0.2328 0.0000 1.0000 0.0000 
0.0000 0.7034 0.6870 0.5000 0.3088 0.2377 0.3511 0.2496 1.0000 0.0000 0.0000 
1.0000 0.4759 0.4870 0.4565 0.1300 0.1143 0.1196 0.1323 1.0000 0.0000 0.0000 
0.5000 0.5241 0.4783 0.3913 0.1310 0.2401 0.1306 0.1212 1.0000 0.0000 0.0000 
0.5000 0.6000 0.6087 0.5000 0.2400 0.2323 0.2358 0.2016 1.0000 0.0000 0.0000 
0.5000 0.4345 0.4522 0.3478 0.1089 0.0982 0.0840 0.0988 1.0000 0.0000 0.0000 
0.5000 0.6345 0.6348 0.5870 0.3273 0.2670 0.3325 0.2775 0.0000 0.0000 1.0000 
0.0000 0.9724 1.0000 0.8913 0.9403 1.0000 0.8448 0.6527 0.0000 0.0000 1.0000 
1.0000 0.5793 0.6000 0.5652 0.2747 0.1348 0.3045 0.2775 0.0000 0.0000 1.0000 
1.0000 0.6690 0.6174 0.6739 0.3287 0.2350 0.4012 0.3333 0.0000 0.0000 1.0000 
0.0000 0.6828 0.7130 0.6522 0.3157 0.2108 0.4360 0.2920 0.0000 1.0000 0.0000 
1.0000 0.4897 0.4870 0.4783 0.1399 0.1328 0.1459 0.1139 1.0000 0.0000 0.0000 
0.0000 0.6552 0.7130 0.6087 0.3825 0.2397 0.3282 0.2105 0.0000 0.0000 1.0000 
0.5000 0.4621 0.4870 0.4348 0.1162 0.1049 0.1187 0.1882 1.0000 0.0000 0.0000 
1.0000 0.7448 0.7391 0.7609 0.4316 0.3346 0.5335 0.3668 0.0000 1.0000 0.0000 
1.0000 0.5586 0.5913 0.6087 0.2407 0.1436 0.2375 0.2769 0.0000 0.0000 1.0000 
1.0000 0.7931 0.8174 0.7609 0.5738 0.4462 0.5462 0.5310 0.0000 1.0000 0.0000 
0.0000 0.5862 0.5652 0.6304 0.2313 0.1611 0.2417 0.2272 0.0000 0.0000 1.0000 
0.5000 0.4828 0.4522 0.3913 0.1328 0.1100 0.1213 0.1156 1.0000 0.0000 0.0000 
1.0000 0.6138 0.6435 0.5000 0.2791 0.2495 0.3469 0.2105 1.0000 0.0000 0.0000 
0.5000 0.1862 0.1652 0.1957 0.0154 0.0128 0.0102 0.0128 1.0000 0.0000 0.0000 
1.0000 0.6966 0.6870 0.5870 0.3543 0.3672 0.3342 0.2546 1.0000 0.0000 0.0000 
0.0000 0.6483 0.6522 0.6739 0.2833 0.1967 0.3096 0.3110 0.0000 0.0000 1.0000 
0.5000 0.5862 0.5913 0.4783 0.1895 0.1449 0.1832 0.1977 0.0000 1.0000 0.0000 
0.0000 0.5103 0.4696 0.5000 0.1604 0.1194 0.1900 0.1547 0.0000 1.0000 0.0000 
0.5000 0.6138 0.6000 0.5652 0.2196 0.1863 0.2460 0.1870 1.0000 0.0000 0.0000 
1.0000 0.8621 0.8522 0.8913 0.6766 0.5928 0.7430 0.5634 0.0000 1.0000 0.0000 
0.5000 0.4621 0.4348 0.3478 0.1245 0.1049 0.1255 0.1100 1.0000 0.0000 0.0000 
0.0000 0.7379 0.6870 0.6522 0.4016 0.2777 0.5267 0.3333 0.0000 1.0000 0.0000 
1.0000 0.8207 0.8174 0.6739 0.5690 0.4580 0.5327 0.4456 0.0000 0.0000 1.0000 
1.0000 0.5793 0.5565 0.4565 0.2205 0.1890 0.2417 0.1714 1.0000 0.0000 0.0000 
0.0000 0.7931 0.8000 0.8913 0.5298 0.3786 0.5471 0.4729 0.0000 0.0000 1.0000 
0.5000 0.1793 0.1652 0.2391 0.0135 0.0128 0.0178 0.0128 1.0000 0.0000 0.0000 
0.0000 0.7586 0.7478 0.8261 0.4880 0.3924 0.5115 0.4461 0.0000 1.0000 0.0000 
0.5000 0.6138 0.6174 0.5652 0.2116 0.1621 0.2324 0.2016 0.0000 0.0000 1.0000 
0.5000 0.2759 0.2435 0.2391 0.0368 0.0356 0.0331 0.0296 1.0000 0.0000 0.0000 
1.0000 0.7517 0.7913 0.7174 0.4532 0.3837 0.4037 0.4338 0.0000 1.0000 0.0000 
1.0000 0.5517 0.5391 0.5652 0.2180 0.1352 0.2443 0.2105 0.0000 0.0000 1.0000 
0.5000 0.1172 0.0957 0.0652 0.0057 0.0037 0.0085 0.0039 1.0000 0.0000 0.0000 
0.0000 0.5793 0.6174 0.5000 0.2669 0.2249 0.2180 0.2373 0.0000 1.0000 0.0000 
1.0000 0.8207 0.8000 0.6739 0.4149 0.3531 0.4826 0.3512 0.0000 0.0000 1.0000 
0.5000 0.6207 0.5739 0.5217 0.2143 0.1577 0.2112 0.2161 1.0000 0.0000 0.0000 
0.0000 0.7655 0.7739 0.6522 0.4314 0.3292 0.5081 0.3836 0.0000 0.0000 1.0000 
0.5000 0.4621 0.4609 0.3696 0.1022 0.0941 0.1060 0.0798 1.0000 0.0000 0.0000 
0.5000 0.3310 0.3043 0.2609 0.0503 0.0350 0.0509 0.0430 1.0000 0.0000 0.0000 
0.5000 0.6276 0.6435 0.5217 0.2711 0.2811 0.2036 0.2328 0.0000 1.0000 0.0000 
0.0000 0.8207 0.8435 0.8043 0.5727 0.4970 0.5598 0.5176 0.0000 0.0000 1.0000 
1.0000 0.8138 0.8174 0.7174 0.5104 0.4455 0.6514 0.3925 0.0000 0.0000 1.0000 
0.0000 0.6621 0.6348 0.5652 0.3067 0.2213 0.4114 0.2328 0.0000 0.0000 1.0000 
0.5000 0.5103 0.4696 0.3913 0.1332 0.1200 0.1688 0.0977 1.0000 0.0000 0.0000 
0.0000 0.7655 0.7739 0.6304 0.3552 0.2461 0.3367 0.4003 0.0000 0.0000 1.0000 
0.0000 0.6897 0.6522 0.6304 0.2810 0.2337 0.3257 0.2440 0.0000 1.0000 0.0000 
0.5000 0.5172 0.4783 0.4130 0.1309 0.1247 0.1323 0.1072 1.0000 0.0000 0.0000 
0.0000 0.6138 0.6174 0.4565 0.2851 0.1913 0.3028 0.2607 0.0000 0.0000 1.0000 
0.5000 0.5448 0.5043 0.4783 0.1298 0.1019 0.1035 0.1379 1.0000 0.0000 0.0000 
0.5000 0.1517 0.1391 0.1522 0.0106 0.0067 0.0102 0.0095 1.0000 0.0000 0.0000 
1.0000 0.6552 0.7043 0.7174 0.3071 0.2115 0.3087 0.3557 0.0000 1.0000 0.0000 
0.0000 0.6414 0.5739 0.5652 0.2704 0.2189 0.1959 0.2624 0.0000 1.0000 0.0000 
0.0000 0.7862 0.7913 0.6304 0.3991 0.3366 0.4063 0.3802 0.0000 1.0000 0.0000 
1.0000 0.6138 0.6609 0.8043 0.3439 0.2001 0.3613 0.3948 0.0000 0.0000 1.0000 
0.0000 0.7655 0.7391 0.6522 0.4239 0.3534 0.5674 0.3501 0.0000 0.0000 1.0000 
0.5000 0.3586 0.3391 0.3043 0.0593 0.0461 0.0738 0.0536 1.0000 0.0000 0.0000 
0.5000 0.6759 0.6609 0.5870 0.2984 0.2666 0.2672 0.2831 0.0000 1.0000 0.0000 
0.0000 0.5172 0.5130 0.5435 0.1976 0.1547 0.2316 0.1602 0.0000 0.0000 1.0000 
1.0000 0.6690 0.6348 0.6087 0.3094 0.2952 0.3325 0.2568 1.0000 0.0000 0.0000 
0.0000 0.6069 0.6522 0.5652 0.2947 0.2461 0.3384 0.2552 1.0000 0.0000 0.0000 
0.0000 0.7586 0.7478 0.6087 0.3869 0.3564 0.4419 0.3289 0.0000 1.0000 0.0000 
0.5000 0.3310 0.3130 0.2609 0.0521 0.0383 0.0543 0.0508 1.0000 0.0000 0.0000 
0.0000 0.6552 0.6522 0.5652 0.2520 0.1718 0.3147 0.2496 0.0000 1.0000 0.0000 
0.5000 0.4621 0.4348 0.3913 0.0930 0.0666 0.1103 0.0932 1.0000 0.0000 0.0000 
0.0000 0.5793 0.5739 0.5217 0.2438 0.2095 0.3028 0.1937 0.0000 1.0000 0.0000 
1.0000 0.7310 0.7565 0.6739 0.3976 0.3302 0.3757 0.3953 0.0000 0.0000 1.0000 
0.0000 0.3931 0.3652 0.3478 0.0724 0.0518 0.0958 0.0653 1.0000 0.0000 0.0000 
0.0000 0.7862 0.7826 0.6739 0.5066 0.4593 0.5216 0.3735 1.0000 0.0000 0.0000 
0.5000 0.6621 0.6609 0.5652 0.2702 0.2646 0.2536 0.2284 1.0000 0.0000 0.0000 
0.0000 0.7103 0.6870 0.6522 0.3180 0.2401 0.2638 0.3501 0.0000 0.0000 1.0000 
0.5000 0.4897 0.4957 0.4348 0.1284 0.1063 0.1442 0.1156 1.0000 0.0000 0.0000 
0.5000 0.4759 0.4696 0.3913 0.1296 0.1120 0.1052 0.1251 0.0000 0.0000 1.0000 
0.5000 0.6897 0.6435 0.5435 0.2814 0.2441 0.3316 0.2652 0.0000 1.0000 0.0000 
0.0000 0.6552 0.7130 0.7391 0.4287 0.2176 0.3469 0.5846 0.0000 0.0000 1.0000 
0.0000 0.6966 0.6435 0.6087 0.2982 0.2445 0.3130 0.3004 0.0000 1.0000 0.0000 
0.0000 0.7862 0.7739 0.6087 0.4098 0.3137 0.5683 0.3445 0.0000 1.0000 0.0000 
0.0000 0.8483 0.8174 0.7826 0.5277 0.4314 0.6616 0.4673 0.0000 0.0000 1.0000 
1.0000 0.8483 0.8435 0.7609 0.6049 0.5188 0.6531 0.4813 1.0000 0.0000 0.0000 
0.0000 0.8414 0.8261 0.6957 0.5343 0.4960 0.5971 0.4143 0.0000 1.0000 0.0000 
1.0000 0.8069 0.8261 0.6957 0.4918 0.3964 0.3588 0.5042 0.0000 0.0000 1.0000 
1.0000 0.8552 0.8522 0.7609 0.5559 0.4462 0.6497 0.5014 0.0000 0.0000 1.0000 
0.5000 0.2966 0.2696 0.2391 0.0336 0.0245 0.0365 0.0318 1.0000 0.0000 0.0000 
0.5000 0.4069 0.3913 0.3696 0.1008 0.1005 0.1162 0.0871 1.0000 0.0000 0.0000 
1.0000 0.4690 0.4522 0.4565 0.1372 0.1348 0.1094 0.1133 0.0000 1.0000 0.0000 
1.0000 0.8828 0.8609 0.7826 0.7092 0.7031 0.6896 0.5650 0.0000 0.0000 1.0000 
0.5000 0.6138 0.5652 0.5000 0.1957 0.1930 0.2188 0.1848 1.0000 0.0000 0.0000 
1.0000 0.7655 0.7478 0.7391 0.4397 0.3473 0.5216 0.4115 0.0000 0.0000 1.0000 
0.0000 0.7931 0.7913 0.6304 0.4204 0.3241 0.4707 0.4054 0.0000 0.0000 1.0000 
0.0000 0.6345 0.6435 0.5435 0.2724 0.2525 0.3070 0.1988 1.0000 0.0000 0.0000 
0.5000 0.6207 0.6087 0.5870 0.2460 0.2041 0.2595 0.2328 1.0000 0.0000 0.0000 
1.0000 0.7103 0.7739 0.6087 0.4038 0.3255 0.4487 0.3836 0.0000 1.0000 0.0000 
0.5000 0.3586 0.3217 0.3696 0.0595 0.0410 0.0653 0.0597 0.0000 1.0000 0.0000 
1.0000 0.7103 0.7478 0.4783 0.3219 0.2616 0.3079 0.3222 0.0000 0.0000 1.0000 
0.0000 0.5310 0.4783 0.6087 0.1879 0.1395 0.3053 0.1379 0.0000 1.0000 0.0000 
0.5000 0.3931 0.3826 0.2826 0.0774 0.0656 0.0738 0.0720 1.0000 0.0000 0.0000 
1.0000 0.5655 0.6174 0.6087 0.2458 0.1611 0.2748 0.2942 0.0000 0.0000 1.0000 
1.0000 0.7724 0.7739 0.7391 0.4080 0.2956 0.3919 0.4305 0.0000 1.0000 0.0000 
1.0000 0.7241 0.7217 0.7174 0.3906 0.3265 0.4182 0.3501 0.0000 0.0000 1.0000 
0.0000 0.6000 0.6000 0.5000 0.1923 0.1748 0.1942 0.1530 1.0000 0.0000 0.0000 
1.0000 0.8621 0.8870 0.7174 0.6568 0.5672 0.6667 0.6013 0.0000 1.0000 0.0000 
0.5000 0.6207 0.6000 0.5652 0.2309 0.2044 0.2706 0.1870 1.0000 0.0000 0.0000 
0.0000 0.6897 0.7391 0.6087 0.3170 0.2841 0.3223 0.2753 1.0000 0.0000 0.0000 
0.5000 0.2483 0.2261 0.2174 0.0305 0.0239 0.0348 0.0240 1.0000 0.0000 0.0000 
0.5000 0.4207 0.3739 0.3043 0.0738 0.0575 0.0704 0.0765 1.0000 0.0000 0.0000 
0.0000 0.7517 0.7304 0.7174 0.3593 0.2922 0.3622 0.3613 0.0000 1.0000 0.0000 
0.5000 0.1310 0.0870 0.1087 0.0113 0.0074 0.0136 0.0039 1.0000 0.0000 0.0000 
1.0000 0.7172 0.7304 0.6957 0.3876 0.2811 0.3876 0.3892 0.0000 0.0000 1.0000 
1.0000 0.6276 0.6261 0.7174 0.2612 0.1748 0.2358 0.2937 0.0000 0.0000 1.0000 
1.0000 0.7517 0.7478 0.5870 0.3545 0.3124 0.3715 0.3110 0.0000 0.0000 1.0000 
0.5000 0.7241 0.7304 0.6087 0.3960 0.3793 0.4173 0.2998 0.0000 1.0000 0.0000 
1.0000 0.7655 0.7391 0.6087 0.4494 0.4435 0.4105 0.3445 0.0000 0.0000 1.0000 
0.0000 0.6414 0.6609 0.7174 0.3152 0.2159 0.2943 0.3724 0.0000 0.0000 1.0000 
0.5000 0.3517 0.2957 0.2826 0.0655 0.0629 0.0662 0.0458 1.0000 0.0000 0.0000 
0.0000 0.5655 0.5565 0.5870 0.2077 0.1597 0.1951 0.2105 0.0000 0.0000 1.0000 
0.5000 0.4552 0.4435 0.2391 0.1128 0.1052 0.1111 0.0966 1.0000 0.0000 0.0000 
1.0000 0.8207 0.7826 0.6522 0.4450 0.4200 0.5267 0.3423 0.0000 0.0000 1.0000 
0.0000 0.7172 0.7130 0.6087 0.3625 0.2764 0.4648 0.3210 0.0000 0.0000 1.0000 
0.5000 0.4138 0.3826 0.3261 0.0772 0.0726 0.0840 0.0659 1.0000 0.0000 0.0000 
0.5000 0.7103 0.6870 0.5870 0.3613 0.2872 0.4538 0.2942 0.0000 1.0000 0.0000 
0.5000 0.6690 0.6696 0.6739 0.2826 0.2246 0.2935 0.2775 0.0000 0.0000 1.0000 
1.0000 0.7448 0.7304 0.6087 0.3667 0.3194 0.3936 0.3143 0.0000 1.0000 0.0000 
1.0000 0.6207 0.6000 0.5652 0.2545 0.2471 0.2451 0.1921 1.0000 0.0000 0.0000 
0.0000 0.6897 0.6435 0.6087 0.3097 0.3053 0.3045 0.2529 1.0000 0.0000 0.0000 
0.5000 0.1931 0.1913 0.1957 0.0202 0.0171 0.0204 0.0190 1.0000 0.0000 0.0000 
1.0000 0.6000 0.5826 0.5000 0.2318 0.1755 0.3104 0.1937 0.0000 1.0000 0.0000 
0.5000 0.4828 0.4696 0.4565 0.1298 0.1083 0.1459 0.1150 1.0000 0.0000 0.0000 
1.0000 0.8483 0.8000 0.7391 0.6526 0.6594 0.7888 0.3791 0.0000 0.0000 1.0000 
1.0000 0.5862 0.6087 0.6304 0.2727 0.2320 0.2595 0.2719 0.0000 0.0000 1.0000 
0.5000 0.2690 0.2348 0.3043 0.0280 0.0171 0.0322 0.0318 1.0000 0.0000 0.0000 
1.0000 0.7793 0.7826 0.7391 0.4587 0.3961 0.5293 0.4037 0.0000 0.0000 1.0000 
0.0000 0.5172 0.5130 0.5870 0.1914 0.1180 0.2078 0.1937 0.0000 0.0000 1.0000 
1.0000 0.6276 0.6000 0.5000 0.2676 0.2670 0.2553 0.1937 1.0000 0.0000 0.0000 
0.0000 0.6207 0.6000 0.4565 0.2222 0.1711 0.2434 0.1993 0.0000 0.0000 1.0000 
0.5000 0.2069 0.2000 0.1739 0.0175 0.0121 0.0195 0.0173 1.0000 0.0000 0.0000 
1.0000 0.8138 0.8000 0.7826 0.5796 0.5582 0.6056 0.4126 0.0000 0.0000 1.0000 
1.0000 0.6483 0.6696 0.6739 0.2628 0.1927 0.3452 0.2775 0.0000 0.0000 1.0000 
1.0000 0.6138 0.5826 0.4783 0.2272 0.1933 0.2655 0.1781 1.0000 0.0000 0.0000 
1.0000 0.7517 0.7565 0.6087 0.4225 0.3090 0.5115 0.3948 0.0000 1.0000 0.0000 
1.0000 0.4552 0.4348 0.4783 0.1121 0.0824 0.1527 0.1044 1.0000 0.0000 0.0000 
0.0000 0.8207 0.8348 0.7609 0.5649 0.4213 0.5929 0.5232 0.0000 0.0000 1.0000 
0.5000 0.4966 0.4957 0.4565 0.1383 0.1221 0.1315 0.1262 1.0000 0.0000 0.0000 
1.0000 0.5931 0.6087 0.5652 0.3092 0.1785 0.2943 0.3166 0.0000 0.0000 1.0000 
0.5000 0.6897 0.6870 0.5870 0.2809 0.2441 0.2545 0.2887 0.0000 1.0000 0.0000 
0.0000 0.8069 0.7652 0.8696 0.5475 0.4862 0.5971 0.4366 0.0000 1.0000 0.0000 
0.0000 0.8000 0.7913 0.6087 0.3687 0.3218 0.3774 0.3389 0.0000 1.0000 0.0000 
1.0000 0.7586 0.7739 0.6957 0.3883 0.3117 0.3723 0.3936 0.0000 1.0000 0.0000 
0.5000 0.4552 0.4435 0.3478 0.1098 0.0921 0.1009 0.0955 1.0000 0.0000 0.0000 
1.0000 0.5793 0.5826 0.6087 0.3014 0.2202 0.3198 0.2998 0.0000 0.0000 1.0000 
0.0000 0.8069 0.8261 0.7391 0.5367 0.5215 0.5115 0.4461 0.0000 1.0000 0.0000 
0.5000 0.3586 0.3478 0.3043 0.0588 0.0525 0.0594 0.0542 1.0000 0.0000 0.0000 
0.0000 0.8690 0.8957 0.7391 0.5428 0.6449 0.7108 0.4785 0.0000 0.0000 1.0000 
1.0000 0.7103 0.7043 0.5870 0.3283 0.2549 0.4063 0.2831 0.0000 1.0000 0.0000 
0.5000 0.6207 0.6000 0.5652 0.2121 0.1759 0.2171 0.2032 0.0000 1.0000 0.0000 
0.0000 0.7448 0.7391 0.6522 0.4429 0.3927 0.4394 0.3668 1.0000 0.0000 0.0000 
0.5000 0.4621 0.4435 0.3478 0.1194 0.1036 0.1170 0.0988 1.0000 0.0000 0.0000 
0.5000 0.1241 0.1043 0.0217 0.0044 0.0030 0.0042 0.0039 1.0000 0.0000 0.0000 
1.0000 0.7931 0.7826 0.7391 0.5196 0.4778 0.5649 0.4227 0.0000 1.0000 0.0000 
0.5000 0.5448 0.5565 0.4783 0.1718 0.1311 0.1671 0.1491 1.0000 0.0000 0.0000 
0.5000 0.4897 0.4522 0.4565 0.1353 0.1261 0.1204 0.1212 1.0000 0.0000 0.0000 
0.0000 0.7724 0.7826 0.6739 0.4424 0.3874 0.3842 0.4255 0.0000 0.0000 1.0000 
0.0000 0.7172 0.6696 0.5435 0.3407 0.3359 0.2901 0.2859 0.0000 1.0000 0.0000 
0.0000 0.6897 0.6870 0.3913 0.3292 0.2892 0.3757 0.2607 0.0000 0.0000 1.0000 
1.0000 0.5379 0.5304 0.4565 0.2045 0.1977 0.2358 0.1323 1.0000 0.0000 0.0000 
0.5000 0.7586 0.7043 0.6522 0.4383 0.3692 0.4623 0.4227 0.0000 0.0000 1.0000 
0.5000 0.7517 0.7217 0.5652 0.3026 0.2411 0.2706 0.3277 0.0000 1.0000 0.0000 
0.0000 0.7931 0.9304 0.9130 0.5879 0.5171 0.6404 0.4841 0.0000 0.0000 1.0000 
0.5000 0.3310 0.3217 0.3261 0.0600 0.0471 0.0577 0.0581 1.0000 0.0000 0.0000 
0.0000 0.7724 0.7739 0.7391 0.4640 0.3551 0.4207 0.5399 0.0000 0.0000 1.0000 
1.0000 0.8069 0.8348 0.8261 0.6336 0.4923 0.5386 0.6013 0.0000 0.0000 1.0000 
0.0000 0.8759 0.8261 0.8043 0.6632 0.4536 0.6887 0.7638 0.0000 0.0000 1.0000 
0.0000 0.7241 0.6870 0.6087 0.3402 0.2935 0.3766 0.3082 0.0000 1.0000 0.0000 
0.5000 0.5793 0.6000 0.4130 0.2125 0.1678 0.2137 0.2105 1.0000 0.0000 0.0000 
0.0000 0.4621 0.4522 0.4348 0.1130 0.0837 0.1103 0.1044 0.0000 1.0000 0.0000 
0.5000 0.4966 0.4261 0.4783 0.2106 0.1735 0.2349 0.1820 1.0000 0.0000 0.0000 
1.0000 0.8000 0.8000 0.6522 0.4633 0.3712 0.6251 0.3836 0.0000 0.0000 1.0000 
1.0000 0.7655 0.7652 0.7174 0.4489 0.4062 0.4589 0.3646 0.0000 0.0000 1.0000 
0.5000 0.4069 0.4087 0.3913 0.0878 0.0683 0.0848 0.0932 0.0000 1.0000 0.0000 
0.5000 0.5310 0.4957 0.3478 0.1353 0.1200 0.1145 0.1212 1.0000 0.0000 0.0000 
0.5000 0.6966 0.6783 0.6087 0.3133 0.2569 0.3537 0.2831 0.0000 0.0000 1.0000 
1.0000 0.7655 0.7478 0.7174 0.4597 0.2909 0.4987 0.5120 0.0000 0.0000 1.0000 
1.0000 0.4069 0.4000 0.3913 0.0800 0.0447 0.1137 0.0888 0.0000 1.0000 0.0000 
0.5000 0.4897 0.4696 0.4348 0.1294 0.0905 0.1578 0.1323 0.0000 0.0000 1.0000 
1.0000 0.6828 0.6348 0.5652 0.3090 0.2791 0.2791 0.2775 1.0000 0.0000 0.0000 
0.5000 0.2414 0.2348 0.2174 0.0264 0.0235 0.0187 0.0257 1.0000 0.0000 0.0000 
0.0000 0.7172 0.6609 0.6087 0.3180 0.2801 0.2875 0.2942 1.0000 0.0000 0.0000 
0.0000 0.8345 0.8783 0.8043 0.6288 0.5783 0.5454 0.4618 0.0000 0.0000 1.0000 
0.5000 0.3586 0.3391 0.3696 0.0648 0.0528 0.0831 0.0597 1.0000 0.0000 0.0000 
1.0000 0.5379 0.5130 0.5652 0.2031 0.1348 0.2545 0.2105 0.0000 0.0000 1.0000 
0.0000 0.5517 0.5304 0.5000 0.1576 0.1133 0.1366 0.1547 0.0000 1.0000 0.0000 
0.0000 0.7448 0.7217 0.6304 0.3832 0.3951 0.3537 0.2730 0.0000 1.0000 0.0000 
0.5000 0.5793 0.5565 0.4565 0.1789 0.1614 0.1739 0.1658 1.0000 0.0000 0.0000 
0.0000 0.6276 0.6435 0.6087 0.3002 0.2199 0.3927 0.2239 1.0000 0.0000 0.0000 
1.0000 0.7241 0.7043 0.6957 0.4174 0.3060 0.5708 0.3657 0.0000 0.0000 1.0000 
1.0000 0.8138 0.8000 0.8261 0.4489 0.3433 0.4529 0.4852 0.0000 0.0000 1.0000 
