0 0 1 2 0.00142405597682084 0.0896566185188905 0.908919325504289 2
0 0 1 2 0.00360452116050556 0.163315018651814 0.833080460187681 2
1 0 0 0 0.298784155431139 0.448180891138331 0.253034953430531 1
0 1 0 1 0.0648557385219807 0.405025325580014 0.530118935898006 2
0 0 1 2 0.52690885179431 0.348741042404319 0.124350105801371 0
0 1 0 1 0.137069202153353 0.492378000712249 0.370552797134397 1
0 1 0 1 0.00820103456250148 0.208340937880378 0.783458027557121 2
1 0 0 0 0.470779451414625 0.366725886301765 0.16249466228361 0
0 0 1 2 0.00144046150203116 0.0868809180840657 0.911678620413903 2
0 0 1 2 0.0692050293049433 0.342111940282692 0.588683030412365 2
0 0 1 2 0.00733575165643971 0.238132719357199 0.754531528986361 2
0 1 0 1 0.0802906514017942 0.33981725718627 0.579892091411936 2
0 1 0 1 0.107561581195908 0.474017740569326 0.418420678234766 1
1 0 0 0 0.986802880464431 0.0129776774913123 0.00021944204425638 0
0 0 1 2 0.0207136836989013 0.220513974926966 0.758772341374132 2
0 0 1 2 0.00136599856553664 0.0919939687355028 0.906640032698961 2
1 0 0 0 0.371559216202449 0.470406838133151 0.1580339456644 1
0 0 1 2 0.21381439318726 0.393292348395519 0.392893258417221 1
1 0 0 0 0.941475612001821 0.0528388699714366 0.00568551802674287 0
0 1 0 1 0.619950706147754 0.294364448073086 0.0856848457791603 0
1 0 0 0 0.958083771404307 0.0387041926506734 0.00321203594502019 0
0 0 1 2 0.0411112533294289 0.434270688139139 0.524618058531433 2
0 0 1 2 0.0108595543547451 0.216339601058144 0.772800844587111 2
0 1 0 1 0.52803897969167 0.346198512773416 0.125762507534914 0
0 0 1 2 0.00734918597050424 0.204945473820799 0.787705340208697 2
0 0 1 2 0.000295446394863896 0.0422136761530017 0.957490877452134 2
0 1 0 1 0.172557327622458 0.519187637314684 0.308255035062858 1
0 0 1 2 0.0786524489053124 0.338080061187218 0.583267489907469 2
1 0 0 0 0.645081154972984 0.275938065970699 0.0789807790563165 0
1 0 0 0 0.687383778125837 0.25283912468497 0.0597770971891928 0
0 0 1 2 0.0356456584211517 0.331710219416192 0.632644122162656 2
1 0 0 0 0.812605331316846 0.158844625125891 0.0285500435572634 0
1 0 0 0 0.314677134697885 0.440254900693094 0.245067964609021 1
1 0 0 0 0.640409314399801 0.296733077135536 0.0628576084646628 0
0 0 1 2 0.156148580455005 0.43395988285006 0.409891536694935 1
0 1 0 1 0.0228261613376442 0.28717135307818 0.690002485584176 2
0 0 1 2 0.0250335873383833 0.345581469427306 0.629384943234311 2
0 0 1 2 0.0042461536524258 0.168213833501547 0.827540012846027 2
0 1 0 1 0.08306153049602 0.37518853804282 0.54174993146116 2
0 0 1 2 0.00318958161276807 0.137248333768753 0.859562084618479 2
0 1 0 1 0.240674459583536 0.490630415277893 0.268695125138571 1
1 0 0 0 0.799943920792742 0.166201733255898 0.0338543459513604 0
0 0 1 2 0.0264123578101873 0.27829990244546 0.695287739744353 2
1 0 0 0 0.142571757751082 0.447113019878404 0.410315222370513 1
0 0 1 2 0.0961024956820187 0.4986278864033 0.405269617914681 1
0 1 0 1 0.281925134317663 0.413045792416579 0.305029073265758 1
1 0 0 0 0.31529354231549 0.454668215570117 0.230038242114393 1
1 0 0 0 0.809209016053595 0.159398035790339 0.0313929481560662 0
0 1 0 1 0.508427284709829 0.363653654409048 0.127919060881123 0
0 1 0 1 0.325254371450022 0.528473142619561 0.146272485930417 1
0 1 0 1 0.120475851181346 0.377475460145853 0.502048688672801 2
0 1 0 1 0.161728209713654 0.504122764520547 0.334149025765799 1
0 0 1 2 0.819035149292364 0.151029654060191 0.0299351966474457 0
0 0 1 2 0.0545913943943653 0.342549654424087 0.602858951181548 2
1 0 0 0 0.690271523790488 0.244416839703687 0.0653116365058257 0
1 0 0 0 0.732581465773473 0.222588202849424 0.0448303313771036 0
0 0 1 2 0.010962438591785 0.193804772970437 0.795232788437778 2
0 0 1 2 0.0236369616302816 0.24028634145516 0.736076696914558 2
1 0 0 0 0.885369283910487 0.100847075997878 0.013783640091635 0
1 0 0 0 0.24049747473461 0.458131880997712 0.301370644267678 1
0 1 0 1 0.075688783450239 0.47199484133372 0.452316375216041 1
0 1 0 1 0.00656633277259265 0.180687062729779 0.812746604497628 2
0 1 0 1 0.0690073309216423 0.392213938026944 0.538778731051413 2
0 0 1 2 0.0346461744642157 0.291853225635704 0.67350059990008 2
1 0 0 0 0.57202917356169 0.332488200683268 0.0954826257550417 0
0 1 0 1 0.700090400381194 0.2676056948873 0.0323039047315063 0
1 0 0 0 0.762572158166806 0.211278459938309 0.0261493818948856 0
1 0 0 0 0.770805422420328 0.188719447994347 0.0404751295853253 0
0 0 1 2 0.000865439914533188 0.0716505159275485 0.927484044157918 2
0 0 1 2 0.00279592077479456 0.12669415274299 0.870509926482215 2
0 1 0 1 0.0669036657743031 0.426377867256262 0.506718466969435 2
1 0 0 0 0.898772345110996 0.0893979824210876 0.0118296724679169 0
0 1 0 1 0.0792429610121954 0.395819381001474 0.52493765798633 2
0 1 0 1 0.194315070838164 0.482554591025092 0.323130338136743 1
0 1 0 1 0.00558454710889827 0.13542745768163 0.858987995209472 2
0 1 0 1 0.229617831368671 0.461182480802658 0.309199687828671 1
0 1 0 1 0.0396471678116015 0.385990423018336 0.574362409170063 2
0 1 0 1 0.177193775903111 0.434675271271732 0.388130952825157 1
0 0 1 2 0.409653853750307 0.398729006195977 0.191617140053716 0
0 1 0 1 0.339133820404015 0.458984665700251 0.201881513895734 1
0 1 0 1 0.117258573185644 0.544427379686739 0.338314047127617 1
1 0 0 0 0.883482018204344 0.100834368336223 0.0156836134594324 0
1 0 0 0 0.165682500213207 0.467263891718215 0.367053608068578 1
0 0 1 2 0.0271408370384491 0.25992158512788 0.71293757783367 2
0 1 0 1 0.0398207083413749 0.333763303905956 0.626415987752669 2
0 0 1 2 0.0090642160620642 0.21313378945325 0.777801994484686 2
1 0 0 0 0.291729912662966 0.437367117960008 0.270902969377026 1
1 0 0 0 0.806406125315595 0.163663003559192 0.0299308711252129 0
1 0 0 0 0.802542466646278 0.163365925859902 0.0340916074938197 0
0 0 1 2 0.0130679392668144 0.288729828404135 0.698202232329051 2
0 1 0 1 0.186610611100224 0.423528712750378 0.389860676149398 1
0 0 1 2 0.0349626941116069 0.32522820358723 0.639809102301163 2
0 0 1 2 0.0358913945766871 0.318902327008306 0.645206278415006 2
0 0 1 2 0.0874600732419193 0.418214071087914 0.494325855670167 2
0 0 1 2 0.00606681442348098 0.17471626934792 0.8192169162286 2
1 0 0 0 0.694871806354505 0.247877905797883 0.0572502878476122 0
0 0 1 2 0.151547434588893 0.427882718444707 0.4205698469664 1
0 1 0 1 0.0175338411667669 0.296549376817115 0.685916782016119 2
1 0 0 0 0.753874714212016 0.203285901839861 0.0428393839481235 0
0 1 0 1 0.435635848607947 0.406533711900539 0.157830439491514 0
0 0 1 2 0.0216640656011775 0.28168905496777 0.696646879431052 2
0 0 1 2 0.074588008276568 0.462722733278812 0.46268925844462 1
0 0 1 2 0.164718963230924 0.457554111274397 0.377726925494678 1
1 0 0 0 0.352410593390819 0.451551998026144 0.196037408583037 1
0 1 0 1 0.0270269399978512 0.341756933182031 0.631216126820118 2
0 1 0 1 0.0299508624440062 0.300880445926461 0.669168691629533 2
0 1 0 1 0.791151903951814 0.171750891338373 0.0370972047098133 0
1 0 0 0 0.370921754036418 0.425563468273449 0.203514777690133 1
1 0 0 0 0.897208893553255 0.091652512023856 0.0111385944228887 0
0 1 0 1 0.0118341835077403 0.263696050055609 0.724469766436651 2
0 1 0 1 0.0369186523761574 0.33355994027764 0.629521407346202 2
0 1 0 1 0.283845801689115 0.408163285905618 0.307990912405267 1
0 1 0 1 0.0923291026917172 0.432519151946063 0.475151745362219 2
0 0 1 2 0.00874911437195551 0.21641006494572 0.774840820682324 2
0 0 1 2 0.00811426538279446 0.243368768059292 0.748516966557914 2
0 1 0 1 0.227237021777841 0.392859658899941 0.379903319322218 1
0 1 0 1 0.00891804081181014 0.272070650636754 0.719011308551436 2
0 0 1 2 0.0191635244855663 0.281935973128262 0.698900502386172 2
1 0 0 0 0.79051049655054 0.176892682261911 0.0325968211875496 0
1 0 0 0 0.145775022382545 0.470320167990105 0.383904809627349 1
0 0 1 2 0.00916311714302045 0.215546313324028 0.775290569532951 2
0 0 1 2 0.00826638507538661 0.179536045808322 0.812197569116292 2
0 1 0 1 0.020829643195996 0.399040788282207 0.580129568521797 2
1 0 0 0 0.883345715050666 0.102611819679921 0.0140424652694133 0
0 1 0 1 0.496413983981299 0.339772870016585 0.163813146002116 0
1 0 0 0 0.297157850383886 0.474917954317547 0.227924195298566 1
1 0 0 0 0.625439657674706 0.287178121866025 0.0873822204592689 0
0 0 1 2 0.00110072603334088 0.0819679518208848 0.916931322145774 2
0 1 0 1 0.0139828896393486 0.256188497127039 0.729828613233612 2
1 0 0 0 0.814334246052367 0.158774518565882 0.0268912353817508 0
0 1 0 1 0.0241140127788415 0.297751057458884 0.678134929762275 2
0 1 0 1 0.134645655883465 0.440441889544314 0.424912454572221 1
1 0 0 0 0.866017640495705 0.114675214784179 0.0193071447201165 0
1 0 0 0 0.737431489798952 0.22213158288055 0.040436927320498 0
0 0 1 2 0.000920455193936121 0.0723315172689846 0.926748027537079 2
0 1 0 1 0.00265874775271945 0.114316523237068 0.883024729010212 2
1 0 0 0 0.329488120061627 0.457246967273955 0.213264912664417 1
1 0 0 0 0.170394723641201 0.458374770161351 0.371230506197448 1
1 0 0 0 0.394241734850709 0.393942141137342 0.211816124011948 0
0 1 0 1 0.121144700465648 0.465581354455943 0.413273945078409 1
0 0 1 2 0.286909769779417 0.422388149568197 0.290702080652386 1
0 1 0 1 0.0749346357246917 0.372202834167412 0.552862530107896 2
0 0 1 2 0.00646569223955303 0.184534471822292 0.808999835938155 2
0 0 1 2 0.0295327741307349 0.330620046846981 0.639847179022284 2
0 1 0 1 0.144724136564118 0.465945849825102 0.38933001361078 1
0 1 0 1 0.000728642397284217 0.0615851484043708 0.937686209198345 2
1 0 0 0 0.948866104424073 0.0469237429964402 0.0042101525794871 0
0 1 0 1 0.548715251921376 0.329989629049671 0.121295119028953 0
0 0 1 2 0.0239541754257264 0.272277446701898 0.703768377872375 2
1 0 0 0 0.602218241632846 0.295936983802644 0.101844774564511 0
0 1 0 1 0.414563802181516 0.457919129915444 0.127517067903039 1
1 0 0 0 0.868943575646023 0.11452061726657 0.0165358070874077 0
0 1 0 1 0.557216567175514 0.360850124161141 0.0819333086633442 0
0 1 0 1 0.155439515891905 0.479542426940542 0.365018057167553 1
0 0 1 2 0.0819502997468681 0.390025985799909 0.528023714453223 2
0 1 0 1 0.213587597777012 0.408200405446605 0.378211996776383 1
1 0 0 0 0.795459794926031 0.172720280462242 0.0318199246117264 0
0 1 0 1 0.163328081476262 0.449225630059749 0.387446288463989 1
0 1 0 1 0.00959144850675468 0.23351968519671 0.756888866296535 2
0 1 0 1 0.122456024455467 0.487743553692498 0.389800421852036 1
0 0 1 2 0.0572772919761375 0.423285614431836 0.519437093592027 2
0 1 0 1 0.271385586304808 0.453199390918767 0.275415022776425 1
0 1 0 1 0.0233554861701968 0.321536305849333 0.655108207980471 2
0 1 0 1 0.806559110961157 0.161601052246271 0.0318398367925715 0
1 0 0 0 0.0559195937233328 0.367351534316255 0.576728871960412 2
0 0 1 2 0.308881158497332 0.406449889983914 0.284668951518754 1
0 1 0 1 0.229928403482704 0.449955795386176 0.32011580113112 1
0 0 1 2 0.599040938947854 0.311525828539437 0.0894332325127088 0
1 0 0 0 0.804916307991678 0.168892931677701 0.0261907603306212 0
1 0 0 0 0.354555996920606 0.443991104146579 0.201452898932815 1
1 0 0 0 0.457287364752271 0.416674076938677 0.126038558309051 0
1 0 0 0 0.731592202589567 0.229921724615773 0.0384860727946596 0
1 0 0 0 0.690290444662496 0.244241837602695 0.0654677177348094 0
0 0 1 2 0.104321297630909 0.411743887516747 0.483934814852343 2
0 0 1 2 0.00500715959788532 0.177634983744065 0.81735785665805 2
0 1 0 1 0.132421968900166 0.499692478757714 0.367885552342121 1
1 0 0 0 0.747695204172441 0.206087125819552 0.0462176700080067 0
0 1 0 1 0.0632301972155244 0.455362070491836 0.481407732292639 2
1 0 0 0 0.0540958857506086 0.353173623109514 0.592730491139878 2
1 0 0 0 0.959670294498698 0.0373206981258005 0.00300900737550108 0
0 0 1 2 0.00223261498960027 0.141439075740272 0.856328309270128 2
0 0 1 2 0.0244756961183186 0.285034838423524 0.690489465458158 2
1 0 0 0 0.521555413099492 0.344053467995683 0.134391118904825 0
0 1 0 1 0.169650717883958 0.447550925177556 0.382798356938486 1
1 0 0 0 0.973231567964987 0.0250968580798842 0.00167157395512869 0
0 1 0 1 0.174050320325085 0.537066463378513 0.288883216296402 1
0 1 0 1 0.605271342583039 0.300537349262982 0.0941913081539787 0
1 0 0 0 0.458418526743596 0.378118621252216 0.163462852004188 0
0 0 1 2 0.00914327682090577 0.193504226243485 0.797352496935609 2
0 0 1 2 0.00818212865304867 0.181771733631772 0.810046137715179 2
0 1 0 1 0.0952739625504848 0.492568772512182 0.412157264937334 1
0 1 0 1 0.0964894085189316 0.448208111766296 0.455302479714772 2
0 0 1 2 0.010683557156092 0.202725262529888 0.78659118031402 2
0 1 0 1 0.00544321513022775 0.198999239162042 0.79555754570773 2
1 0 0 0 0.290415926325571 0.489757324504839 0.21982674916959 1
0 1 0 1 0.225347768459815 0.461898776612536 0.312753454927649 1
0 1 0 1 0.0474035947914631 0.373034584591314 0.579561820617222 2
0 1 0 1 0.0660200662654835 0.398374260213921 0.535605673520596 2
0 0 1 2 0.00261081542176225 0.113003314255528 0.88438587032271 2
0 0 1 2 0.006417962422519 0.172546463926979 0.821035573650502 2
1 0 0 0 0.0779232336646934 0.418024570305824 0.504052196029483 2
1 0 0 0 0.616208258551928 0.292034207699592 0.0917575337484803 0
0 0 1 2 0.125008317975272 0.444967646060796 0.430024035963932 1
0 1 0 1 0.00633236198181016 0.21393683331064 0.77973080470755 2
1 0 0 0 0.4408654292417 0.395447699493281 0.163686871265019 0
0 1 0 1 0.441592402611634 0.425818185781464 0.132589411606902 0
1 0 0 0 0.89740597116206 0.0909958148275851 0.0115982140103547 0
0 0 1 2 0.210624325093214 0.434876699065603 0.354498975841183 1
0 0 1 2 0.0370458920663972 0.310676187160305 0.652277920773297 2
0 1 0 1 0.420481525666763 0.399690821224567 0.17982765310867 0
0 0 1 2 0.00388278114675635 0.129664790634559 0.866452428218685 2
0 1 0 1 0.114090242979932 0.405608463421626 0.480301293598442 2
0 0 1 2 4.07300246055539E-05 0.0149372221366415 0.985022047838753 2
1 0 0 0 0.614335117868148 0.302932838879048 0.0827320432528047 0
0 1 0 1 0.64719504306808 0.26900062562719 0.0838043313047297 0
0 1 0 1 0.645266233123578 0.280848578464759 0.0738851884116625 0
0 1 0 1 0.135597010353658 0.454709852238969 0.409693137407373 1
0 1 0 1 0.0330062832997564 0.360248600490153 0.60674511621009 2
1 0 0 0 0.959398075174708 0.0376202558313858 0.00298166899390594 0
1 0 0 0 0.0827327925424934 0.497562494693032 0.419704712764474 1
1 0 0 0 0.830839069523554 0.144064634241154 0.0250962962352917 0
0 1 0 1 0.279954976598853 0.460918563366217 0.25912646003493 1
1 0 0 0 0.470971644523675 0.390173204650692 0.138855150825632 0
0 1 0 1 0.249991413996769 0.494157144306902 0.255851441696329 1
1 0 0 0 0.69513585382975 0.240859258886118 0.0640048872841323 0
0 1 0 1 0.283380171225813 0.521471719475384 0.195148109298803 1
0 0 1 2 0.0214548422400544 0.369341224913502 0.609203932846444 2
0 0 1 2 0.0759441315461508 0.347852204152432 0.576203664301417 2
0 0 1 2 0.207710205801768 0.50031792944086 0.291971864757372 1
0 1 0 1 0.0944633660090121 0.461186255914582 0.444350378076406 1
0 0 1 2 0.122555874218481 0.395663188833914 0.481780936947605 2
1 0 0 0 0.523878376962653 0.345228011830271 0.130893611207077 0
0 1 0 1 0.57785667103785 0.327306795023538 0.0948365339386113 0
1 0 0 0 0.620440391720411 0.284994962341258 0.0945646459383312 0
0 1 0 1 0.0467572758726234 0.438212313616618 0.515030410510759 2
0 0 1 2 0.00101691334194396 0.0809231244020199 0.918059962256036 2
0 0 1 2 0.146775321899242 0.516598912759407 0.336625765341352 1
0 0 1 2 0.0191007100355307 0.20161399838351 0.779285291580959 2
0 1 0 1 0.00411526807035524 0.169138653777168 0.826746078152477 2
1 0 0 0 0.308705847638741 0.491528643573491 0.199765508787768 1
1 0 0 0 0.137738002524527 0.474266246429404 0.387995751046069 1
0 1 0 1 0.0242474524398109 0.222915040059952 0.752837507500237 2
0 0 1 2 0.24833486373136 0.433803407529858 0.317861728738782 1
0 1 0 1 0.785804867395208 0.17769315201268 0.0365019805921119 0
0 0 1 2 0.0165452626090014 0.249392814444597 0.734061922946402 2
0 1 0 1 0.401136268035574 0.418383079738966 0.180480652225459 1
0 1 0 1 0.165098922222151 0.514961885540395 0.319939192237454 1
0 0 1 2 0.0116431728299229 0.19612126563303 0.792235561537047 2
0 0 1 2 0.0193693656233196 0.272931569688923 0.707699064687757 2
0 0 1 2 0.0132341940256048 0.305062838784354 0.681702967190042 2
0 1 0 1 0.375632725380657 0.391217783973283 0.233149490646061 1
1 0 0 0 0.766281407006331 0.192255012198697 0.0414635807949725 0
0 1 0 1 0.268962776287109 0.443965315843239 0.287071907869652 1
1 0 0 0 0.124444365247536 0.473574640826445 0.401980993926019 1
0 0 1 2 0.0332394791005542 0.365401072596903 0.601359448302542 2
0 1 0 1 0.0896843028002807 0.394002942790962 0.516312754408757 2
0 0 1 2 0.00359996945621582 0.150494702982009 0.845905327561775 2
1 0 0 0 0.664678324611829 0.265166856464318 0.0701548189238532 0
0 1 0 1 0.0803416646805893 0.454342399692163 0.465315935627248 2
1 0 0 0 0.827066918241312 0.148209300480141 0.0247237812785472 0
1 0 0 0 0.822842092272215 0.150741311571397 0.0264165961563877 0
0 0 1 2 0.0467111959073583 0.359074500059897 0.594214304032745 2
1 0 0 0 0.675040675993536 0.24960451766766 0.0753548063388036 0
0 0 1 2 0.00671200282281299 0.164071336498647 0.82921666067854 2
0 0 1 2 0.276270016593182 0.588252670810747 0.135477312596072 1
1 0 0 0 0.88539457726623 0.10038057341333 0.0142248493204393 0
0 1 0 1 0.293305032968007 0.448972703458854 0.257722263573139 1
0 0 1 2 0.0193983310844691 0.278764589341975 0.701837079573556 2
0 0 1 2 0.000468633712498632 0.0600720676298997 0.939459298657602 2
0 1 0 1 0.674562565743126 0.248006772531766 0.0774306617251082 0
1 0 0 0 0.785201818360563 0.181609148181192 0.0331890334582453 0
1 0 0 0 0.684763512974218 0.260268239168705 0.0549682478570767 0
0 0 1 2 0.357432946244923 0.413654210971485 0.228912842783591 1
0 0 1 2 0.0199608319469784 0.296032080664718 0.684007087388303 2
0 1 0 1 0.0267132055474722 0.321654876361503 0.651631918091025 2
0 1 0 1 0.0775706657335386 0.374821747877096 0.547607586389365 2
0 0 1 2 0.0155696256473572 0.213872304004974 0.770558070347668 2
0 0 1 2 0.029569578121421 0.307034777029136 0.663395644849443 2
0 1 0 1 0.332687686413312 0.428448880336186 0.238863433250502 1
0 1 0 1 0.0862390934591867 0.47700894578709 0.436751960753723 1
0 0 1 2 0.0596459522053572 0.452866970684499 0.487487077110143 2
1 0 0 0 0.0579493518010214 0.424448434877051 0.517602213321928 2
0 0 1 2 0.0216067445886609 0.279818964777887 0.698574290633452 2
0 1 0 1 0.00425390502716683 0.164515107298654 0.831230987674179 2
0 1 0 1 0.0170908657883102 0.245918798445201 0.736990335766489 2
0 0 1 2 0.0141548096872651 0.291673700676634 0.694171489636101 2
1 0 0 0 0.211375845423866 0.504297784834953 0.284326369741181 1
1 0 0 0 0.042888740852091 0.373189842259476 0.583921416888433 2
0 0 1 2 0.505228287685085 0.43021629422461 0.064555418090306 0
1 0 0 0 0.901926726419232 0.0870704391279832 0.0110028344527848 0
1 0 0 0 0.573833242808176 0.323491913462646 0.102674843729177 0
0 0 1 2 0.00906278011731615 0.196475248863488 0.794461971019196 2
1 0 0 0 0.383096262720361 0.410534666576506 0.206369070703134 1
0 0 1 2 0.0353545126373946 0.339536587561235 0.62510889980137 2
0 1 0 1 0.51332074157816 0.33847276047172 0.14820649795012 0
1 0 0 0 0.56036083761395 0.321649009038117 0.117990153347933 0
0 0 1 2 0.114320611569443 0.454498127717909 0.431181260712648 1
1 0 0 0 0.385923842440843 0.437818624827414 0.176257532731743 1
0 1 0 1 0.227562752002665 0.513225389682327 0.259211858315008 1
1 0 0 0 0.0311964619540609 0.358185455946095 0.610618082099845 2
0 1 0 1 0.46161284667712 0.371175843705409 0.167211309617471 0
0 1 0 1 0.678724216896352 0.258316679260034 0.0629591038436143 0
0 1 0 1 0.172062282467795 0.511700097814587 0.316237619717618 1
0 0 1 2 0.176849856169943 0.458596587127556 0.3645535567025 1
0 0 1 2 0.0626648341596684 0.352948327407232 0.5843868384331 2
1 0 0 0 0.756578243230582 0.203316824069589 0.0401049326998297 0
1 0 0 0 0.944929314979016 0.0504837809769895 0.00458690404399479 0
0 0 1 2 0.0605930292483531 0.321479551624637 0.61792741912701 2
0 1 0 1 0.475441204621346 0.373923909422516 0.150634885956138 0
0 0 1 2 0.038720124403194 0.362934563924216 0.59834531167259 2
1 0 0 0 0.264466749831291 0.469179130650788 0.26635411951792 1
0 0 1 2 0.0105452724432518 0.189079461019012 0.800375266537736 2
1 0 0 0 0.317454234253927 0.485398859722787 0.197146906023287 1
0 1 0 1 0.10387379083675 0.423497777389433 0.472628431773817 2
1 0 0 0 0.901079804138003 0.0874021004027655 0.011518095459232 0
1 0 0 0 0.724544120847399 0.21685255398064 0.0586033251719607 0
0 1 0 1 0.0649637263191048 0.422065223408418 0.512971050272477 2
0 1 0 1 0.116404091730664 0.453866973893934 0.429728934375402 1
0 0 1 2 0.329103075959776 0.420782048885792 0.250114875154431 1
1 0 0 0 0.30973870070697 0.435616452169927 0.254644847123103 1
0 0 1 2 0.000859044957288549 0.0678249940496536 0.931315960993058 2
0 1 0 1 0.148391956266251 0.431042365325449 0.4205656784083 1
1 0 0 0 0.584733879846245 0.326973996193757 0.0882921239599972 0
0 0 1 2 0.103749911736182 0.419483697851084 0.476766390412734 2
0 1 0 1 0.0396519993584784 0.403696519321549 0.556651481319973 2
0 1 0 1 0.0575615341828703 0.417891679567751 0.524546786249379 2
1 0 0 0 0.585599017175684 0.318102943860415 0.0962980389639013 0
0 0 1 2 0.0578161219353376 0.374109650163305 0.568074227901358 2
0 1 0 1 0.0361207876338518 0.313997246798316 0.649881965567833 2
1 0 0 0 0.603947517658959 0.299909922400942 0.0961425599400995 0
1 0 0 0 0.680775038215011 0.25474950636529 0.0644754554196995 0
1 0 0 0 0.680970601644117 0.245535238377802 0.0734941599780806 0
0 0 1 2 0.00415072211474338 0.168119275216062 0.827730002669195 2
0 1 0 1 0.135193890858908 0.44739442578784 0.417411683353252 1
0 0 1 2 0.00271967697799335 0.148263283673383 0.849017039348624 2
0 1 0 1 0.421292702767466 0.40036873541249 0.178338561820044 0
1 0 0 0 0.164303032803998 0.500668034586103 0.335028932609899 1
1 0 0 0 0.710211495272118 0.240785059828895 0.0490034448989872 0
0 1 0 1 0.259109231058435 0.529295959131023 0.211594809810542 1
0 0 1 2 0.0316524375013738 0.322640748535176 0.64570681396345 2
0 0 1 2 0.0183951046337761 0.260859513710395 0.720745381655829 2
0 1 0 1 0.716546166041616 0.222410296510049 0.0610435374483347 0
0 0 1 2 0.203862278183258 0.434098782889216 0.362038938927526 1
0 1 0 1 0.0687306631683753 0.373775791650034 0.557493545181591 2
0 0 1 2 0.00384434458813498 0.120814534964537 0.875341120447328 2
1 0 0 0 0.551606128358659 0.341377854443809 0.107016017197532 0
0 1 0 1 0.0919850514745716 0.465681333300479 0.44233361522495 1
0 0 1 2 0.0103009951055842 0.27663590267815 0.713063102216266 2
1 0 0 0 0.914002393721226 0.0767573457060143 0.00924026057276009 0
1 0 0 0 0.698320765478664 0.250016112192574 0.0516631223287617 0
0 0 1 2 0.479138700759983 0.354022627284871 0.166838671955147 0
0 0 1 2 0.00169925506148616 0.0975409763559437 0.90075976858257 2
0 1 0 1 0.00481347386930756 0.126359439938186 0.868827086192506 2
0 0 1 2 0.00551737406338497 0.152141867053209 0.842340758883406 2
0 0 1 2 0.27880150407065 0.422474949203 0.298723546726349 1
1 0 0 0 0.918812077027565 0.0724888050668182 0.00869911790561731 0
0 0 1 2 0.00190707831481876 0.0879354779815503 0.910157443703631 2
1 0 0 0 0.541455936183428 0.355238823011042 0.10330524080553 0
1 0 0 0 0.917936909251565 0.0737167667385152 0.00834632400991967 0
0 0 1 2 0.0782892927212518 0.378930960044352 0.542779747234396 2
0 0 1 2 0.0858750013899385 0.418265005766439 0.495859992843622 2
0 0 1 2 0.49573321723969 0.351824744186964 0.152442038573346 0
1 0 0 0 0.71209528608041 0.233698067745959 0.0542066461736309 0
0 0 1 2 0.205932075862095 0.434522960611348 0.359544963526557 1
1 0 0 0 0.162578590302915 0.502222281388136 0.335199128308949 1
0 0 1 2 0.245403064997008 0.515445760124019 0.239151174878973 1
0 1 0 1 0.147105821801437 0.442756739192266 0.410137439006297 1
0 1 0 1 0.704498524549697 0.229764714560609 0.0657367608896941 0
0 1 0 1 0.248223300336738 0.445781639696473 0.305995059966789 1
0 0 1 2 0.00330059987597361 0.123931666953532 0.872767733170494 2
0 1 0 1 0.0561474691949344 0.409662454901291 0.534190075903775 2
0 1 0 1 0.0495090429127395 0.337679272299293 0.612811684787968 2
1 0 0 0 0.769926782259216 0.197427623172993 0.0326455945677908 0
1 0 0 0 0.57894563767181 0.332893423952329 0.088160938375861 0
0 0 1 2 0.0341385846579583 0.33810359089907 0.627757824442971 2
0 0 1 2 0.13643946241958 0.561454573330092 0.302105964250327 1
0 1 0 1 0.03319055875873 0.300058220534515 0.666751220706755 2
0 0 1 2 0.0169876356682736 0.33743104187345 0.645581322458277 2
1 0 0 0 0.248959354856852 0.445174951247369 0.305865693895779 1
1 0 0 0 0.672162121326634 0.260774824608624 0.0670630540647413 0
0 1 0 1 0.775586362605532 0.183679534012244 0.0407341033822238 0
1 0 0 0 0.923252710512475 0.0692642326001764 0.00748305688734891 0
0 1 0 1 0.199848903284543 0.458352576801125 0.341798519914332 1
1 0 0 0 0.918826829918463 0.0733096762958016 0.00786349378573497 0
0 0 1 2 0.0425995445501738 0.455795172167899 0.501605283281927 2
0 0 1 2 0.00976850608699678 0.222504381062878 0.767727112850125 2
0 0 1 2 0.00991315627642551 0.232508059785088 0.757578783938486 2
0 1 0 1 0.066229017123757 0.384536451204901 0.549234531671343 2
0 1 0 1 0.158922058925354 0.447538736263897 0.393539204810748 1
1 0 0 0 0.844615702863034 0.134089398142623 0.0212948989943422 0
1 0 0 0 0.913038872522958 0.0776989481597428 0.00926217931729873 0
1 0 0 0 0.803133957544314 0.173247286791934 0.0236187556637525 0
0 0 1 2 0.00126423450983626 0.0916622253820163 0.907073540108148 2
0 1 0 1 0.439838471546793 0.374244949255772 0.185916579197436 0
1 0 0 0 0.895549376296428 0.0929064274747841 0.0115441962287874 0
0 1 0 1 0.192022578435628 0.536750844443801 0.271226577120571 1
1 0 0 0 0.285866492717535 0.424485922604161 0.289647584678304 1
0 0 1 2 0.0317276334426953 0.311148954019791 0.657123412537514 2
0 1 0 1 0.671354852853705 0.273252916903703 0.0553922302425913 0
1 0 0 0 0.090784858207881 0.448223479591273 0.460991662200846 2
0 1 0 1 0.11820502696012 0.423681976145379 0.458112996894501 2
0 0 1 2 0.215121669077491 0.446343777141198 0.338534553781311 1
1 0 0 0 0.609135926545341 0.333559722084716 0.0573043513699436 0
0 1 0 1 0.0570715425898079 0.44214221518613 0.500786242224062 2
0 1 0 1 0.025269193216486 0.291630484123858 0.683100322659656 2
1 0 0 0 0.0458211338620231 0.385382739498998 0.568796126638979 2
1 0 0 0 0.921153876963851 0.0710372433365644 0.0078088796995847 0
0 0 1 2 0.113210744238517 0.449082928065084 0.437706327696399 1
1 0 0 0 0.848582213034701 0.13131869906125 0.0200990879040492 0
0 1 0 1 0.0816063171854172 0.527393735229721 0.390999947584861 1
0 0 1 2 0.043690955561016 0.395257394147669 0.561051650291315 2
1 0 0 0 0.757616453722151 0.203598790515868 0.0387847557619811 0
0 1 0 1 0.606835420011261 0.299798461524593 0.093366118464146 0
0 1 0 1 0.250178752440024 0.492182616093983 0.257638631465993 1
1 0 0 0 0.917706525413208 0.0738221707273556 0.00847130385943644 0
0 0 1 2 0.000113354157084862 0.0295119745276468 0.970374671315268 2
1 0 0 0 0.650928972348461 0.271398508357351 0.0776725192941874 0
0 0 1 2 0.0209716633144131 0.267653868580346 0.711374468105241 2
0 0 1 2 0.0111031936020594 0.169845611751771 0.81905119464617 2
0 1 0 1 0.294680461713727 0.436195180772856 0.269124357513418 1
0 0 1 2 0.00264589401629569 0.113177545469168 0.884176560514537 2
0 0 1 2 0.000240564769044991 0.0392297184030017 0.960529716827953 2
0 0 1 2 0.020644215374102 0.347813901290219 0.631541883335679 2
0 0 1 2 0.085293247128699 0.40049853441428 0.514208218457021 2
1 0 0 0 0.910298925436517 0.0802253186304098 0.00947575593307259 0
1 0 0 0 0.276663988947508 0.454922575151925 0.268413435900567 1
0 0 1 2 0.0754724213248537 0.369707641734731 0.554819936940416 2
0 1 0 1 0.313989721182169 0.435318946126558 0.250691332691272 1
1 0 0 0 0.0645565798713073 0.376451223292561 0.558992196836132 2
1 0 0 0 0.7657624155771 0.194064248296817 0.0401733361260837 0
0 0 1 2 0.00013612017346465 0.0303295663643131 0.969534313462222 2
1 0 0 0 0.645905093037961 0.271514787896464 0.0825801190655741 0
0 1 0 1 0.0118139600625468 0.253541951584471 0.734644088352982 2
0 0 1 2 0.216328815738911 0.432196532405574 0.351474651855515 1
1 0 0 0 0.524216658176712 0.353006253856034 0.122777087967253 0
0 1 0 1 0.300706384803868 0.441588929136055 0.257704686060077 1
1 0 0 0 0.608935558680683 0.318874226602928 0.0721902147163887 0
0 0 1 2 0.00818859654042005 0.202946049279743 0.788865354179838 2
0 0 1 2 0.145212532061875 0.452298192546804 0.402489275391321 1
0 0 1 2 0.0479971974279913 0.343377492234701 0.608625310337307 2
0 0 1 2 0.0189801102279808 0.296692093623916 0.684327796148104 2
0 0 1 2 0.011892790907874 0.207076171884654 0.781031037207472 2
0 0 1 2 0.0195551114240739 0.256051999198245 0.724392889377681 2
0 0 1 2 0.0255260130375432 0.275399058079533 0.699074928882924 2
0 0 1 2 0.356423476120696 0.412121713473225 0.231454810406079 1
1 0 0 0 0.372282923780437 0.438688612355616 0.189028463863946 1
1 0 0 0 0.407600030201335 0.41886948538018 0.173530484418485 1
0 0 1 2 0.103110255546513 0.43053206705923 0.466357677394256 2
1 0 0 0 0.0630431881685396 0.373997958049881 0.56295885378158 2
0 1 0 1 0.204575107389245 0.576595035164961 0.218829857445794 1
1 0 0 0 0.849046520392518 0.13064433774336 0.0203091418641217 0
0 0 1 2 0.0993199419109933 0.386980415895214 0.513699642193793 2
1 0 0 0 0.83094447931651 0.143469039594579 0.0255864810889104 0
0 1 0 1 0.161309472861109 0.55582670285826 0.282863824280631 1
1 0 0 0 0.82109710403712 0.152007430810219 0.0268954651526615 0
1 0 0 0 0.713874633712908 0.229145196822774 0.0569801694643186 0
1 0 0 0 0.747423011093076 0.204003387176406 0.0485736017305181 0
0 0 1 2 0.0738873461467874 0.482365132434062 0.44374752141915 1
0 1 0 1 0.0559973717416189 0.396432212523878 0.547570415734503 2
0 1 0 1 0.0551707112178121 0.362023138070152 0.582806150712036 2
1 0 0 0 0.916451205312784 0.0748653606364379 0.00868343405077841 0
0 0 1 2 0.0531871323082629 0.347675695372714 0.599137172319023 2
0 0 1 2 0.0135517558239803 0.195994972072127 0.790453272103893 2
0 1 0 1 0.221232426426625 0.474952071124518 0.303815502448856 1
