0 0 1 2 0.137187246124549 0.565004524026006 0.297808229849445 1
0 1 0 1 0.302222776628506 0.480911027956454 0.21686619541504 1
1 0 0 0 0.817198555887995 0.151885217736901 0.030916226375104 0
1 0 0 0 0.530928095967896 0.356051105851855 0.113020798180249 0
0 0 1 2 0.170541951294068 0.471670464987386 0.357787583718545 1
1 0 0 0 0.750765048677262 0.205836286367403 0.0433986649553348 0
0 0 1 2 0.325968694374507 0.444419913158738 0.229611392466755 1
0 0 1 2 0.191475972620138 0.426824051581283 0.38169997579858 1
1 0 0 0 0.890424979019083 0.0971618760666843 0.0124131449142325 0
0 0 1 2 0.0464578362258122 0.383243733373108 0.57029843040108 2
0 0 1 2 0.00624781969906339 0.199576762810412 0.794175417490524 2
1 0 0 0 0.612387483452021 0.29335648068557 0.094256035862409 0
1 0 0 0 0.883875744989221 0.101943268609282 0.0141809864014977 0
0 1 0 1 0.615485958452358 0.31749358253528 0.0670204590123627 0
0 1 0 1 0.580793164008225 0.309798202476053 0.109408633515722 0
0 1 0 1 0.036540687293755 0.341608288056955 0.62185102464929 2
0 1 0 1 0.154634784788653 0.439889265452266 0.405475949759082 1
0 1 0 1 0.00976906549530586 0.231411312503466 0.758819622001228 2
0 1 0 1 0.0163442340278066 0.292595610204877 0.691060155767316 2
1 0 0 0 0.755740398371114 0.20295338853742 0.0413062130914665 0
0 1 0 1 0.256055088552739 0.484027096860299 0.259917814586962 1
0 1 0 1 0.150013506022086 0.437745800612426 0.412240693365488 1
0 0 1 2 0.0148210480656174 0.237696680002783 0.747482271931599 2
0 0 1 2 0.0295133842104489 0.269389091291422 0.701097524498129 2
0 0 1 2 4.63882058138521E-05 0.0195997496786982 0.980353862115488 2
0 1 0 1 0.0103079846894669 0.265634510240603 0.72405750506993 2
1 0 0 0 0.769993849669227 0.189390353710896 0.040615796619877 0
0 1 0 1 0.0270378593483299 0.294918460034355 0.678043680617315 2
0 0 1 2 0.0418672888167661 0.309921543529346 0.648211167653888 2
1 0 0 0 0.73652265606959 0.222675158122604 0.0408021858078064 0
1 0 0 0 0.892757864512251 0.0951551953834574 0.0120869401042916 0
1 0 0 0 0.396298929604843 0.415075355696791 0.188625714698366 1
0 1 0 1 0.0733826967280175 0.40093958922692 0.525677714045062 2
0 0 1 2 0.349892991167247 0.438172398427502 0.211934610405251 1
0 1 0 1 0.0204002108319122 0.296972403797361 0.682627385370727 2
1 0 0 0 0.0463151649939214 0.293685579227601 0.659999255778478 2
0 1 0 1 0.0949098151142322 0.466730170434061 0.438360014451707 1
1 0 0 0 0.675908677814344 0.257017904975815 0.0670734172098407 0
0 0 1 2 0.326998745684871 0.441863695184319 0.23113755913081 1
0 1 0 1 0.335190396684284 0.442304862903366 0.22250474041235 1
0 0 1 2 0.0156678716734331 0.311942566876914 0.672389561449653 2
1 0 0 0 0.77472161555373 0.18729068502123 0.0379876994250396 0
0 1 0 1 0.0312860490733971 0.40247702280978 0.566236928116822 2
0 0 1 2 0.0514464978188759 0.377196777226582 0.571356724954542 2
0 1 0 1 0.0596399060744535 0.539570574930843 0.400789518994703 1
1 0 0 0 0.835275458678048 0.141557254117474 0.0231672872044774 0
1 0 0 0 0.810919870457245 0.165985275709657 0.0230948538330975 0
0 0 1 2 0.00258741338691156 0.137671109376711 0.859741477236377 2
0 0 1 2 0.0152327496371116 0.235065816083459 0.749701434279429 2
1 0 0 0 0.948921994395569 0.0468728547795721 0.00420515082485918 0
0 0 1 2 0.00796032454649134 0.198842323693436 0.793197351760073 2
0 0 1 2 0.0126260702666005 0.243359112326522 0.744014817406878 2
0 1 0 1 0.586296520087685 0.321165806080957 0.0925376738313583 0
0 1 0 1 0.0304128234790404 0.366685202587294 0.602901973933666 2
0 1 0 1 0.182095974662727 0.528751929719561 0.289152095617713 1
0 0 1 2 0.262811636161054 0.48262556747318 0.254562796365765 1
1 0 0 0 0.836441963519427 0.140323734732791 0.0232343017477816 0
0 0 1 2 0.0343857890085231 0.345004885561173 0.620609325430304 2
0 0 1 2 0.06788100897354 0.378236757489991 0.553882233536469 2
1 0 0 0 0.605716060670245 0.299879143220282 0.0944047961094737 0
0 0 1 2 0.150658561610809 0.443199114288814 0.406142324100377 1
0 0 1 2 0.0182752924568154 0.275527801219074 0.706196906324111 2
0 1 0 1 0.507473194877583 0.351790534930168 0.140736270192249 0
0 0 1 2 0.0955683061014268 0.390501970770135 0.513929723128438 2
0 1 0 1 0.0534923666979791 0.342237888115218 0.604269745186803 2
1 0 0 0 0.393043918580404 0.442543904595362 0.164412176824234 1
1 0 0 0 0.553407605932498 0.342203595968853 0.104388798098649 0
0 0 1 2 0.000142764959026235 0.031771986780188 0.968085248260786 2
0 0 1 2 0.00285672347513926 0.153959992147846 0.843183284377015 2
0 1 0 1 0.0272904757857493 0.331731584215672 0.640977939998578 2
1 0 0 0 0.256192193343518 0.477569271272632 0.266238535383851 1
1 0 0 0 0.799281268861646 0.173026723779914 0.0276920073584402 0
1 0 0 0 0.746163750412953 0.21159428113951 0.0422419684475365 0
1 0 0 0 0.90348895966666 0.0859356637056811 0.0105753766276592 0
1 0 0 0 0.628124913737598 0.2885843595788 0.0832907266836015 0
1 0 0 0 0.804224207677241 0.166942493222172 0.0288332991005868 0
1 0 0 0 0.644300843690538 0.294445861721873 0.0612532945875891 0
1 0 0 0 0.869803869872239 0.113769200389335 0.016426929738426 0
1 0 0 0 0.276753548849575 0.492322860451373 0.230923590699052 1
0 0 1 2 0.00751164871016972 0.20665437816614 0.785833973123691 2
1 0 0 0 0.0115221929545128 0.258521575003027 0.72995623204246 2
1 0 0 0 0.857047299910797 0.123519746443279 0.0194329536459237 0
1 0 0 0 0.787117778610083 0.180148463544708 0.0327337578452091 0
0 0 1 2 0.00488514805526307 0.150603154709618 0.844511697235119 2
0 0 1 2 0.208950723041101 0.458002491697852 0.333046785261047 1
0 1 0 1 0.207095623501367 0.499642233059424 0.29326214343921 1
1 0 0 0 0.450340646931096 0.401579524208058 0.148079828860847 0
0 1 0 1 0.168324381484464 0.454363650877395 0.37731196763814 1
1 0 0 0 0.798162997818049 0.171723662746397 0.0301133394355541 0
0 1 0 1 0.0194157789424668 0.291900867160894 0.68868335389664 2
0 0 1 2 0.0788414995577939 0.366176771757458 0.554981728684748 2
0 0 1 2 0.00189327977463383 0.122887664372856 0.87521905585251 2
1 0 0 0 0.947200625035695 0.0485008898178992 0.00429848514640587 0
0 1 0 1 0.48218628698183 0.369381801647131 0.14843191137104 0
0 1 0 1 0.0147435028681716 0.230394563822845 0.754861933308983 2
0 0 1 2 0.0790439687823256 0.38280242187894 0.538153609338734 2
0 1 0 1 0.118084977706402 0.441897601232661 0.440017421060937 1
1 0 0 0 0.385395431259795 0.443803785852454 0.17080078288775 1
1 0 0 0 0.573137146575413 0.315828947092895 0.111033906331693 0
0 0 1 2 0.731170181430355 0.222261391356353 0.046568427213292 0
0 1 0 1 0.490616004246581 0.413461788282326 0.0959222074710924 0
0 1 0 1 0.669693638422847 0.263443148345962 0.0668632132311912 0
0 0 1 2 0.0334506474066817 0.417719718851858 0.54882963374146 2
1 0 0 0 0.17913053399326 0.531757688906867 0.289111777099874 1
0 1 0 1 0.775997943479775 0.18252084308958 0.0414812134306455 0
0 1 0 1 0.270240559720394 0.506730254939056 0.22302918534055 1
1 0 0 0 0.104694131716789 0.403479127872395 0.491826740410816 2
0 1 0 1 0.0953244423207127 0.477563626723534 0.427111930955753 1
1 0 0 0 0.855079963685145 0.123770565923524 0.0211494703913309 0
1 0 0 0 0.872405821734946 0.110985076508111 0.0166091017569431 0
0 1 0 1 0.172099649601763 0.528692718112128 0.299207632286109 1
1 0 0 0 0.951654326287191 0.0444463037434887 0.0038993699693206 0
0 1 0 1 0.0141685426625609 0.230395306625258 0.755436150712181 2
0 0 1 2 0.175545381355144 0.492757036713536 0.331697581931319 1
1 0 0 0 0.872329783212629 0.11154123501069 0.0161289817766812 0
1 0 0 0 0.922696937479371 0.0694907270987433 0.00781233542188581 0
1 0 0 0 0.624031101800377 0.286946275409356 0.089022622790267 0
0 1 0 1 0.216327653331835 0.460441337628687 0.323231009039478 1
0 0 1 2 0.0167386315767948 0.262539792068593 0.720721576354612 2
0 1 0 1 0.153934068556984 0.531116230197226 0.31494970124579 1
1 0 0 0 0.685940543024947 0.254402083426534 0.0596573735485188 0
0 1 0 1 0.476643375275924 0.400606792762058 0.122749831962017 0
1 0 0 0 0.558059577181171 0.352798539364185 0.0891418834546436 0
0 1 0 1 0.083905811403934 0.375865606943614 0.540228581652452 2
0 0 1 2 0.0207150489249619 0.31750018368117 0.661784767393868 2
0 0 1 2 0.586437644720165 0.322638579292538 0.0909237759872973 0
0 0 1 2 0.0174336795032085 0.335094534133677 0.647471786363114 2
1 0 0 0 0.632824782617649 0.288845530491656 0.078329686890695 0
0 0 1 2 0.0894529319875151 0.440722563335754 0.469824504676731 2
0 0 1 2 0.0730721995851571 0.528672991229315 0.398254809185528 1
0 1 0 1 0.132645666386463 0.596534725790669 0.270819607822867 1
0 0 1 2 0.0668372820459145 0.3587796598116 0.574383058142485 2
0 0 1 2 0.0182881694088029 0.284311103714752 0.697400726876445 2
0 0 1 2 0.101219159593767 0.417034049341872 0.481746791064361 2
0 0 1 2 0.00431241298821231 0.157957107208368 0.83773047980342 2
1 0 0 0 0.186549096811293 0.570303472450837 0.24314743073787 1
0 1 0 1 0.0635292769221579 0.361763965148477 0.574706757929365 2
1 0 0 0 0.810090609528559 0.160239987264737 0.0296694032067031 0
0 1 0 1 0.174101740715699 0.512370474620466 0.313527784663834 1
0 0 1 2 0.0138487151416412 0.194991132208256 0.791160152650103 2
1 0 0 0 0.187646227558994 0.350576528772993 0.461777243668013 2
0 0 1 2 6.34313162318264E-05 0.0186008081612852 0.981335760522483 2
0 1 0 1 0.211702931909245 0.426882032838856 0.361415035251898 1
1 0 0 0 0.847965811850999 0.133026433301922 0.0190077548470792 0
1 0 0 0 0.607894521577678 0.310714519993553 0.081390958428769 0
1 0 0 0 0.64226431275989 0.272332154582227 0.0854035326578826 0
0 0 1 2 0.0654847371789752 0.331825743885947 0.602689518935078 2
1 0 0 0 0.594509020399845 0.322822920835817 0.0826680587643382 0
0 0 1 2 0.00873437219848741 0.302759945907813 0.688505681893699 2
1 0 0 0 0.93281147438444 0.0608355419861449 0.00635298362941511 0
0 0 1 2 0.684344441859066 0.245319056851663 0.0703365012892705 0
0 1 0 1 0.375408384018467 0.420189797133175 0.204401818848358 1
0 0 1 2 0.0487436141783827 0.370114827403221 0.581141558418397 2
1 0 0 0 0.946592396039784 0.0489150024863859 0.00449260147383019 0
0 0 1 2 0.000677586189160401 0.0688970024219415 0.930425411388898 2
1 0 0 0 0.679702585449836 0.254172964064268 0.0661244504858967 0
0 0 1 2 0.0834469701457637 0.399975927867722 0.516577101986514 2
1 0 0 0 0.140353493229962 0.471168821672142 0.388477685097896 1
0 0 1 2 0.238738179205408 0.48325855983229 0.278003260962301 1
1 0 0 0 0.67495986077345 0.257302849798014 0.0677372894285364 0
0 1 0 1 0.0102465209042475 0.249420199458439 0.740333279637313 2
0 1 0 1 0.0830184608384287 0.451210171523413 0.465771367638158 2
0 0 1 2 0.125480847029925 0.383986158214785 0.49053299475529 2
1 0 0 0 0.931805542572479 0.0611002936942087 0.00709416373331243 0
1 0 0 0 0.288416856545311 0.444613823523015 0.266969319931674 1
1 0 0 0 0.634967751259022 0.285491708597425 0.0795405401435526 0
0 0 1 2 0.00852104215860565 0.192285982460868 0.799192975380526 2
0 1 0 1 0.711452423312182 0.2368841744366 0.0516634022512179 0
1 0 0 0 0.112109872395383 0.459414875999393 0.428475251605225 1
0 1 0 1 0.0386144441952545 0.304304369732986 0.657081186071759 2
0 1 0 1 0.0240762920088747 0.348724264358274 0.627199443632851 2
0 1 0 1 0.286506176526823 0.418051245837204 0.295442577635972 1
0 0 1 2 0.113911613513605 0.466736743639124 0.419351642847271 1
1 0 0 0 0.879128165389917 0.105950281428192 0.0149215531818913 0
1 0 0 0 0.677966867721713 0.26659678103571 0.055436351242577 0
1 0 0 0 0.831831555856022 0.143309987668594 0.0248584564753841 0
1 0 0 0 0.640508330204308 0.281968820837468 0.0775228489582233 0
0 1 0 1 0.184433271405706 0.54028343391297 0.275283294681324 1
0 1 0 1 0.737691422725507 0.21504726618489 0.0472613110896029 0
0 0 1 2 0.0348017319425201 0.368642107096249 0.596556160961231 2
0 0 1 2 0.0107628500366311 0.195511117328829 0.79372603263454 2
0 1 0 1 0.165916792341744 0.490672043886897 0.343411163771358 1
0 0 1 2 0.0382998716493897 0.342366706167847 0.619333422182763 2
0 0 1 2 0.00894921307609362 0.20386312537974 0.787187661544166 2
0 1 0 1 0.296652583399233 0.48507955463069 0.218267861970076 1
1 0 0 0 0.14430438580667 0.420145253152311 0.435550361041019 2
1 0 0 0 0.666992095708305 0.263646385002804 0.0693615192888907 0
0 0 1 2 0.111457179351953 0.412117499947439 0.476425320700608 2
1 0 0 0 0.832905058227549 0.144166644849234 0.0229282969232166 0
0 1 0 1 0.0550069817900815 0.4669325768315 0.478060441378418 2
0 0 1 2 0.00792082109244129 0.191720502788663 0.800358676118895 2
1 0 0 0 0.94198660148065 0.0529106759205497 0.00510272259880049 0
0 0 1 2 0.180218162845002 0.451819132826772 0.367962704328226 1
0 0 1 2 0.000178914953940692 0.036192157251944 0.963628927794115 2
0 0 1 2 0.00664066953777622 0.231023440078143 0.762335890384081 2
1 0 0 0 0.782500325741159 0.182714579950672 0.0347850943081697 0
1 0 0 0 0.699693153092743 0.24107810059394 0.0592287463133168 0
1 0 0 0 0.07139574316734 0.398050153226407 0.530554103606253 2
0 1 0 1 0.0207857922289636 0.328974129267906 0.650240078503131 2
0 0 1 2 0.0890841273837662 0.400062771147632 0.510853101468602 2
1 0 0 0 0.390440851897103 0.450457808580839 0.159101339522058 1
0 0 1 2 0.338773966306438 0.417329683524487 0.243896350169075 1
1 0 0 0 0.648759012369364 0.275065004926345 0.0761759827042911 0
0 0 1 2 0.107820720685529 0.383315028841808 0.508864250472663 2
0 1 0 1 0.35940197040707 0.489402324109071 0.151195705483859 1
0 0 1 2 0.11697153821178 0.456442596449392 0.426585865338828 1
1 0 0 0 0.777360198552029 0.188448658441937 0.0341911430060334 0
1 0 0 0 0.690827334897317 0.250628430111867 0.0585442349908154 0
0 1 0 1 0.046937824365714 0.362125619970373 0.590936555663913 2
0 1 0 1 0.536384877174415 0.326636348089943 0.136978774735642 0
1 0 0 0 0.803442331344876 0.165908631074185 0.030649037580939 0
1 0 0 0 0.620693525261485 0.294386695441748 0.0849197792967664 0
0 1 0 1 0.289464507029701 0.438851555510622 0.271683937459677 1
1 0 0 0 0.316832965752745 0.4568631003451 0.226303933902155 1
0 1 0 1 0.195924871011392 0.448779880158695 0.355295248829913 1
1 0 0 0 0.810504458676002 0.164111217289808 0.0253843240341899 0
0 1 0 1 0.22528180969027 0.482909633666299 0.291808556643432 1
1 0 0 0 0.581175041960008 0.337518062662278 0.0813068953777143 0
0 0 1 2 0.0157316296288754 0.220882928601767 0.763385441769358 2
1 0 0 0 0.909898440661087 0.0809510814812038 0.0091504778577089 0
1 0 0 0 0.680321756599474 0.262923353271695 0.0567548901288313 0
0 0 1 2 0.0654146109758992 0.383820953982579 0.550764435041522 2
0 0 1 2 0.00679307315319102 0.199407423045352 0.793799503801457 2
0 1 0 1 0.0383493518614581 0.32255761899343 0.639093029145112 2
0 1 0 1 0.04967257575683 0.350228235690866 0.600099188552304 2
1 0 0 0 0.692182242318692 0.252976973081048 0.0548407846002599 0
0 0 1 2 0.00439782673989392 0.176652670828378 0.818949502431728 2
0 1 0 1 0.412949247935949 0.403924281770522 0.183126470293529 0
1 0 0 0 0.176704374504304 0.409593499364491 0.413702126131206 2
1 0 0 0 0.635477574995863 0.295861886996865 0.0686605380072718 0
0 0 1 2 0.0436644221878976 0.464788703358265 0.491546874453838 2
0 1 0 1 0.0577290570879977 0.335033014803591 0.607237928108411 2
0 0 1 2 0.385157898069683 0.418859274192789 0.195982827737528 1
1 0 0 0 0.934731036810176 0.0591932216575035 0.00607574153232092 0
1 0 0 0 0.458558205348552 0.402057362177831 0.139384432473617 0
0 0 1 2 0.0183641690261421 0.326046932160673 0.655588898813185 2
0 1 0 1 0.110926557595439 0.457561678448663 0.431511763955898 1
0 0 1 2 0.0324309718627003 0.322615771504926 0.644953256632373 2
0 1 0 1 0.143225727969175 0.484446016339556 0.372328255691269 1
1 0 0 0 0.154662970545357 0.50813220118613 0.337204828268513 1
0 0 1 2 0.377048623961645 0.422145323139731 0.200806052898624 1
0 0 1 2 0.0127610645982028 0.197848770986529 0.789390164415268 2
0 1 0 1 0.354761696826455 0.440755195910331 0.204483107263214 1
1 0 0 0 0.935993599104148 0.0582724489457035 0.00573395195014802 0
0 0 1 2 0.169262658606786 0.451015248579387 0.379722092813827 1
0 0 1 2 0.0281868538402901 0.377358079325507 0.594455066834203 2
0 1 0 1 0.182125113146273 0.485596468274518 0.332278418579209 1
0 0 1 2 0.001453874989614 0.089144631901118 0.909401493109268 2
0 1 0 1 0.143189014314885 0.467643502744094 0.389167482941021 1
0 1 0 1 0.209937561820434 0.471174238183488 0.318888199996078 1
0 0 1 2 0.336826064847328 0.437741079546313 0.225432855606359 1
0 1 0 1 0.0530698911429921 0.368626060891243 0.578304047965765 2
0 1 0 1 0.0017704419703057 0.109151289939807 0.889078268089888 2
0 0 1 2 0.141817719188079 0.436734709324092 0.42144757148783 1
0 1 0 1 0.151830545624741 0.441872628558242 0.406296825817017 1
1 0 0 0 0.574389005334331 0.327004876168935 0.0986061184967341 0
0 0 1 2 0.00397710990209813 0.163664215778647 0.832358674319255 2
0 1 0 1 0.0295478769934032 0.301471575462164 0.668980547544433 2
0 1 0 1 0.19344749363953 0.531888204636846 0.274664301723624 1
0 1 0 1 0.0677115424993114 0.459780467112723 0.472507990387966 2
0 1 0 1 0.0524216968545278 0.357030179438515 0.590548123706957 2
0 0 1 2 0.00406455547096189 0.143313343693945 0.852622100835094 2
0 1 0 1 0.365636776828614 0.49604890592129 0.138314317250096 1
0 0 1 2 0.00379858141857079 0.179626049219729 0.8165753693617 2
0 1 0 1 0.171864872910402 0.459991483128336 0.368143643961262 1
1 0 0 0 0.221269471566386 0.48509333370013 0.293637194733484 1
1 0 0 0 0.49027535411085 0.358403163970662 0.151321481918488 0
1 0 0 0 0.885669287649212 0.106235043079466 0.00809566927132151 0
1 0 0 0 0.427480511518924 0.421094702266331 0.151424786214745 0
1 0 0 0 0.752402906792396 0.204129029495933 0.0434680637116712 0
0 0 1 2 0.130473759996761 0.45756277375709 0.41196346624615 1
0 0 1 2 0.05611756332879 0.564869037615346 0.379013399055864 1
0 0 1 2 0.0192505100121925 0.213231865138002 0.767517624849805 2
0 0 1 2 0.0183436010740053 0.241625128512455 0.740031270413539 2
0 1 0 1 0.0386424461969375 0.340917679322804 0.620439874480259 2
1 0 0 0 0.589473216161307 0.317761999049514 0.0927647847891792 0
0 0 1 2 0.196803578063096 0.496662328145096 0.306534093791808 1
1 0 0 0 0.312152368365461 0.396767163066464 0.291080468568075 1
0 1 0 1 0.0169910651110079 0.270248001164928 0.712760933724064 2
0 0 1 2 0.0225587781909601 0.225082116194207 0.752359105614834 2
0 1 0 1 0.00259978608190532 0.123785926388495 0.8736142875296 2
0 0 1 2 0.131320147239341 0.432281262853108 0.436398589907551 2
1 0 0 0 0.681060377232321 0.255586743924983 0.0633528788426955 0
1 0 0 0 0.32028314316105 0.466791571471802 0.212925285367148 1
1 0 0 0 0.938440631536158 0.0560636538075845 0.00549571465625769 0
1 0 0 0 0.365879672001748 0.480163372151879 0.153956955846373 1
0 0 1 2 0.0289428798222233 0.288922009429477 0.6821351107483 2
0 1 0 1 0.263992826113284 0.432769339539371 0.303237834347345 1
0 1 0 1 0.455980639253081 0.387380092340221 0.156639268406699 0
1 0 0 0 0.309691762808697 0.458976033210615 0.231332203980688 1
0 1 0 1 0.00585125640663981 0.210994184001894 0.783154559591466 2
1 0 0 0 0.730314929701443 0.221048212179055 0.0486368581195022 0
0 1 0 1 0.0394590329870311 0.367650490858813 0.592890476154156 2
0 0 1 2 0.0203077603445781 0.303357294123544 0.676334945531878 2
1 0 0 0 0.447696441172634 0.401100112196159 0.151203446631208 0
0 0 1 2 0.00373471310432658 0.160290097471043 0.835975189424631 2
1 0 0 0 0.928135037401641 0.0649296041449989 0.00693535845336007 0
0 1 0 1 0.0107193981946184 0.246483977143671 0.742796624661711 2
0 0 1 2 0.199400119463789 0.45073678898889 0.349863091547321 1
1 0 0 0 0.918422213602838 0.073653264201898 0.00792452219526362 0
0 1 0 1 0.0108329413458791 0.216199447625344 0.772967611028777 2
0 0 1 2 0.106517100204242 0.38306065333621 0.510422246459549 2
1 0 0 0 0.964005064139098 0.0335003223148428 0.00249461354605921 0
0 1 0 1 0.2895221945134 0.455591186423829 0.254886619062771 1
0 0 1 2 0.0434534434016125 0.379103276138239 0.577443280460148 2
1 0 0 0 0.202143372408243 0.43977824312025 0.358078384471507 1
0 0 1 2 0.0263283585855947 0.325415098864289 0.648256542550117 2
1 0 0 0 0.780199342153694 0.186529060414518 0.0332715974317879 0
1 0 0 0 0.881834122051365 0.103772923945988 0.0143929540026471 0
0 1 0 1 0.404875570172665 0.436459859466838 0.158664570360497 1
0 0 1 2 0.0097407349946411 0.252096432984683 0.738162832020676 2
0 0 1 2 0.0393373228842479 0.401679501485362 0.55898317563039 2
0 0 1 2 0.19064404349581 0.491288065861171 0.318067890643019 1
1 0 0 0 0.744335364666113 0.216352824435223 0.039311810898664 0
0 0 1 2 0.00938863060516898 0.190827883605339 0.799783485789491 2
0 1 0 1 0.177939482560505 0.489716980223846 0.332343537215649 1
1 0 0 0 0.719762015556618 0.233419321283964 0.0468186631594175 0
0 0 1 2 0.153537741839963 0.435211197798913 0.411251060361125 1
1 0 0 0 0.482019628580965 0.366074938149052 0.151905433269982 0
1 0 0 0 0.947242921078119 0.0482960587851736 0.00446102013670789 0
0 1 0 1 0.0058570175167885 0.142757901528245 0.851385080954966 2
0 1 0 1 0.192491675040399 0.457973521711294 0.349534803248306 1
0 1 0 1 0.0403368310107455 0.36641286685043 0.593250302138824 2
0 0 1 2 0.00147429695535227 0.0773421570664511 0.921183545978197 2
0 0 1 2 0.0650238371072521 0.450308011479987 0.484668151412761 2
1 0 0 0 0.846613877025062 0.132319504725122 0.0210666182498159 0
0 1 0 1 0.139720807296217 0.457313668797898 0.402965523905885 1
0 0 1 2 0.426601456647155 0.412964254936444 0.160434288416401 0
1 0 0 0 0.213323938705545 0.493689171520582 0.292986889773873 1
1 0 0 0 0.183588677750352 0.479691354451402 0.336719967798246 1
0 1 0 1 0.129543566358874 0.504794815905971 0.365661617735155 1
1 0 0 0 0.87050806733592 0.112628155044262 0.0168637776198179 0
0 1 0 1 0.103134586746932 0.417247018107752 0.479618395145315 2
1 0 0 0 0.677954416777809 0.253648346209894 0.0683972370122967 0
0 1 0 1 0.402771175638021 0.4362958700868 0.160932954275179 1
0 0 1 2 0.0150498763707094 0.235483217169106 0.749466906460185 2
1 0 0 0 0.824691553074696 0.150710551020023 0.0245978959052812 0
1 0 0 0 0.107193456921616 0.524592345472291 0.368214197606093 1
1 0 0 0 0.321759569960135 0.472036228576251 0.206204201463614 1
0 0 1 2 0.0279362742933389 0.287669091578551 0.68439463412811 2
1 0 0 0 0.602354113879309 0.306182895588937 0.0914629905317547 0
0 0 1 2 0.648450678467958 0.274451231953584 0.0770980895784584 0
0 1 0 1 0.170303741956364 0.47110894503792 0.358587313005716 1
0 0 1 2 0.000153171584679486 0.0270633697133791 0.972783458701941 2
0 1 0 1 0.0936828664454633 0.428475282149001 0.477841851405535 2
0 1 0 1 0.0498088534495612 0.406661926107583 0.543529220442856 2
0 0 1 2 0.0117522601662655 0.27254729424263 0.715700445591104 2
1 0 0 0 0.0157264220494988 0.29738393066898 0.686889647281521 2
0 1 0 1 0.0717360341453203 0.498730823626622 0.429533142228058 1
0 0 1 2 0.00354947533352092 0.129574710114406 0.866875814552073 2
0 0 1 2 0.00464485096453599 0.169379367470465 0.825975781564999 2
1 0 0 0 0.904014360227822 0.0854034760291541 0.010582163743024 0
1 0 0 0 0.790492042778605 0.17839515897608 0.0311127982453149 0
0 1 0 1 0.645390350428888 0.281234979219421 0.0733746703516913 0
0 0 1 2 0.0298297204238125 0.407778844941466 0.562391434634722 2
1 0 0 0 0.449526956528763 0.40567861027751 0.144794433193727 0
0 0 1 2 0.00983495778800263 0.213155910201007 0.77700913201099 2
0 0 1 2 0.0197712701802414 0.286081633377652 0.694147096442106 2
1 0 0 0 0.435674836665514 0.432973886025234 0.131351277309251 0
1 0 0 0 0.173638826312784 0.457098929332579 0.369262244354638 1
0 1 0 1 0.0186520425520798 0.257043481201491 0.724304476246429 2
0 1 0 1 0.796036945569666 0.170265052326973 0.0336980021033607 0
0 0 1 2 0.0608759108966499 0.352661351526269 0.586462737577081 2
0 1 0 1 0.414729253094319 0.429708320750252 0.155562426155429 1
1 0 0 0 0.835482652305127 0.141073726921614 0.0234436207732587 0
0 0 1 2 0.0187689203238457 0.213855283166688 0.767375796509466 2
0 1 0 1 0.00348198079694929 0.124605801466323 0.871912217736728 2
0 0 1 2 0.0304510206685462 0.321079608499449 0.648469370832005 2
1 0 0 0 0.547181570921893 0.355398662575542 0.097419766502565 0
0 1 0 1 0.00372803191104337 0.159493459806995 0.836778508281961 2
1 0 0 0 0.348143628780058 0.456299860125513 0.195556511094429 1
1 0 0 0 0.159038928828787 0.489587394048377 0.351373677122836 1
1 0 0 0 0.922379826379885 0.07001663832278 0.00760353529733485 0
1 0 0 0 0.811119314289373 0.15933265261032 0.0295480331003069 0
0 1 0 1 0.0290108221231735 0.321455459221123 0.649533718655704 2
1 0 0 0 0.960626140775315 0.0365989900133585 0.00277486921132625 0
0 0 1 2 0.00765767314732673 0.172833864177367 0.819508462675307 2
0 0 1 2 0.0167078411693189 0.214611269027808 0.768680889802873 2
0 0 1 2 0.0914843672743119 0.436331940621066 0.472183692104622 2
0 1 0 1 0.208350311410503 0.526286225099614 0.265363463489883 1
0 0 1 2 0.18166737102497 0.527172900364425 0.291159728610605 1
0 0 1 2 0.00893959392986924 0.18118401086656 0.809876395203571 2
1 0 0 0 0.897460846017857 0.0921856668864725 0.0103534870956703 0
0 0 1 2 0.21610114789953 0.450203966226318 0.333694885874152 1
1 0 0 0 0.838658281635271 0.140129469193508 0.0212122491712204 0
0 0 1 2 0.114116191666431 0.5107565236886 0.37512728464497 1
0 0 1 2 0.0603783974927801 0.406286253408216 0.533335349099004 2
1 0 0 0 0.837286075006283 0.141219807932747 0.0214941170609703 0
0 1 0 1 0.101769833140678 0.45861049159444 0.439619675264882 1
0 0 1 2 0.0631007003998773 0.379127572049095 0.557771727551027 2
0 1 0 1 0.0857240647512341 0.434925351658986 0.47935058358978 2
1 0 0 0 0.400554783033516 0.439826151578038 0.159619065388447 1
1 0 0 0 0.320558807528034 0.490485383587048 0.188955808884918 1
1 0 0 0 0.931577277882191 0.0619062781008211 0.00651644401698808 0
0 1 0 1 0.249044938696306 0.4548416059036 0.296113455400094 1
1 0 0 0 0.6020990161654 0.30762761444495 0.0902733693896495 0
0 0 1 2 0.237747680813717 0.597658931122177 0.164593388064107 1
0 0 1 2 0.0797155877810408 0.382840353653028 0.537444058565932 2
1 0 0 0 0.879808588073662 0.104874059018321 0.0153173529080171 0
0 0 1 2 0.0205368327802997 0.298681222061411 0.68078194515829 2
0 0 1 2 0.182612444797149 0.431626808818969 0.385760746383882 1
1 0 0 0 0.502507573737832 0.390636678440577 0.106855747821591 0
0 0 1 2 0.365456088704303 0.432578000858694 0.201965910437003 1
1 0 0 0 0.934840513222788 0.0590704165245419 0.00608907025266998 0
0 0 1 2 0.0802145994376885 0.51447771434881 0.405307686213502 1
0 0 1 2 0.0301949807071768 0.284040595616453 0.685764423676371 2
1 0 0 0 0.396937594644803 0.426747520325285 0.176314885029913 1
0 1 0 1 0.0119899258564069 0.217699991900598 0.770310082242995 2
1 0 0 0 0.511945801800694 0.349446130021897 0.138608068177409 0
0 0 1 2 0.00380541270095677 0.160956378101183 0.835238209197861 2
1 0 0 0 0.586375604518053 0.317133532231663 0.0964908632502838 0
0 0 1 2 0.0159606323523405 0.201224675407854 0.782814692239805 2
0 1 0 1 0.0982089567963071 0.41735563735123 0.484435405852463 2
0 1 0 1 0.029135457533652 0.393247246044787 0.577617296421561 2
0 1 0 1 0.0810992467094277 0.445472824667522 0.47342792862305 2
0 1 0 1 0.0112009508582513 0.208322411309499 0.78047663783225 2
1 0 0 0 0.753087571804525 0.20430273344952 0.0426096947459546 0
0 0 1 2 0.0390315385735357 0.30108853385215 0.659879927574314 2
0 1 0 1 0.0551389038156508 0.462161267689098 0.482699828495251 2
1 0 0 0 0.854612938015238 0.126184148680642 0.0192029133041197 0
0 0 1 2 0.0948937648386433 0.564128741974482 0.340977493186875 1
0 1 0 1 0.0738189802781723 0.402093772575325 0.524087247146503 2
0 1 0 1 0.241648390659689 0.457378450019459 0.300973159320852 1
1 0 0 0 0.0837392215234615 0.470718418046738 0.445542360429801 1
1 0 0 0 0.760222784939266 0.200470881067232 0.0393063339935016 0
1 0 0 0 0.968274524039095 0.0296595261772303 0.00206594978367511 0
0 1 0 1 0.0378186058559606 0.391907300017852 0.570274094126188 2
1 0 0 0 0.436316250166737 0.394181415688126 0.169502334145137 0
1 0 0 0 0.647615230349534 0.280903745602011 0.0714810240484556 0
0 0 1 2 0.028556678973591 0.332488886416415 0.638954434609994 2
0 1 0 1 0.319943177207957 0.487153301730901 0.192903521061142 1
0 0 1 2 0.378790549163514 0.453642952745015 0.16756649809147 1
1 0 0 0 0.637223040342426 0.299023559278809 0.0637534003787649 0
0 0 1 2 0.022782717291951 0.298429440175784 0.678787842532265 2
0 1 0 1 0.0478231344495978 0.336390427965898 0.615786437584504 2
0 0 1 2 0.0104987603086893 0.276811700527689 0.712689539163622 2
1 0 0 0 0.831708392558863 0.143227781348036 0.0250638260931011 0
0 0 1 2 0.0018654636515609 0.102876222890652 0.895258313457787 2
0 0 1 2 0.00104140250747853 0.082397095082437 0.916561502410084 2
0 0 1 2 0.000133273031095991 0.0320383504292855 0.967828376539618 2
0 1 0 1 0.116139633383933 0.472047033179536 0.411813333436531 1
1 0 0 0 0.306500375690344 0.428894576062776 0.26460504824688 1
0 1 0 1 0.668695090350729 0.263312020788952 0.0679928888603194 0
1 0 0 0 0.453260262444267 0.394003536131655 0.152736201424079 0
0 0 1 2 0.0251022684596002 0.322407351821059 0.65249037971934 2
0 0 1 2 0.0554972708360851 0.417978814046646 0.526523915117269 2
0 1 0 1 0.691483990971963 0.242713424378405 0.0658025846496326 0
1 0 0 0 0.715275989603851 0.233059603380816 0.0516644070153329 0
0 0 1 2 0.0988747316695057 0.438305322997068 0.462819945333427 2
0 0 1 2 0.000692208448411341 0.0583179642822456 0.940989827269343 2
0 1 0 1 0.587269129514314 0.298198368620726 0.11453250186496 0
0 0 1 2 0.497359487540591 0.355808268489376 0.146832243970033 0
1 0 0 0 0.164492431417862 0.465043580686654 0.370463987895484 1
1 0 0 0 0.920780424235667 0.0711973919109409 0.00802218385339254 0
1 0 0 0 0.150651052580503 0.479637086688652 0.369711860730845 1
0 0 1 2 0.0461351724734928 0.460923374691238 0.492941452835269 2
1 0 0 0 0.804162153025775 0.165423809353735 0.0304140376204897 0
0 0 1 2 0.116175155188949 0.390901991598456 0.492922853212594 2
0 1 0 1 0.430877160455799 0.394149344015688 0.174973495528513 0
0 1 0 1 0.364338175919519 0.49456795469641 0.14109386938407 1
1 0 0 0 0.492256322851055 0.374407465601112 0.133336211547833 0
1 0 0 0 0.179274325682022 0.490284172426638 0.33044150189134 1
0 0 1 2 0.0153507960651357 0.251825704390235 0.732823499544629 2
0 0 1 2 0.00173754063620474 0.0964731083757136 0.901789350988082 2
