1 0 0 0.915236387673445 0.0847636123265553 0
0 1 1 0.0135356844749576 0.986464315525042 1
1 0 0 0.973707774633301 0.026292225366699 0
0 1 1 0.0216414548248895 0.978358545175111 1
1 0 0 0.99170865753194 0.00829134246806013 0
0 1 1 0.0257692632908081 0.974230736709192 1
1 0 0 0.980117641163322 0.0198823588366782 0
0 1 1 0.0207216150596393 0.979278384940361 1
1 0 0 0.327332494127109 0.672667505872891 1
1 0 0 0.989529674736982 0.0104703252630177 0
1 0 0 0.982959048273412 0.0170409517265884 0
1 0 0 0.99170865753194 0.00829134246806013 0
0 1 1 0.189867145391029 0.810132854608971 1
1 0 0 0.988771825682438 0.0112281743175617 0
1 0 0 0.993312532933645 0.00668746706635481 0
1 0 0 0.990716323488953 0.00928367651104716 0
1 0 0 0.993312532933645 0.00668746706635481 0
1 0 0 0.972700545291358 0.0272994547086425 0
1 0 0 0.975568993148787 0.0244310068512135 0
0 1 1 0.0165636998181357 0.983436300181864 1
0 1 1 0.0372662943820783 0.962733705617922 1
1 0 0 0.973707774633301 0.026292225366699 0
1 0 0 0.973707774633301 0.026292225366699 0
1 0 0 0.972700545291358 0.0272994547086425 0
1 0 0 0.988886916982525 0.0111130830174749 0
1 0 0 0.986619560660545 0.0133804393394549 0
0 1 1 0.014722029856072 0.985277970143928 1
1 0 0 0.993171059917022 0.00682894008297769 0
0 1 1 0.016408874337384 0.983591125662616 1
1 0 0 0.979703537803313 0.0202964621966872 0
1 0 0 0.974237675660886 0.0257623243391138 0
0 1 1 0.0377356239266966 0.962264376073303 1
1 0 0 0.962733645111077 0.0372663548889225 0
0 1 1 0.0170934051155027 0.982906594884497 1
1 0 0 0.934207026442234 0.0657929735577657 0
1 0 0 0.96943450748017 0.0305654925198299 0
0 1 1 0.0240248877498477 0.975975112250152 1
1 0 0 0.97386813271768 0.0261318672823199 0
1 0 0 0.99170865753194 0.00829134246806013 0
0 1 1 0.10750755400578 0.89249244599422 1
1 0 0 0.986091435559715 0.0139085644402847 0
1 0 0 0.95456159558656 0.0454384044134405 0
0 1 1 0.0228669432402273 0.977133056759773 1
0 1 1 0.04953142950468 0.95046857049532 1
0 1 1 0.0204418298752805 0.97955817012472 1
1 0 0 0.826435958114227 0.173564041885773 0
1 0 0 0.986091435559715 0.0139085644402847 0
1 0 0 0.99018902063872 0.00981097936127987 0
1 0 0 0.991729928641807 0.00827007135819293 0
0 1 1 0.019339577182778 0.980660422817222 1
0 1 1 0.148187292627659 0.851812707372341 1
0 1 1 0.0931734305713551 0.906826569428645 1
1 0 0 0.436121916651174 0.563878083348826 1
0 1 1 0.0160242144535117 0.983975785546488 1
1 0 0 0.99170865753194 0.00829134246806013 0
0 1 1 0.11812524446382 0.88187475553618 1
0 1 1 0.0198181260401198 0.98018187395988 1
1 0 0 0.962733645111077 0.0372663548889225 0
0 1 1 0.0177129914575967 0.982287008542403 1
1 0 0 0.99170865753194 0.00829134246806013 0
1 0 0 0.989214977979978 0.0107850220200223 0
1 0 0 0.197973530910625 0.802026469089375 1
1 0 0 0.961225588490924 0.038774411509076 0
0 1 1 0.031576859729824 0.968423140270176 1
0 1 1 0.0369163002045082 0.963083699795492 1
0 1 1 0.0171902310925701 0.98280976890743 1
1 0 0 0.983757483080315 0.0162425169196848 0
1 0 0 0.981206653132693 0.0187933468673068 0
1 0 0 0.985633096422798 0.0143669035772021 0
1 0 0 0.940773029310178 0.0592269706898219 0
1 0 0 0.544971413041951 0.455028586958049 0
1 0 0 0.939449713748309 0.0605502862516909 0
0 1 1 0.0143605562516726 0.985639443748327 1
1 0 0 0.991480506205588 0.00851949379441221 0
0 1 1 0.0175837764988388 0.982416223501161 1
0 1 1 0.0399509347609066 0.960049065239094 1
1 0 0 0.946515763735177 0.0534842362648228 0
0 1 1 0.0251082117387887 0.974891788261211 1
1 0 0 0.99170865753194 0.00829134246806013 0
1 0 0 0.992193675445577 0.0078063245544224 0
1 0 0 0.99170865753194 0.00829134246806013 0
1 0 0 0.99170865753194 0.00829134246806013 0
1 0 0 0.989600847732228 0.0103991522677719 0
1 0 0 0.993312532933645 0.00668746706635481 0
1 0 0 0.990136079096402 0.00986392090359758 0
0 1 1 0.0199052316886916 0.980094768311308 1
0 1 1 0.0516018566489831 0.948398143351017 1
1 0 0 0.99170865753194 0.00829134246806013 0
1 0 0 0.983574179911382 0.0164258200886179 0
1 0 0 0.980064528106123 0.0199354718938766 0
1 0 0 0.985633096422798 0.0143669035772021 0
1 0 0 0.984395283112935 0.0156047168870648 0
0 1 1 0.0116690071061522 0.988330992893848 1
1 0 0 0.986331171755408 0.013668828244592 0
1 0 0 0.965242955960099 0.0347570440399011 0
1 0 0 0.98772974882896 0.0122702511710397 0
1 0 0 0.969404182574746 0.0305958174252542 0
1 0 0 0.919998530723484 0.0800014692765163 0
1 0 0 0.977402012835209 0.0225979871647913 0
1 0 0 0.962502706841877 0.0374972931581227 0
0 1 1 0.0184344508262433 0.981565549173757 1
1 0 0 0.989557013320191 0.0104429866798091 0
1 0 0 0.961828143342396 0.0381718566576044 0
1 0 0 0.979703537803313 0.0202964621966872 0
1 0 0 0.989529674736982 0.0104703252630177 0
1 0 0 0.993312532933645 0.00668746706635481 0
1 0 0 0.990215346304314 0.00978465369568584 0
1 0 0 0.951283531097928 0.0487164689020725 0
1 0 0 0.989214977979978 0.0107850220200223 0
1 0 0 0.985633096422798 0.0143669035772021 0
0 1 1 0.0136940626606771 0.986305937339323 1
1 0 0 0.991729928641807 0.00827007135819293 0
0 1 1 0.0403536141149166 0.959646385885083 1
1 0 0 0.972700545291358 0.0272994547086425 0
1 0 0 0.861420801920311 0.138579198079689 0
1 0 0 0.981086522024871 0.0189134779751293 0
1 0 0 0.95795241272705 0.0420475872729501 0
1 0 0 0.987805482847353 0.0121945171526468 0
1 0 0 0.973707774633301 0.026292225366699 0
0 1 1 0.0447017463746081 0.955298253625392 1
0 1 1 0.151359644928173 0.848640355071827 1
1 0 0 0.972700545291358 0.0272994547086425 0
1 0 0 0.981086522024871 0.0189134779751293 0
1 0 0 0.985633096422798 0.0143669035772021 0
1 0 0 0.991984260923322 0.00801573907667796 0
1 0 0 0.935831048037607 0.0641689519623931 0
1 0 0 0.973707774633301 0.026292225366699 0
0 1 1 0.0306003311684596 0.969399668831541 1
1 0 0 0.989529674736982 0.0104703252630177 0
1 0 0 0.9804103853643 0.0195896146356999 0
1 0 0 0.989529674736982 0.0104703252630177 0
0 1 1 0.0472697658350256 0.952730234164974 1
1 0 0 0.979703537803313 0.0202964621966872 0
0 1 1 0.713836525872639 0.286163474127361 0
0 1 1 0.0125635968500314 0.987436403149969 1
0 1 1 0.110723905836365 0.889276094163635 1
0 1 1 0.0147423455129385 0.985257654487061 1
1 0 0 0.938906538787562 0.0610934612124375 0
1 0 0 0.0288627758912422 0.971137224108758 1
1 0 0 0.989529674736982 0.0104703252630177 0
0 1 1 0.0145193742734132 0.985480625726587 1
1 0 0 0.976539049796832 0.0234609502031674 0
1 0 0 0.973707774633301 0.026292225366699 0
0 1 1 0.013848195505613 0.986151804494387 1
1 0 0 0.992920961448631 0.00707903855136931 0
1 0 0 0.961026537354099 0.0389734626459015 0
1 0 0 0.986091435559715 0.0139085644402847 0
0 1 1 0.0217408977896496 0.97825910221035 1
1 0 0 0.993674201396661 0.00632579860333851 0
0 1 1 0.0124255374903469 0.987574462509653 1
0 1 1 0.0136117487329151 0.986388251267085 1
0 1 1 0.0759713087118825 0.924028691288117 1
0 1 1 0.013224185147747 0.986775814852253 1
1 0 0 0.993312532933645 0.00668746706635481 0
1 0 0 0.864235128240816 0.135764871759184 0
0 1 1 0.0175457495984074 0.982454250401593 1
0 1 1 0.0116121799041242 0.988387820095876 1
1 0 0 0.95631462257098 0.0436853774290201 0
1 0 0 0.96173684775012 0.03826315224988 0
1 0 0 0.937620134400223 0.0623798655997767 0
1 0 0 0.988886916982525 0.0111130830174749 0
0 1 1 0.0165059424195242 0.983494057580476 1
1 0 0 0.988886916982525 0.0111130830174749 0
0 1 1 0.254064934517982 0.745935065482018 1
0 1 1 0.174958239306666 0.825041760693334 1
0 1 1 0.0206049130906572 0.979395086909343 1
1 0 0 0.986091435559715 0.0139085644402847 0
1 0 0 0.986619560660545 0.0133804393394549 0
1 0 0 0.988886916982525 0.0111130830174749 0
1 0 0 0.986619560660545 0.0133804393394549 0
0 1 1 0.0209374650590877 0.979062534940912 1
1 0 0 0.984402783869093 0.0155972161309067 0
1 0 0 0.987339903613256 0.0126600963867435 0
0 1 1 0.0150110815642533 0.984988918435747 1
0 1 1 0.0114613035560007 0.988538696443999 1
1 0 0 0.985633096422798 0.0143669035772021 0
0 1 1 0.0725911238089525 0.927408876191048 1
0 1 1 0.60391274242516 0.39608725757484 0
0 1 1 0.0259868740911581 0.974013125908842 1
0 1 1 0.0119375910047707 0.988062408995229 1
1 0 0 0.985633096422798 0.0143669035772021 0
1 0 0 0.95179654248531 0.0482034575146904 0
1 0 0 0.962834342716644 0.0371656572833561 0
0 1 1 0.0698604506139495 0.93013954938605 1
0 1 1 0.0161633704144682 0.983836629585532 1
0 1 1 0.0182191082969296 0.98178089170307 1
1 0 0 0.979703537803313 0.0202964621966872 0
1 0 0 0.988466997796519 0.011533002203481 0
1 0 0 0.984553935123588 0.015446064876412 0
0 1 1 0.0265876573969663 0.973412342603034 1
1 0 0 0.985633096422798 0.0143669035772021 0
1 0 0 0.73620336702519 0.26379663297481 0
0 1 1 0.0552594492907388 0.944740550709261 1
0 1 1 0.0178594948407649 0.982140505159235 1
0 1 1 0.0423718055141525 0.957628194485847 1
1 0 0 0.971120361161367 0.0288796388386334 0
0 1 1 0.0130806263455104 0.98691937365449 1
1 0 0 0.993312532933645 0.00668746706635481 0
0 1 1 0.0146017015103304 0.98539829848967 1
1 0 0 0.801834830886778 0.198165169113222 0
1 0 0 0.888419507780642 0.111580492219358 0
0 1 1 0.0233087237530809 0.976691276246919 1
0 1 1 0.165284148591949 0.834715851408051 1
1 0 0 0.983574179911382 0.0164258200886179 0
1 0 0 0.99170865753194 0.00829134246806013 0
1 0 0 0.992193675445577 0.0078063245544224 0
0 1 1 0.0259786909010759 0.974021309098924 1
1 0 0 0.99018902063872 0.00981097936127987 0
0 1 1 0.0738264139388928 0.926173586061107 1
1 0 0 0.989529674736982 0.0104703252630177 0
1 0 0 0.0437574745833509 0.956242525416649 1
1 0 0 0.989529674736982 0.0104703252630177 0
1 0 0 0.968200946583067 0.0317990534169335 0
1 0 0 0.989214977979978 0.0107850220200223 0
1 0 0 0.979703537803313 0.0202964621966872 0
1 0 0 0.993312532933645 0.00668746706635481 0
1 0 0 0.971645561782574 0.0283544382174256 0
1 0 0 0.993312532933645 0.00668746706635481 0
0 1 1 0.024019099172205 0.975980900827795 1
0 1 1 0.0407130226820844 0.959286977317916 1
0 1 1 0.0392091330481158 0.960790866951884 1
1 0 0 0.979703537803313 0.0202964621966872 0
0 1 1 0.372932844390815 0.627067155609185 1
1 0 0 0.99170865753194 0.00829134246806013 0
0 1 1 0.0303783629647063 0.969621637035294 1
1 0 0 0.987037800790337 0.0129621992096628 0
1 0 0 0.977381392158718 0.0226186078412823 0
