0.4079 0.1087 0.3957 0.4845 0.3587 0.1724 0.0506 0.7547 0.3123 0.5392 0.0813 0.1026 0.2582 0.0000 0.0000 1.0000 
0.2000 0.2747 0.7594 0.9227 0.2391 0.3966 0.4008 0.8491 0.4259 0.1468 0.3984 0.4286 0.1341 0.0000 1.0000 0.0000 
0.4632 0.3814 0.5989 0.5876 0.4565 0.1724 0.2152 0.2075 0.2681 0.8123 0.0000 0.0733 0.1441 0.0000 0.0000 1.0000 
0.3000 0.1403 0.6257 0.4330 0.3696 0.3138 0.2975 0.6038 0.1956 0.1425 0.7886 0.3516 0.0549 0.0000 1.0000 0.0000 
0.5816 0.3656 0.8075 0.5361 0.5217 0.6276 0.4958 0.4906 0.4448 0.2594 0.4553 0.6081 0.3260 1.0000 0.0000 0.0000 
0.3421 0.0711 0.4920 0.2784 0.3370 0.3690 0.1582 0.9434 0.0000 0.1698 0.6260 0.1465 0.2867 0.0000 1.0000 0.0000 
0.5395 0.6245 0.5348 0.5619 0.4674 0.1483 0.2215 0.3962 0.2303 0.6928 0.0732 0.0220 0.1940 0.0000 0.0000 1.0000 
0.7974 0.2787 0.6684 0.3608 0.5543 0.5586 0.4578 0.3396 0.2650 0.3217 0.4715 0.8462 0.7254 1.0000 0.0000 0.0000 
0.7368 0.1640 0.6738 0.4845 0.4891 0.6793 0.6456 0.5094 0.4132 0.4539 0.5285 0.4762 0.6077 1.0000 0.0000 0.0000 
0.2079 0.1443 0.3369 0.5258 0.1739 0.3448 0.2658 0.3208 0.3533 0.0572 0.3821 0.7546 0.1548 0.0000 1.0000 0.0000 
0.7237 0.3992 0.5027 0.5876 0.2174 0.1276 0.0717 0.5283 0.1956 0.7082 0.1789 0.1502 0.2404 0.0000 0.0000 1.0000 
0.3526 0.1759 0.5027 0.7165 0.1957 0.4276 0.4451 0.5094 0.4700 0.0717 0.3333 0.5531 0.0456 0.0000 1.0000 0.0000 
0.6368 0.5850 0.6631 0.6392 0.4457 0.2483 0.1224 0.5660 0.3312 0.8020 0.3008 0.1062 0.2974 0.0000 0.0000 1.0000 
0.5605 0.3202 0.7005 0.4124 0.3370 0.6276 0.6118 0.3208 0.7571 0.3754 0.4472 0.6960 0.6469 1.0000 0.0000 0.0000 
0.6026 0.4941 0.5455 0.5619 0.2391 0.3276 0.0886 0.6038 0.2650 0.6092 0.0569 0.1282 0.2653 0.0000 0.0000 1.0000 
0.6658 0.1917 0.5080 0.2887 0.5109 0.7483 0.6224 0.3962 0.6088 0.4138 0.3821 0.7729 0.3688 1.0000 0.0000 0.0000 
0.7342 0.1996 0.5668 0.1753 0.4457 1.0000 0.7173 0.3585 0.4606 0.4923 0.4309 0.7289 0.6505 1.0000 0.0000 0.0000 
0.4789 0.5000 0.6524 0.5876 0.3913 0.2310 0.0549 0.8868 0.1735 0.3669 0.3171 0.3077 0.2083 0.0000 0.0000 1.0000 
0.5474 0.0534 0.1818 0.2268 0.0870 0.6897 0.5992 0.2453 0.5899 0.3430 0.5203 0.6996 0.1598 0.0000 1.0000 0.0000 
0.8395 0.1897 0.5027 0.2938 0.5217 0.7655 0.5612 0.2453 0.5110 0.4352 0.3740 0.7473 0.4936 1.0000 0.0000 0.0000 
0.4789 0.1700 0.6203 0.3711 0.2717 0.5172 0.4283 0.2453 0.3312 0.2261 0.4959 0.8645 0.5257 1.0000 0.0000 0.0000 
0.8342 0.2016 0.5829 0.2371 0.4565 0.7897 0.6435 0.3962 0.4921 0.4667 0.4634 0.5788 0.8359 1.0000 0.0000 0.0000 
0.3684 0.1561 0.4973 0.5619 0.1739 0.6069 0.5928 0.4906 0.4290 0.2270 0.1707 0.5751 0.0528 0.0000 1.0000 0.0000 
0.4395 0.6186 0.5561 0.6392 0.3370 0.6379 0.4662 0.5660 0.4858 0.1101 0.5772 0.6813 0.1320 0.0000 1.0000 0.0000 
0.3737 0.4526 0.6845 0.8454 0.2935 0.3172 0.0506 0.9434 0.2303 0.5307 0.1545 0.1685 0.4294 0.0000 0.0000 1.0000 
0.4368 0.1561 0.4813 0.5206 0.1087 0.1379 0.2363 0.8491 0.3817 0.1510 0.3902 0.2894 0.1548 0.0000 1.0000 0.0000 
0.6974 0.2154 0.5348 0.3402 0.3696 0.4966 0.4958 0.5472 0.4921 0.2184 0.6098 0.5861 0.5078 1.0000 0.0000 0.0000 
0.7079 0.1364 0.6096 0.3144 0.4130 0.8345 0.7025 0.1132 0.5142 0.4710 0.3333 0.5861 0.7183 1.0000 0.0000 0.0000 
0.5000 0.4091 0.7166 0.5361 0.2826 0.1931 0.0338 0.7547 0.1073 0.2833 0.2358 0.3810 0.2297 0.0000 0.0000 1.0000 
0.5632 0.8794 0.5134 0.5876 0.2500 0.2621 0.0612 0.9057 0.3596 0.5648 0.0976 0.0769 0.3188 0.0000 0.0000 1.0000 
0.4816 0.1206 0.5134 0.3814 0.5652 0.1828 0.1920 0.1509 0.1672 0.2406 0.2276 0.0073 0.2511 0.0000 0.0000 1.0000 
0.5789 0.5059 0.4920 0.4072 0.3043 0.2828 0.1034 0.9057 0.4606 0.7884 0.0650 0.0879 0.2832 0.0000 0.0000 1.0000 
0.8158 0.6640 0.7380 0.7165 0.2826 0.3690 0.0886 0.8113 0.2965 0.6758 0.1057 0.1209 0.2011 0.0000 0.0000 1.0000 
0.7053 0.2213 0.5348 0.3093 0.3370 0.5621 0.5359 0.2642 0.4038 0.2150 0.5122 1.0000 0.5399 1.0000 0.0000 0.0000 
0.3921 0.3340 0.4332 0.5361 0.1957 0.5414 0.4072 0.2453 0.2555 0.0614 0.3415 0.5531 0.0335 0.0000 1.0000 0.0000 
0.4868 0.4447 0.5561 0.4845 0.3696 0.1103 0.1857 0.2075 0.1325 0.3515 0.2114 0.0549 0.1797 0.0000 0.0000 1.0000 
0.2763 0.0771 0.6150 0.6907 0.0870 0.3517 0.2616 0.5094 0.3123 0.0785 0.6748 0.5311 0.2511 0.0000 1.0000 0.0000 
0.3947 0.9427 0.6845 0.7423 0.2826 0.2793 0.0549 0.9434 0.2177 0.3174 0.2764 0.1538 0.1690 0.0000 0.0000 1.0000 
0.6711 0.3636 0.7112 0.7165 0.3804 0.1966 0.1055 0.4906 0.3565 0.6297 0.2114 0.1941 0.3367 0.0000 0.0000 1.0000 
0.1105 0.3281 0.5668 0.4845 0.2826 0.6621 0.5169 0.3585 0.4479 0.1681 0.2602 0.7766 0.2475 0.0000 1.0000 0.0000 
0.1395 0.2589 1.0000 0.9227 0.5326 0.7586 1.0000 0.6415 0.4606 0.4027 0.3659 0.8864 0.1334 0.0000 1.0000 0.0000 
0.6447 0.2115 0.5615 0.5103 0.3261 0.5931 0.5570 0.2453 0.4574 0.3259 0.4553 0.8059 0.4579 1.0000 0.0000 0.0000 
0.3526 0.0395 0.0000 0.0000 0.1957 0.3448 0.0485 0.2830 0.0032 0.0572 0.4634 0.2015 0.1726 0.0000 1.0000 0.0000 
0.5158 0.1838 0.6631 1.0000 0.7500 0.8000 0.5380 0.1509 0.4890 0.1766 0.6748 0.8168 0.5043 0.0000 1.0000 0.0000 
0.7158 0.1957 0.5615 0.2784 0.2065 0.5586 0.5105 0.3019 0.4416 0.3686 0.5447 0.5971 0.7432 1.0000 0.0000 0.0000 
0.5316 1.0000 0.4118 0.5619 0.1739 0.5655 0.4873 0.3208 0.5047 0.1126 0.2033 0.6703 0.0728 0.0000 1.0000 0.0000 
0.6474 0.1818 0.4706 0.6907 0.1848 0.3103 0.3165 0.2642 0.1956 0.2099 0.4065 0.5531 0.1384 0.0000 1.0000 0.0000 
0.5079 0.5356 0.5294 0.4072 0.3913 0.1414 0.0759 0.5094 0.1672 0.3413 0.1626 0.1758 0.2832 0.0000 0.0000 1.0000 
0.4132 0.3399 0.4492 0.4072 0.2609 0.2207 0.0675 0.9434 0.1672 0.4966 0.2033 0.1136 0.2974 0.0000 0.0000 1.0000 
0.8079 0.2530 0.5561 0.4227 0.3587 0.6103 0.5443 0.3585 0.6215 0.4198 0.4797 0.5421 0.5578 1.0000 0.0000 0.0000 
0.6500 0.2115 0.6684 0.4845 0.2826 0.5345 0.4789 0.2830 0.3943 0.1911 0.5203 0.9341 0.4044 1.0000 0.0000 0.0000 
0.8079 0.2806 0.5027 0.3814 0.3804 0.6793 0.6287 0.1698 0.6215 0.3814 0.6260 0.6960 0.8787 1.0000 0.0000 0.0000 
0.7500 0.8498 0.4652 0.4845 0.1087 0.0000 0.0000 0.5094 0.0852 0.3089 0.0813 0.0220 0.0977 0.0000 0.0000 1.0000 
0.8368 0.6522 0.5775 0.4278 0.4457 0.6448 0.4873 0.3208 0.2650 0.3379 0.3171 0.7546 0.5720 1.0000 0.0000 0.0000 
0.6553 0.4802 0.7273 0.6649 0.2935 0.1966 0.0380 0.6981 0.0442 0.2619 0.3333 0.2894 0.1726 0.0000 0.0000 1.0000 
0.4711 0.5198 0.5027 0.4588 0.1957 0.1724 0.0675 0.5094 0.1767 0.7662 0.1951 0.1758 0.2903 0.0000 0.0000 1.0000 
0.3105 0.0889 0.2086 0.3196 0.8804 0.3000 0.1983 0.0189 0.6593 0.1340 0.6504 0.6593 0.3138 0.0000 1.0000 0.0000 
0.2079 0.1937 0.2781 0.4588 0.1739 0.5241 0.2743 0.4528 0.3186 0.0666 0.3740 0.4286 0.0977 0.0000 1.0000 0.0000 
0.4579 0.3261 0.4920 0.4588 0.1739 0.1414 0.0359 0.6604 0.0726 0.7355 0.0732 0.1319 0.1369 0.0000 0.0000 1.0000 
