1 0 0 0 0.998475737773642 0.000946747981763003 0.000577514244595466 0
0 0 1 2 0.00381429804729215 0.00647265908562867 0.989713042867079 2
1 0 0 0 0.999810039986083 0.000113780834371537 7.61791795452981E-05 0
0 1 0 1 0.00679362462864322 0.96465927858268 0.028547096788677 1
1 0 0 0 0.997587102603491 0.00104865468828679 0.00136424270822213 0
0 1 0 1 0.000288114867002297 0.999678671892132 3.32132408661801E-05 1
0 1 0 1 0.000722314328803088 0.999229282004868 4.84036663283827E-05 1
0 1 0 1 0.000385501722834449 0.999519945977158 9.45523000071198E-05 1
0 1 0 1 0.0103343253096629 0.989476046217756 0.000189628472580748 1
0 0 1 2 0.00440445573999129 8.95017965999214E-05 0.995506042463409 2
0 1 0 1 0.0091744557993177 0.929301696031571 0.0615238481691118 1
1 0 0 0 0.994214502047349 0.00253399227849102 0.00325150567416001 0
0 0 1 2 0.00133798893294689 0.00397072069934536 0.994691290367708 2
0 1 0 1 0.00055295287301278 0.999248992669168 0.00019805445781881 1
0 1 0 1 0.000997416179081604 0.998922720083697 7.98637372216841E-05 1
0 0 1 2 0.00347557627943804 0.065101484053089 0.931422939667473 2
0 0 1 2 0.00271841728140993 0.00841025227305018 0.98887133044554 2
1 0 0 0 0.998421416600112 0.000628467431878493 0.000950115968009753 0
0 1 0 1 0.000550314192035234 0.998860490023814 0.000589195784150625 1
0 0 1 2 0.0020832262444143 0.000565948621734883 0.997350825133851 2
0 1 0 1 0.0337854201952853 0.963781428364586 0.00243315144012842 1
0 0 1 2 0.000319740471148872 0.000555416194679936 0.999124843334171 2
1 0 0 0 0.999092535054353 0.000161208832827274 0.000746256112819263 0
0 1 0 1 0.000933130142030499 0.998924642267662 0.00014222759030748 1
0 0 1 2 0.00529565294041685 0.00822786409701153 0.986476482962572 2
1 0 0 0 0.998796836403539 0.000142890186151804 0.00106027341030877 0
0 1 0 1 0.0061977975521929 0.993693608084773 0.000108594363034494 1
0 0 1 2 0.0176921752622718 0.00172784244156343 0.980579982296165 2
1 0 0 0 0.999242678816799 0.000228126161089853 0.000529195022111531 0
0 1 0 1 0.0466079748145989 0.950879130292364 0.00251289489303693 1
0 0 1 2 0.000589347259848747 0.00611396428780885 0.993296688452342 2
1 0 0 0 0.993458073713128 0.00626016065455065 0.000281765632321245 0
0 1 0 1 0.00110652000504774 0.997019052168324 0.00187442782662854 1
0 1 0 1 0.00810732675155421 0.988172963220191 0.0037197100282551 1
0 1 0 1 0.0116877891811176 0.988162766356016 0.000149444462865922 1
0 1 0 1 0.00386960608441585 0.935475610745222 0.0606547831703623 1
1 0 0 0 0.999711408733877 6.04510793624277E-05 0.000228140186760526 0
0 0 1 2 0.00900331828106732 0.00239826631551971 0.988598415403413 2
0 0 1 2 0.000658930680393636 0.000230420005774058 0.999110649313832 2
0 0 1 2 0.00113976837751767 0.00464000878421552 0.994220222838267 2
1 0 0 0 0.922796975819424 0.0756558559954632 0.00154716818511258 0
1 0 0 0 0.935373155855307 0.053431079908963 0.01119576423573 0
0 1 0 1 0.000632168338248067 0.999299163250052 6.8668411700024E-05 1
0 0 1 2 0.00319068821814905 0.00022884571142565 0.996580466070425 2
1 0 0 0 0.998259992097447 6.5060669110086E-05 0.00167494723344275 0
0 1 0 1 3.22262557590072E-05 0.999602636950164 0.000365136794077214 1
1 0 0 0 0.999443985077017 0.000306515679845614 0.000249499243137535 0
1 0 0 0 0.997405420116791 0.000572963027331146 0.0020216168558774 0
1 0 0 0 0.996769578885371 0.00274783463606785 0.000482586478561104 0
0 0 1 2 0.00387758216434046 0.0543590104808218 0.941763407354838 2
1 0 0 0 0.99976414675185 7.61014280390984E-05 0.000159751820111021 0
0 0 1 2 0.011609098055302 0.0271182113832107 0.961272690561487 2
0 0 1 2 0.00208907601275279 0.00155327446688425 0.996357649520363 2
0 1 0 1 4.2283964545586E-05 0.999879852592429 7.7863443025315E-05 1
0 0 1 2 0.0083912974061889 0.00781682298440622 0.983791879609405 2
0 1 0 1 0.0032915048764906 0.994425441113519 0.00228305400999066 1
0 1 0 1 0.00576324518405807 0.980769479238242 0.0134672755777002 1
0 1 0 1 7.67987556777151E-05 0.999862770253628 6.04309906939978E-05 1
1 0 0 0 0.997244679841914 0.0025148384710088 0.000240481687076607 0
0 1 0 1 0.06054113690905 0.936295766968337 0.00316309612261249 1
