0.7974 0.2787 0.6684 0.3608 0.5543 0.5586 0.4578 0.3396 0.2650 0.3217 0.4715 0.8462 0.7254 1.0000 0.0000 0.0000 
0.3526 0.0395 0.0000 0.0000 0.1957 0.3448 0.0485 0.2830 0.0032 0.0572 0.4634 0.2015 0.1726 0.0000 1.0000 0.0000 
0.8342 0.2016 0.5829 0.2371 0.4565 0.7897 0.6435 0.3962 0.4921 0.4667 0.4634 0.5788 0.8359 1.0000 0.0000 0.0000 
0.3000 0.1403 0.6257 0.4330 0.3696 0.3138 0.2975 0.6038 0.1956 0.1425 0.7886 0.3516 0.0549 0.0000 1.0000 0.0000 
0.8158 0.6640 0.7380 0.7165 0.2826 0.3690 0.0886 0.8113 0.2965 0.6758 0.1057 0.1209 0.2011 0.0000 0.0000 1.0000 
0.6447 0.2115 0.5615 0.5103 0.3261 0.5931 0.5570 0.2453 0.4574 0.3259 0.4553 0.8059 0.4579 1.0000 0.0000 0.0000 
0.1000 0.0000 0.6096 0.5361 0.1957 0.5172 0.3523 0.5472 0.3249 0.1536 0.5041 0.3810 0.1113 0.0000 1.0000 0.0000 
0.4789 0.5000 0.6524 0.5876 0.3913 0.2310 0.0549 0.8868 0.1735 0.3669 0.3171 0.3077 0.2083 0.0000 0.0000 1.0000 
0.3211 0.6206 0.4492 0.4072 0.4565 0.1379 0.0928 0.3019 0.2303 0.5913 0.1382 0.2674 0.4116 0.0000 0.0000 1.0000 
0.7105 0.1502 0.7166 0.6134 0.3370 0.6966 0.6139 0.3019 0.6215 0.3771 0.5772 0.5275 0.7183 1.0000 0.0000 0.0000 
0.7658 0.1957 0.4866 0.3505 0.4130 0.6552 0.6751 0.3585 0.5268 0.6502 0.5203 0.6703 0.7004 1.0000 0.0000 0.0000 
0.2553 0.1522 0.5668 0.5876 0.1739 0.1621 0.1920 0.6981 0.3849 0.1980 0.4634 0.5055 0.1227 0.0000 1.0000 0.0000 
0.6711 0.3636 0.7112 0.7165 0.3804 0.1966 0.1055 0.4906 0.3565 0.6297 0.2114 0.1941 0.3367 0.0000 0.0000 1.0000 
0.8421 0.1917 0.5722 0.2577 0.6196 0.6276 0.5738 0.2830 0.5931 0.3720 0.4553 0.9707 0.5613 1.0000 0.0000 0.0000 
0.6500 0.2115 0.6684 0.4845 0.2826 0.5345 0.4789 0.2830 0.3943 0.1911 0.5203 0.9341 0.4044 1.0000 0.0000 0.0000 
0.8132 0.1462 0.5134 0.3196 0.2717 0.4207 0.4409 0.2453 0.3659 0.3174 0.5610 0.5678 0.7147 1.0000 0.0000 0.0000 
0.4395 0.6186 0.5561 0.6392 0.3370 0.6379 0.4662 0.5660 0.4858 0.1101 0.5772 0.6813 0.1320 0.0000 1.0000 0.0000 
0.5395 0.6245 0.5348 0.5619 0.4674 0.1483 0.2215 0.3962 0.2303 0.6928 0.0732 0.0220 0.1940 0.0000 0.0000 1.0000 
0.7553 0.1858 0.4064 0.2784 0.3370 0.7310 0.6435 0.1509 0.5457 0.4113 0.3496 0.7546 0.5043 1.0000 0.0000 0.0000 
0.3316 0.4130 0.4599 0.3814 0.1957 0.5069 0.4030 0.2264 0.4984 0.0742 0.5447 0.7436 0.0086 0.0000 1.0000 0.0000 
0.2763 0.0771 0.6150 0.6907 0.0870 0.3517 0.2616 0.5094 0.3123 0.0785 0.6748 0.5311 0.2511 0.0000 1.0000 0.0000 
0.5816 0.6403 0.4973 0.3557 0.3587 0.5724 0.4831 0.3585 0.3943 0.2628 0.2764 0.6337 0.2867 1.0000 0.0000 0.0000 
0.2763 0.1285 0.6096 0.6134 0.1522 0.5448 0.4114 0.5660 0.1987 0.1382 0.3659 0.7033 0.0763 0.0000 1.0000 0.0000 
0.6658 0.1957 0.5882 0.5103 0.5000 0.6828 0.5148 0.1321 0.6435 0.4241 0.4065 0.6447 0.6006 1.0000 0.0000 0.0000 
0.7211 0.2292 0.7059 0.3351 0.4891 0.6966 0.5169 0.4906 0.4006 0.4283 0.5285 0.6081 0.7825 1.0000 0.0000 0.0000 
0.2553 0.5316 0.3422 0.4330 0.1848 0.3517 0.2743 0.4528 0.4606 0.0000 0.3659 0.6520 0.2040 0.0000 1.0000 0.0000 
0.5316 0.2589 0.9947 0.7423 0.5870 0.5690 0.4937 0.6415 0.4763 0.1962 0.5285 0.7070 0.3937 1.0000 0.0000 0.0000 
0.7395 0.6680 0.5455 0.4588 0.2065 0.2828 0.1034 0.6604 0.3628 0.6596 0.0732 0.1355 0.1441 0.0000 0.0000 1.0000 
0.7184 0.1561 0.7166 0.4588 0.6739 0.6793 0.5063 0.6981 0.2965 0.3515 0.6260 0.6337 0.6826 1.0000 0.0000 0.0000 
0.6132 0.3597 0.5294 0.4845 0.2065 0.1448 0.0338 0.4528 0.0726 0.3686 0.1789 0.4396 0.3581 0.0000 0.0000 1.0000 
0.3105 0.0889 0.2086 0.3196 0.8804 0.3000 0.1983 0.0189 0.6593 0.1340 0.6504 0.6593 0.3138 0.0000 1.0000 0.0000 
0.3316 0.4802 0.4545 0.3814 0.1957 0.6448 0.5591 0.6038 0.7571 0.0870 0.7642 0.5714 0.0913 0.0000 1.0000 0.0000 
0.2553 0.0356 0.3422 0.4330 0.1739 0.4966 0.4051 0.3208 0.3218 0.1041 0.7317 0.6777 0.0000 0.0000 1.0000 0.0000 
0.7474 0.2292 0.7701 0.4536 0.4022 0.6793 0.5549 0.4528 0.4259 0.2747 0.6260 0.7802 0.4544 1.0000 0.0000 0.0000 
0.2763 0.1166 0.5027 0.6701 0.0000 0.4207 0.2637 0.5472 0.3060 0.0392 0.4797 0.7106 0.2475 0.0000 1.0000 0.0000 
0.3658 0.7292 0.7326 0.8196 0.3478 0.4207 0.3776 0.5660 0.4101 0.0683 0.3577 0.6777 0.0621 0.0000 1.0000 0.0000 
0.6447 0.1838 0.6845 0.6134 0.2065 0.5586 0.1603 0.7358 0.5931 0.8933 0.0732 0.1868 0.2439 0.0000 0.0000 1.0000 
0.5632 0.3656 0.5401 0.4845 0.5435 0.2310 0.0717 0.7547 0.3312 0.6843 0.0976 0.1282 0.4009 0.0000 0.0000 1.0000 
0.3789 0.1542 0.4492 0.4330 1.0000 0.5241 0.4072 0.3585 0.9054 0.1126 0.5528 0.4982 0.4700 0.0000 1.0000 0.0000 
0.3895 0.1957 0.3316 0.5103 0.1630 0.4207 0.3333 0.3585 0.3375 0.1416 0.4553 0.8425 0.2810 0.0000 1.0000 0.0000 
0.2079 0.1443 0.3369 0.5258 0.1739 0.3448 0.2658 0.3208 0.3533 0.0572 0.3821 0.7546 0.1548 0.0000 1.0000 0.0000 
0.3947 0.9427 0.6845 0.7423 0.2826 0.2793 0.0549 0.9434 0.2177 0.3174 0.2764 0.1538 0.1690 0.0000 0.0000 1.0000 
0.6658 0.1917 0.5080 0.2887 0.5109 0.7483 0.6224 0.3962 0.6088 0.4138 0.3821 0.7729 0.3688 1.0000 0.0000 0.0000 
0.5000 0.6047 0.6898 0.4124 0.3478 0.4931 0.4367 0.2264 0.4953 0.2747 0.4472 0.8242 0.3509 1.0000 0.0000 0.0000 
0.2132 0.0296 0.6524 0.3814 0.2609 0.4207 0.3945 0.1698 0.6120 0.1510 0.2520 0.6630 0.1726 0.0000 1.0000 0.0000 
0.5316 0.1957 0.3636 0.0928 0.2391 0.6000 0.6181 0.0755 0.7886 0.5051 0.5203 0.6007 0.6220 1.0000 0.0000 0.0000 
0.3658 0.1719 0.4439 0.6134 0.4130 0.3517 0.3692 0.3962 0.3785 0.0666 0.4715 0.6190 0.0478 0.0000 1.0000 0.0000 
0.8816 0.5632 0.4920 0.2784 0.3478 0.7828 0.5970 0.2642 0.5615 0.3089 0.4553 0.7949 0.5613 1.0000 0.0000 0.0000 
0.5474 0.0534 0.1818 0.2268 0.0870 0.6897 0.5992 0.2453 0.5899 0.3430 0.5203 0.6996 0.1598 0.0000 1.0000 0.0000 
0.2053 0.2727 0.7380 0.5619 0.6957 0.2138 0.1371 0.0189 0.3628 0.1041 0.3821 0.3626 0.2475 0.0000 1.0000 0.0000 
0.6553 0.4802 0.7273 0.6649 0.2935 0.1966 0.0380 0.6981 0.0442 0.2619 0.3333 0.2894 0.1726 0.0000 0.0000 1.0000 
0.5895 0.6996 0.4813 0.4845 0.5435 0.2103 0.0738 0.5660 0.2965 0.7611 0.0894 0.1062 0.3973 0.0000 0.0000 1.0000 
0.5474 0.2292 0.7433 0.7680 0.5000 0.4207 0.1983 0.2453 0.3628 0.4966 0.1057 0.0220 0.1049 0.0000 0.0000 1.0000 
0.4711 0.5198 0.5027 0.4588 0.1957 0.1724 0.0675 0.5094 0.1767 0.7662 0.1951 0.1758 0.2903 0.0000 0.0000 1.0000 
0.2658 0.7036 0.5455 0.5876 0.1087 0.3862 0.2975 0.5472 0.2965 0.1126 0.2520 0.4762 0.2154 0.0000 1.0000 0.0000 
0.5158 0.1838 0.6631 1.0000 0.7500 0.8000 0.5380 0.1509 0.4890 0.1766 0.6748 0.8168 0.5043 0.0000 1.0000 0.0000 
0.1553 0.2470 0.4920 0.3814 0.3043 0.7034 0.4051 0.0755 0.2965 0.1681 0.5528 0.6190 0.0478 0.0000 1.0000 0.0000 
0.3526 0.1759 0.5027 0.7165 0.1957 0.4276 0.4451 0.5094 0.4700 0.0717 0.3333 0.5531 0.0456 0.0000 1.0000 0.0000 
0.3316 0.1324 0.3316 0.2784 0.1630 0.5414 0.4557 0.3019 0.4290 0.1382 0.6098 0.5385 0.1070 0.0000 1.0000 0.0000 
