0 0 1 2 0.0214409600010585 0.120786007500026 0.857773032498915 2
0 1 0 1 0.000997960006676486 0.990926085417543 0.00807595457578007 1
0 0 1 2 0.0229000880638822 0.009689098965102 0.967410812971016 2
0 1 0 1 0.00184995780650297 0.994339849434497 0.0038101927589994 1
1 0 0 0 0.723382544649188 0.230174816418341 0.0464426389324709 0
0 1 0 1 0.00478364783574061 0.969046171191013 0.026170180973246 1
0 0 1 2 0.0210689432160906 0.00978469629180635 0.969146360492103 2
1 0 0 0 0.97688765464418 0.00421003192839415 0.0189023134274254 0
1 0 0 0 0.95404327442152 0.0153366230815098 0.0306201024969704 0
0 1 0 1 0.00492606918656035 0.993234815975484 0.00183911483795526 1
0 0 1 2 0.020921204119434 0.010644427913186 0.96843436796738 2
0 1 0 1 0.00237912781328737 0.994530387175441 0.00309048501127142 1
0 0 1 2 0.0232082286240245 0.00778042089427317 0.969011350481702 2
1 0 0 0 0.957065108351412 0.0244762089736805 0.0184586826749075 0
0 0 1 2 0.0231718535655625 0.0117385908856906 0.965089555548747 2
1 0 0 0 0.880521244871964 0.104307861955198 0.0151708931728387 0
1 0 0 0 0.97953345738214 0.00524376716901807 0.0152227754488418 0
0 0 1 2 0.0266874068641962 0.213854228487182 0.759458364648622 2
0 1 0 1 0.0775996504570874 0.920938205572626 0.00146214397028699 1
1 0 0 0 0.971566275739651 0.00984326288477128 0.0185904613755773 0
1 0 0 0 0.76501242287393 0.221912180701236 0.0130753964248338 0
1 0 0 0 0.979732517437936 0.00231173457909402 0.0179557479829698 0
0 1 0 1 0.0176126488035828 0.977050769304949 0.00533658189146838 1
0 1 0 1 0.0176051057299635 0.978917165703834 0.00347772856620213 1
0 0 1 2 0.017506750981204 0.0264379779672048 0.956055271051591 2
0 1 0 1 0.00175631357105985 0.98088527554765 0.0173584108812895 1
1 0 0 0 0.688111318455402 0.293449708540555 0.0184389730040433 0
1 0 0 0 0.979129544091738 0.00331145977865082 0.0175589961296111 0
0 0 1 2 0.0411462037526644 0.168322728228504 0.790531068018831 2
0 0 1 2 0.0153911542136373 0.0101293740745441 0.974479471711819 2
0 0 1 2 0.0969822344123224 0.232074627015605 0.670943138572073 2
0 0 1 2 0.0193013170050122 0.00914609033720186 0.971552592657786 2
0 0 1 2 0.0164184534070798 0.00595344816719423 0.977628098425726 2
1 0 0 0 0.872479241434943 0.117170343834708 0.0103504147303487 0
0 1 0 1 0.01015792082135 0.985482316313993 0.0043597628646571 1
0 0 1 2 0.0416410257166485 0.0820382355385013 0.87632073874485 2
0 1 0 1 0.0028357048082059 0.993960388229622 0.00320390696217248 1
0 0 1 2 0.0157817054731053 0.137792095960229 0.846426198566665 2
0 0 1 2 0.0330276655989566 0.0119369173780867 0.955035417022957 2
0 1 0 1 0.0622511862009457 0.934691821649916 0.00305699214913811 1
0 1 0 1 0.0740162036747811 0.923852320768185 0.00213147555703346 1
1 0 0 0 0.842057864771741 0.140820385566713 0.017121749661546 0
0 1 0 1 0.0041683727445914 0.988263699055474 0.00756792819993438 1
0 1 0 1 0.303327817060524 0.691356555006235 0.0053156279332419 1
1 0 0 0 0.969449691450424 0.00987076055380647 0.0206795479957697 0
0 1 0 1 0.10437047971249 0.858403543777601 0.0372259765099087 1
0 1 0 1 0.03372131812133 0.930542120952718 0.0357365609259517 1
0 0 1 2 0.0431763840170658 0.0449160832708793 0.911907532712055 2
0 0 1 2 0.0230690617940362 0.0984820895592617 0.878448848646702 2
1 0 0 0 0.950342687268392 0.0185258229494644 0.0311314897821433 0
1 0 0 0 0.658943315862463 0.330329693268791 0.0107269908687462 0
1 0 0 0 0.978786231760103 0.0058185796918129 0.0153951885480843 0
0 0 1 2 0.0150123001612006 0.0163350774564131 0.968652622382386 2
1 0 0 0 0.966403287463418 0.0039533954424767 0.029643317094105 0
0 0 1 2 0.0299526138539508 0.126530368136872 0.843517018009178 2
0 0 1 2 0.023736626553959 0.0116560639659177 0.964607309480123 2
0 1 0 1 0.0362859086666163 0.962159968095852 0.00155412323753208 1
0 1 0 1 0.00174368210609878 0.994970212635275 0.00328610525862602 1
0 0 1 2 0.0159018737891294 0.0188760274114919 0.965222098799379 2
