1 0 0 0 0.569437311162956 0.300987314857694 0.12957537397935 0
0 1 0 1 0.670366876808347 0.275105237839186 0.0545278853524674 0
0 0 1 2 0.000864105028852501 0.0483672865217041 0.950768608449443 2
0 0 1 2 0.0668070157303521 0.46145182692931 0.471741157340338 2
1 0 0 0 0.903276330133505 0.0801939064609532 0.0165297634055423 0
0 0 1 2 0.213958715170116 0.478903016855981 0.307138267973903 1
0 1 0 1 0.0323908983262088 0.443083563859169 0.524525537814622 2
1 0 0 0 0.61734303972892 0.25927943131464 0.12337752895644 0
0 0 1 2 0.0264852781387769 0.125961951039458 0.847552770821765 2
0 0 1 2 0.0346627574597197 0.403640177951664 0.561697064588617 2
1 0 0 0 0.902508194563152 0.0808300165055051 0.0166617889313431 0
0 0 1 2 0.00276982114926747 0.0549775958593971 0.942252582991336 2
0 0 1 2 0.0794599085853508 0.417287834208145 0.503252257206504 2
0 1 0 1 0.40562991499784 0.361200306660444 0.233169778341716 0
0 1 0 1 0.762211244322534 0.196615788198813 0.041172967478653 0
0 0 1 2 0.0261302917584893 0.323633729728866 0.650235978512645 2
0 1 0 1 0.385646874532418 0.359923890115417 0.254429235352165 0
0 1 0 1 0.393086113959587 0.45607687850829 0.150837007532123 1
1 0 0 0 0.876603552209158 0.100000679431159 0.0233957683596829 0
1 0 0 0 0.958371799431805 0.0289931918500899 0.012635008718105 0
1 0 0 0 0.88552674124454 0.0932072756585548 0.0212659830969053 0
0 1 0 1 0.846001465010772 0.125440354637133 0.0285581803520955 0
1 0 0 0 0.280942640425677 0.46525962798307 0.253797731591253 1
0 1 0 1 0.226218210267016 0.504163668848305 0.269618120884679 1
0 1 0 1 0.112004685039344 0.495041201168119 0.392954113792536 1
1 0 0 0 0.805855104892171 0.130992328627871 0.0631525664799577 0
1 0 0 0 0.934813236491963 0.0593817401162592 0.00580502339177769 0
0 0 1 2 0.00936446622718608 0.279174978914286 0.711460554858528 2
1 0 0 0 0.850213506572535 0.115326687518109 0.0344598059093557 0
0 0 1 2 0.556562990127524 0.342553992985629 0.100883016886847 0
1 0 0 0 0.943975130450168 0.0469620788986883 0.0090627906511435 0
0 1 0 1 0.063703561667384 0.385907374015282 0.550389064317334 2
0 1 0 1 0.645419328676334 0.280789401532207 0.073791269791459 0
0 0 1 2 0.425860062504423 0.401531695235478 0.172608242260098 0
0 1 0 1 0.821618356930061 0.149916779421585 0.0284648636483539 0
0 0 1 2 0.000885352909866927 0.0344893032043243 0.964625343885809 2
0 1 0 1 0.834831386140542 0.124702252986694 0.0404663608727644 0
0 1 0 1 0.289042939805873 0.497557763190158 0.213399297003969 1
0 0 1 2 0.0841058677175296 0.415887570975731 0.500006561306739 2
0 1 0 1 0.609357837397216 0.307797319208938 0.0828448433938454 0
0 0 1 2 0.0449513110292656 0.274392975321072 0.680655713649662 2
1 0 0 0 0.795085488022156 0.13419569548407 0.0707188164937734 0
0 1 0 1 0.596189115964073 0.295009599823869 0.108801284212057 0
0 1 0 1 0.29653986685281 0.486184812748779 0.217275320398411 1
1 0 0 0 0.824568280391189 0.125262556115008 0.0501691634938035 0
0 1 0 1 0.0751831505961249 0.425086659946416 0.499730189457459 2
0 1 0 1 0.0530232558043329 0.169695580586312 0.777281163609355 2
0 0 1 2 0.000708992684633103 0.0433303339293906 0.955960673385976 2
0 0 1 2 0.188647175440173 0.449805237559689 0.361547587000137 1
0 0 1 2 0.0754136906198685 0.463453972248733 0.461132337131399 1
1 0 0 0 0.32096682715971 0.438751375322512 0.240281797517778 1
1 0 0 0 0.282323795637774 0.424823716316567 0.292852488045659 1
1 0 0 0 0.989681291978716 0.00838484769785456 0.00193386032342883 0
0 1 0 1 0.287437711354139 0.498937513125894 0.213624775519967 1
0 1 0 1 0.0384543916081161 0.405680303878488 0.555865304513396 2
1 0 0 0 0.764054722071582 0.174135465962365 0.0618098119660528 0
0 0 1 2 0.000112406568245363 0.0111822269195217 0.988705366512233 2
0 0 1 2 0.0111702979889442 0.29135474280692 0.697474959204136 2
0 1 0 1 0.342303696176986 0.429034646646823 0.228661657176191 1
0 0 1 2 0.0485617692425795 0.41287658363245 0.53856164712497 2
1 0 0 0 0.987138541030024 0.0106820939693146 0.00217936500066107 0
1 0 0 0 0.811636820522058 0.146440003373365 0.0419231761045774 0
0 1 0 1 0.0144070334498895 0.293029502791252 0.692563463758858 2
1 0 0 0 0.610187457934524 0.275675481026441 0.114137061039036 0
1 0 0 0 0.968688460909923 0.0240548445860907 0.00725669450398581 0
0 0 1 2 0.286908235153077 0.430076600252258 0.283015164594664 1
0 0 1 2 0.0119038710422354 0.221964237982759 0.766131890975006 2
1 0 0 0 0.902020078514441 0.0827123582110962 0.015267563274463 0
0 0 1 2 0.00104375760523265 0.177727620307142 0.821228622087626 2
0 0 1 2 0.00481527900819418 0.128670168479584 0.866514552512221 2
1 0 0 0 0.880336911178467 0.0980424837445099 0.0216206050770227 0
1 0 0 0 0.849210317100825 0.127580502586359 0.0232091803128161 0
0 1 0 1 0.0264073258544469 0.39256328658764 0.581029387557913 2
0 1 0 1 0.747388019319393 0.189326036423925 0.0632859442566818 0
0 1 0 1 0.0991285877191641 0.485539250003794 0.415332162277042 1
0 1 0 1 0.166650818374444 0.465357274358201 0.367991907267355 1
0 1 0 1 0.129824323178244 0.477941472428238 0.392234204393517 1
1 0 0 0 0.597293857347329 0.251692961522756 0.151013181129915 0
0 1 0 1 0.0309729663523264 0.398383141661188 0.570643891986486 2
0 1 0 1 0.372649776355292 0.351276576960323 0.276073646684384 0
0 0 1 2 0.168741927251169 0.450407310576555 0.380850762172276 1
0 0 1 2 0.0796634130773161 0.195256117438014 0.72508046948467 2
0 0 1 2 0.0196761331099636 0.35255585959243 0.627768007297607 2
0 0 1 2 0.0171555334885155 0.202497867110477 0.780346599401007 2
1 0 0 0 0.158250221092298 0.440364664924926 0.401385113982776 1
0 0 1 2 0.670055382181762 0.225607758809846 0.104336859008392 0
1 0 0 0 0.840836412726316 0.111446076145012 0.0477175111286722 0
0 0 1 2 0.000857944017543495 0.0885511989432184 0.910590857039238 2
1 0 0 0 0.893614318400738 0.0854775140688315 0.0209081675304303 0
0 0 1 2 0.829859253139501 0.138423297045524 0.0317174498149742 0
1 0 0 0 0.931306661713988 0.0568061408049183 0.0118871974810941 0
0 0 1 2 0.143170865958948 0.347960196821382 0.50886893721967 2
0 1 0 1 0.484463274226239 0.307866703748599 0.207670022025162 0
0 1 0 1 0.637225156399543 0.256268418154799 0.106506425445658 0
0 0 1 2 0.0393822888144027 0.453685752769208 0.506931958416389 2
1 0 0 0 0.981360877948833 0.0145597633977237 0.00407935865344357 0
0 1 0 1 0.502283636752077 0.347206382683498 0.150509980564426 0
0 0 1 2 0.437169455815964 0.280916062471426 0.28191448171261 0
1 0 0 0 0.635304758068502 0.247055392545876 0.117639849385622 0
0 0 1 2 0.423021724448872 0.374748629212234 0.202229646338894 0
0 1 0 1 0.2043565898521 0.469472491531295 0.326170918616605 1
1 0 0 0 0.561082295194151 0.344135825844565 0.0947818789612841 0
0 0 1 2 0.0974845489560624 0.258228341518725 0.644287109525213 2
0 0 1 2 0.251013084314828 0.446947457138403 0.302039458546769 1
1 0 0 0 0.491941777977785 0.379433208608465 0.128625013413751 0
0 1 0 1 0.00890408237642613 0.282497618614821 0.708598299008753 2
0 1 0 1 0.0239002799806784 0.39778374278388 0.578315977235441 2
0 1 0 1 0.0975509889627569 0.447381214648383 0.45506779638886 2
1 0 0 0 0.655033403312285 0.290299231113007 0.0546673655747083 0
0 1 0 1 0.440605221056135 0.420947311626994 0.138447467316871 0
0 0 1 2 0.0303072250296149 0.374429714757077 0.595263060213308 2
1 0 0 0 0.943764269796139 0.0401742155095731 0.0160615146942878 0
0 0 1 2 0.0208694754269358 0.393003236452375 0.586127288120689 2
0 0 1 2 0.320360734179487 0.361778280686728 0.317860985133785 1
0 1 0 1 0.0132654023438607 0.144635320785052 0.842099276871087 2
0 1 0 1 0.87387634209775 0.107653495700884 0.0184701622013657 0
0 0 1 2 0.013534010425635 0.0923502765892378 0.894115712985127 2
0 1 0 1 0.263202556088339 0.468059488286592 0.268737955625069 1
0 0 1 2 3.60675176902449E-05 0.0428986326079778 0.957065299874332 2
0 1 0 1 0.734044897903705 0.225468682365035 0.0404864197312601 0
0 0 1 2 5.8230435326168E-06 0.0285393684636049 0.971454808492863 2
0 1 0 1 0.150917691236317 0.513526516438039 0.335555792325644 1
1 0 0 0 0.865873474722687 0.104457953899148 0.0296685713781647 0
0 1 0 1 0.615127650668639 0.229911375488182 0.154960973843179 0
0 0 1 2 0.000587581106744026 0.0282018708156262 0.97121054807763 2
0 1 0 1 0.0394541318638065 0.183259677632113 0.777286190504081 2
0 1 0 1 0.000150396733850496 0.00606735731452304 0.993782245951626 2
0 1 0 1 0.259010022279254 0.435858850652011 0.305131127068735 1
1 0 0 0 0.941171923263669 0.0450372038478801 0.0137908728884504 0
1 0 0 0 0.742784214969283 0.200586591580216 0.0566291934505009 0
0 0 1 2 0.000101085860580209 0.0240780376820845 0.975820876457335 2
1 0 0 0 0.800648627539454 0.164299202756118 0.0350521697044277 0
1 0 0 0 0.901061172600077 0.0824912510679694 0.0164475763319538 0
0 1 0 1 0.125964169898186 0.474970687227388 0.399065142874426 1
0 1 0 1 0.533534303371586 0.3594772234384 0.106988473190015 0
0 0 1 2 0.183572112938588 0.522621464971862 0.29380642208955 1
0 1 0 1 0.612291155202403 0.260668760885947 0.127040083911649 0
0 1 0 1 0.0116833313212353 0.19784669694046 0.790469971738305 2
0 0 1 2 0.0208367632687903 0.141942369772418 0.837220866958792 2
0 0 1 2 3.63888599926489E-06 0.0152849833329887 0.984711377781012 2
0 1 0 1 0.886356283979173 0.0995047689894292 0.0141389470313981 0
0 0 1 2 0.00518022839515024 0.266077863779955 0.728741907824895 2
0 0 1 2 0.112674744870415 0.2332126922679 0.654112562861686 2
0 1 0 1 0.446807047083919 0.424004372898847 0.129188580017234 0
0 1 0 1 0.382564171291436 0.411466428202872 0.205969400505692 1
0 1 0 1 0.406165584793455 0.377289687849049 0.216544727357496 0
0 1 0 1 0.0150402864505635 0.320575050324006 0.66438466322543 2
0 1 0 1 0.517863269027584 0.332175288804273 0.149961442168143 0
0 1 0 1 0.693625922824876 0.256725879736972 0.0496481974381519 0
0 0 1 2 0.0431957253659543 0.472533611440358 0.484270663193687 2
0 0 1 2 0.174727125164459 0.333926012378537 0.491346862457004 2
0 1 0 1 0.797617835003774 0.176110415028891 0.0262717499673349 0
0 1 0 1 0.251442821007374 0.491012579066024 0.257544599926602 1
0 0 1 2 0.00669294623846691 0.29590603921881 0.697401014542723 2
1 0 0 0 0.420880569038604 0.371023147066095 0.208096283895301 0
0 1 0 1 0.619738603113694 0.2430904088496 0.137170988036705 0
1 0 0 0 0.944739881831246 0.0374809430338763 0.0177791751348772 0
1 0 0 0 0.821489982194439 0.151825351833836 0.0266846659717242 0
0 0 1 2 0.100991883269768 0.508771146542022 0.39023697018821 1
0 1 0 1 0.341660970436636 0.473233808954981 0.185105220608384 1
1 0 0 0 0.918267303577842 0.0659364995982983 0.0157961968238602 0
0 0 1 2 0.181428399292458 0.417485003561273 0.401086597146269 1
0 1 0 1 0.719572795916311 0.214890582635983 0.0655366214477062 0
0 1 0 1 0.363415512248063 0.339573942565389 0.297010545186548 0
0 0 1 2 0.0329015738559753 0.426886141442774 0.540212284701251 2
1 0 0 0 0.86826279134515 0.114503044319677 0.0172341643351726 0
1 0 0 0 0.838135348263067 0.132700845159014 0.0291638065779196 0
0 1 0 1 0.00453982037994071 0.202364963720874 0.793095215899186 2
0 0 1 2 5.63098241340841E-05 0.0500303197506017 0.949913370425264 2
0 0 1 2 0.0687067097714525 0.35082272704547 0.580470563183077 2
0 0 1 2 0.0019974916948438 0.180130041732686 0.81787246657247 2
0 0 1 2 0.0477493099549588 0.270412323222612 0.681838366822429 2
1 0 0 0 0.829312287608017 0.138746765898418 0.0319409464935654 0
0 1 0 1 0.222012612993176 0.431839016151465 0.346148370855359 1
0 0 1 2 0.000357839915043416 0.087910731454806 0.911731428630151 2
0 1 0 1 0.410849286383896 0.281629683079394 0.30752103053671 0
1 0 0 0 0.8985985685709 0.0899164118640013 0.0114850195650989 0
0 0 1 2 0.198256651944975 0.512393235257921 0.289350112797104 1
0 1 0 1 0.230341728881763 0.385082219128759 0.384576051989478 1
1 0 0 0 0.97321118510797 0.0214507447586 0.00533807013342995 0
0 1 0 1 0.0414234734088652 0.406881808079299 0.551694718511836 2
0 1 0 1 0.134981778832091 0.509873930795739 0.35514429037217 1
1 0 0 0 0.923620685483366 0.0525131540478353 0.0238661604687986 0
0 1 0 1 0.0884485170907224 0.454757455190811 0.456794027718466 2
0 0 1 2 0.0100101827049613 0.25404848020128 0.735941337093759 2
0 1 0 1 0.297310583867478 0.423733461651708 0.278955954480814 1
0 0 1 2 0.0722857596535405 0.174811270951217 0.752902969395242 2
0 1 0 1 0.0269597427963104 0.303253884583923 0.669786372619767 2
0 0 1 2 0.00274727612031101 0.23607515251569 0.761177571363999 2
0 1 0 1 0.199630997459426 0.30674779609875 0.493621206441823 2
0 0 1 2 0.316219703952767 0.495803263763046 0.187977032284187 1
1 0 0 0 0.977948735890865 0.01746802653907 0.00458323757006478 0
0 1 0 1 0.346436257816649 0.456616240031239 0.196947502152113 1
0 0 1 2 0.668553840245708 0.176814942218081 0.154631217536211 0
0 0 1 2 0.173172729443034 0.506916606514497 0.319910664042469 1
0 1 0 1 0.416985597401266 0.389752124322328 0.193262278276406 0
0 0 1 2 0.0285654872074644 0.2497639034528 0.721670609339736 2
0 1 0 1 0.233858080724404 0.365042750897595 0.401099168378001 2
1 0 0 0 0.500965114220418 0.300734640948672 0.198300244830911 0
1 0 0 0 0.677151304657665 0.259329726834428 0.0635189685079069 0
0 0 1 2 0.351746443718675 0.380302869077739 0.267950687203586 1
0 1 0 1 0.226384890474885 0.500122625052365 0.27349248447275 1
0 0 1 2 2.8193831371751E-05 0.0481162916034463 0.951855514565182 2
0 0 1 2 0.0877971640589711 0.396585591508354 0.515617244432675 2
1 0 0 0 0.306388091873548 0.407796539786253 0.285815368340199 1
0 0 1 2 0.00459441132478268 0.225365033833471 0.770040554841747 2
0 1 0 1 0.186682559728476 0.356053497199212 0.457263943072312 2
0 0 1 2 0.095332313223675 0.441169118519632 0.463498568256693 2
0 0 1 2 0.00350920458907615 0.256661933620098 0.739828861790826 2
1 0 0 0 0.892336251381225 0.0827513817638947 0.02491236685488 0
0 0 1 2 0.000728913737326851 0.0399856705558059 0.959285415706867 2
0 1 0 1 0.651081935501046 0.270753511527769 0.0781645529711849 0
0 1 0 1 0.0851581703109569 0.497075850844707 0.417765978844336 1
0 0 1 2 0.190404084671789 0.490665064036759 0.318930851291452 1
0 0 1 2 0.000125114548035906 0.0191170046497282 0.980757880802236 2
0 1 0 1 0.0508903586877132 0.450238909375481 0.498870731936806 2
0 0 1 2 0.0720116587296527 0.395248496989553 0.532739844280794 2
1 0 0 0 0.741423033260226 0.214468083934468 0.0441088828053053 0
1 0 0 0 0.854281562359811 0.122879571054611 0.0228388665855781 0
0 1 0 1 0.177059648270592 0.372399776311404 0.450540575418004 2
1 0 0 0 0.986916546823143 0.0107733118209245 0.00231014135593223 0
0 0 1 2 0.0317666458119014 0.413149325020419 0.555084029167679 2
0 1 0 1 0.646731474447145 0.280263456584571 0.0730050689682846 0
0 0 1 2 0.00719916731503834 0.210151741051348 0.782649091633614 2
1 0 0 0 0.951921508028878 0.0399565615898184 0.0081219303813037 0
0 0 1 2 0.00368934462696561 0.192073708003107 0.804236947369928 2
0 0 1 2 0.0697455309785569 0.369644638831345 0.560609830190098 2
0 1 0 1 0.00782663815167627 0.312839366030431 0.679333995817893 2
0 0 1 2 0.019739194025399 0.153234544719327 0.827026261255274 2
0 1 0 1 0.222259640401374 0.430881349985379 0.346859009613247 1
0 0 1 2 0.203237828281649 0.522587473372557 0.274174698345794 1
0 0 1 2 0.428798876229279 0.305176217379428 0.266024906391293 0
1 0 0 0 0.824605137358292 0.13680270342954 0.0385921592121672 0
0 0 1 2 0.0377866816392448 0.357758888189466 0.604454430171289 2
1 0 0 0 0.587379657820856 0.299795175540709 0.112825166638435 0
0 1 0 1 0.191071952215619 0.468788501973683 0.340139545810697 1
0 0 1 2 0.00710716331437985 0.263322034706637 0.729570801978983 2
1 0 0 0 0.694255845591659 0.246742369189634 0.0590017852187069 0
1 0 0 0 0.897270617482431 0.0819782191516728 0.020751163365896 0
0 1 0 1 0.00638945308606377 0.241245074415966 0.75236547249797 2
0 0 1 2 0.64396856774317 0.238624347115396 0.117407085141433 0
0 1 0 1 0.0393602222565087 0.453010765704825 0.507629012038667 2
0 0 1 2 1.55791082131878E-05 0.00681289743451667 0.99317152345727 2
0 1 0 1 0.868363054916103 0.100818479637586 0.0308184654463119 0
1 0 0 0 0.645539860467792 0.228673112998237 0.125787026533971 0
1 0 0 0 0.530444881241896 0.370546156719511 0.0990089620385929 0
0 1 0 1 0.523943565749248 0.357164269803374 0.118892164447378 0
0 0 1 2 0.00192364182100261 0.0559834134988909 0.942092944680107 2
0 1 0 1 0.668291145555786 0.198053591650911 0.133655262793304 0
0 0 1 2 0.0287251732201014 0.271404684001024 0.699870142778874 2
0 1 0 1 0.598717779055948 0.21884014309357 0.182442077850482 0
0 0 1 2 0.0346904055003228 0.406013507567496 0.559296086932181 2
1 0 0 0 0.897500057329237 0.0890115801911189 0.0134883624796436 0
0 1 0 1 0.000825871154675309 0.101048255596609 0.898125873248715 2
0 0 1 2 0.0161173551581096 0.357692589066247 0.626190055775643 2
0 0 1 2 0.872384122824846 0.103846721960081 0.0237691552150727 0
0 0 1 2 0.0199003158660528 0.17575360288418 0.804346081249767 2
1 0 0 0 0.543462934302659 0.365720721653233 0.0908163440441086 0
0 0 1 2 0.00736948248283622 0.244774571133457 0.747855946383706 2
0 0 1 2 0.0707391153434814 0.34379887685717 0.585462007799348 2
0 1 0 1 0.104312629232107 0.396387881089871 0.499299489678022 2
1 0 0 0 0.98344495152753 0.0136038013682181 0.00295124710425181 0
0 1 0 1 0.341079669770022 0.395757710621874 0.263162619608103 1
0 1 0 1 0.180173199734342 0.327294224956507 0.492532575309151 2
1 0 0 0 0.900534151041541 0.0835013014699345 0.0159645474885248 0
1 0 0 0 0.988904759356357 0.00903504597891714 0.00206019466472556 0
1 0 0 0 0.97228970870228 0.026141330307101 0.00156896099061859 0
0 0 1 2 0.000247298419981734 0.107700955880166 0.892051745699852 2
0 0 1 2 0.00039156315398621 0.0175489494555107 0.982059487390503 2
0 0 1 2 0.585095119961379 0.322193143864496 0.0927117361741251 0
0 1 0 1 0.0150182463642856 0.372382171942799 0.612599581692916 2
1 0 0 0 0.855378977896908 0.126816656174086 0.0178043659290061 0
1 0 0 0 0.955254876821073 0.0357509061522739 0.00899421702665303 0
0 0 1 2 0.582378885601295 0.287563308677296 0.130057805721409 0
1 0 0 0 0.680399965017372 0.255728695411506 0.0638713395711214 0
1 0 0 0 0.920795315086182 0.0647797420493763 0.0144249428644421 0
1 0 0 0 0.475049595422161 0.395136087705883 0.129814316871956 0
0 0 1 2 0.27553482684388 0.25676005937917 0.46770511377695 2
1 0 0 0 0.546431579467417 0.328402492370774 0.125165928161809 0
0 1 0 1 0.325747254906445 0.45961790393509 0.214634841158465 1
1 0 0 0 0.546953948591204 0.289756152846347 0.163289898562449 0
1 0 0 0 0.700350099972093 0.215690292688444 0.083959607339463 0
1 0 0 0 0.882293405140113 0.0937428290115644 0.0239637658483225 0
0 0 1 2 0.0806528710661989 0.433586590048714 0.485760538885087 2
0 0 1 2 0.149665133184642 0.342895187772477 0.507439679042881 2
1 0 0 0 0.547463940118472 0.335389995367868 0.11714606451366 0
0 0 1 2 0.00599364102016341 0.222063248158972 0.771943110820865 2
0 1 0 1 0.267401145183613 0.496588908408449 0.236009946407938 1
1 0 0 0 0.917334056824672 0.0704629741436777 0.0122029690316503 0
1 0 0 0 0.696425559678627 0.195277133407984 0.108297306913389 0
1 0 0 0 0.115478814046885 0.495249624527772 0.389271561425344 1
0 1 0 1 0.374793809513259 0.399981048764082 0.22522514172266 1
1 0 0 0 0.194239613976725 0.491702816260963 0.314057569762312 1
1 0 0 0 0.599898025946302 0.292158946063912 0.107943027989786 0
0 0 1 2 0.864790269291443 0.108809759372921 0.0263999713356361 0
0 0 1 2 0.0100452778147335 0.337014878240181 0.652939843945085 2
0 1 0 1 0.15376558037274 0.48516763779491 0.36106678183235 1
0 1 0 1 0.281551469331922 0.458731092183203 0.259717438484874 1
1 0 0 0 0.785103616316243 0.148254897739492 0.0666414859442653 0
1 0 0 0 0.969330706017498 0.0247641901290057 0.00590510385349629 0
1 0 0 0 0.407493869553576 0.273950415755532 0.318555714690893 0
0 1 0 1 0.00270963879832042 0.249665342763055 0.747625018438625 2
0 1 0 1 0.538394650256393 0.299793268248666 0.161812081494941 0
0 0 1 2 0.00177504565151707 0.117506160580173 0.88071879376831 2
0 1 0 1 0.121839566131315 0.456923586418897 0.421236847449788 1
0 0 1 2 0.0181317704671333 0.368330512321008 0.613537717211858 2
0 1 0 1 0.0133121701932717 0.312270170665192 0.674417659141537 2
0 1 0 1 0.0902399195589742 0.342960288726684 0.566799791714341 2
0 0 1 2 4.41375755219926E-05 0.0620451368078598 0.937910725616618 2
1 0 0 0 0.846916936039909 0.120608515839741 0.0324745481203496 0
1 0 0 0 0.968725856018652 0.0251423827863855 0.00613176119496242 0
0 0 1 2 0.0892202564227211 0.235186925866478 0.675592817710801 2
0 0 1 2 0.691470975112486 0.210572340102881 0.0979566847846327 0
0 0 1 2 0.865771433045268 0.105275002989251 0.0289535639654813 0
0 0 1 2 0.0198218079732014 0.247556798073751 0.732621393953047 2
0 1 0 1 0.0867547932817776 0.485725925742022 0.4275192809762 1
1 0 0 0 0.92069039945585 0.0620951312672863 0.0172144692768635 0
0 1 0 1 0.0494568162589278 0.255882043234827 0.694661140506245 2
0 0 1 2 0.243465329040027 0.364110510831333 0.392424160128639 2
1 0 0 0 0.919636996112147 0.0708007125981666 0.00956229128968592 0
1 0 0 0 0.966112124295191 0.0277997863430031 0.00608808936180602 0
1 0 0 0 0.437721409183931 0.36235772853665 0.199920862279419 0
1 0 0 0 0.912548564098583 0.0629324767224505 0.0245189591789668 0
0 1 0 1 0.0463465658381355 0.251081982121008 0.702571452040856 2
0 0 1 2 0.114000097786477 0.424892520154031 0.461107382059493 2
0 0 1 2 0.00314771824698937 0.102604065682729 0.894248216070282 2
0 0 1 2 0.0754466623547716 0.35080612801579 0.573747209629439 2
0 0 1 2 0.147539831428035 0.42055130525901 0.431908863312955 2
0 0 1 2 0.00979032266663185 0.287029365254267 0.703180312079101 2
0 0 1 2 0.0423848303298709 0.228326514639449 0.72928865503068 2
0 1 0 1 0.290313626501667 0.502338682952264 0.207347690546069 1
0 0 1 2 0.00575170589727059 0.277296812516461 0.716951481586268 2
0 1 0 1 0.0485804715338154 0.476079539346628 0.475339989119556 1
0 0 1 2 0.0701161869188098 0.432805768119841 0.497078044961349 2
0 0 1 2 0.0124091012844345 0.342564029796619 0.645026868918947 2
1 0 0 0 0.877195591198227 0.091969711182744 0.0308346976190295 0
0 0 1 2 0.005497474156513 0.0563948529404293 0.938107672903058 2
0 0 1 2 0.00768716223732839 0.132000215465897 0.860312622296774 2
0 0 1 2 0.741098083870579 0.175218997940681 0.0836829181887398 0
0 1 0 1 0.167372805872868 0.502244624784546 0.330382569342586 1
1 0 0 0 0.427216892157381 0.382535426564882 0.190247681277736 0
0 0 1 2 0.188259808296665 0.438647120680862 0.373093071022474 1
0 1 0 1 0.171609919047198 0.296638213612802 0.531751867340001 2
0 1 0 1 0.000937079341593533 0.0719040779448806 0.927158842713526 2
0 0 1 2 0.0774610185620529 0.46302882697405 0.459510154463897 1
0 0 1 2 0.00116674095357816 0.143748099701225 0.855085159345197 2
0 1 0 1 0.0486972932804952 0.459286332669653 0.492016374049852 2
1 0 0 0 0.523583268997954 0.304729190367409 0.171687540634637 0
1 0 0 0 0.949921683034211 0.0392169278325356 0.010861389133254 0
0 1 0 1 0.00158510815541443 0.188320980982895 0.81009391086169 2
0 1 0 1 0.955300659090176 0.0349659243698631 0.00973341653996108 0
1 0 0 0 0.930239113086414 0.056510921267803 0.0132499656457831 0
0 0 1 2 0.18731852175986 0.373990075359694 0.438691402880446 2
0 0 1 2 0.000202985896111473 0.0409464408578145 0.958850573246074 2
1 0 0 0 0.848786494881294 0.126721446100033 0.0244920590186729 0
0 1 0 1 0.254733227432266 0.472595830918572 0.272670941649162 1
1 0 0 0 0.638704951128072 0.293595670606531 0.067699378265397 0
0 1 0 1 0.0623978883584519 0.47138116264896 0.466220948992588 1
0 0 1 2 0.0802732022814583 0.380052842840268 0.539673954878274 2
0 0 1 2 0.0730741951875029 0.300347683248616 0.626578121563881 2
0 1 0 1 0.260631131078164 0.39465397740716 0.344714891514676 1
0 1 0 1 0.664760551566679 0.273186639915967 0.0620528085173541 0
0 1 0 1 0.874245390316062 0.106990952507492 0.0187636571764457 0
0 0 1 2 3.38726917920597E-05 0.00960675344308682 0.990359373865121 2
1 0 0 0 0.613828673917808 0.303007749889291 0.0831635761929012 0
0 0 1 2 0.000153056257934304 0.0219493135149601 0.977897630227106 2
0 0 1 2 0.0606437799460947 0.277383179018593 0.661973041035313 2
0 1 0 1 0.119107543156284 0.496565257523215 0.384327199320501 1
0 0 1 2 0.0439973102181024 0.42258964105566 0.533413048726237 2
1 0 0 0 0.83375397962213 0.1337929629714 0.0324530574064698 0
0 0 1 2 0.0338955273207186 0.143001416428337 0.823103056250944 2
0 1 0 1 0.0359374940130207 0.179780713841216 0.784281792145764 2
1 0 0 0 0.152829607399269 0.489720589798782 0.357449802801949 1
0 0 1 2 1.03071707837817E-05 0.00482250090327325 0.995167191925943 2
0 0 1 2 0.216241936317408 0.443433792167913 0.340324271514679 1
0 0 1 2 0.64763937907433 0.234096721173151 0.118263899752519 0
0 1 0 1 0.781892459240207 0.175911064058782 0.042196476701011 0
0 0 1 2 0.263666553381648 0.415402405152922 0.320931041465431 1
0 1 0 1 0.336165584459638 0.450577676340481 0.213256739199881 1
1 0 0 0 0.550317915352531 0.345071048867526 0.104611035779942 0
0 0 1 2 0.342444256471472 0.445297876580362 0.212257866948166 1
0 0 1 2 0.238925470180753 0.269076171442437 0.49199835837681 2
0 1 0 1 0.215396297401291 0.52341331688254 0.261190385716168 1
1 0 0 0 0.902319121057068 0.0800343335026697 0.017646545440262 0
1 0 0 0 0.977485200889806 0.0186177294926074 0.00389706961758673 0
0 0 1 2 0.0403353783696107 0.348394154203847 0.611270467426543 2
0 0 1 2 0.0287029036174212 0.134073817478383 0.837223278904196 2
0 1 0 1 0.215297479641939 0.51096389390259 0.273738626455472 1
0 1 0 1 0.151818639895315 0.525471831502664 0.322709528602021 1
1 0 0 0 0.0948202174209458 0.371513138391014 0.53366664418804 2
1 0 0 0 0.16829014551613 0.246052557069318 0.585657297414553 2
0 0 1 2 0.000494276086318587 0.0895380400698126 0.909967683843869 2
0 1 0 1 0.496109483944721 0.389364440100561 0.114526075954718 0
1 0 0 0 0.000121366749312073 0.00197156869630628 0.997907064554382 2
0 0 1 2 0.405235731273372 0.234765123142406 0.359999145584222 0
0 0 1 2 0.0318197739528463 0.387817673307353 0.580362552739801 2
0 0 1 2 0.117844655725642 0.245612930792266 0.636542413482092 2
0 1 0 1 0.196583715936524 0.496115184885559 0.307301099177918 1
1 0 0 0 0.935983393102487 0.0530675149127874 0.010949091984726 0
0 0 1 2 1.28232770301096E-05 0.00722892464748067 0.992758252075489 2
1 0 0 0 0.0908382942467788 0.433426361671367 0.475735344081854 2
0 1 0 1 0.554654636989016 0.339655313928383 0.105690049082601 0
0 0 1 2 0.0613787841375455 0.451524581759194 0.487096634103261 2
0 1 0 1 0.705977596029527 0.242604260845993 0.0514181431244803 0
1 0 0 0 0.97704241542437 0.0187146995486148 0.00424288502701512 0
0 0 1 2 0.127609852358447 0.358431430102771 0.513958717538781 2
1 0 0 0 0.906992596285193 0.0751962857934891 0.0178111179213181 0
1 0 0 0 0.0245563611301535 0.275738995776294 0.699704643093553 2
0 1 0 1 0.0819858724124635 0.445089945779217 0.472924181808319 2
0 1 0 1 0.464599901107845 0.302924802164922 0.232475296727233 0
1 0 0 0 0.88863104707294 0.094279816045904 0.0170891368811557 0
1 0 0 0 0.858312791639664 0.116713516476774 0.0249736918835621 0
1 0 0 0 0.905418263789412 0.0786153699828847 0.0159663662277034 0
0 1 0 1 0.0489831879223941 0.446439807272728 0.504577004804878 2
1 0 0 0 0.946984947851802 0.0410653013599607 0.0119497507882372 0
0 0 1 2 4.43782641067485E-05 0.0340485494617962 0.965907072274097 2
1 0 0 0 0.993929353233702 0.00511498810730104 0.000955658658997031 0
0 0 1 2 0.00917834919126718 0.0854567996127828 0.90536485119595 2
0 0 1 2 0.354350337088137 0.419795853462239 0.225853809449624 1
1 0 0 0 0.91072697152851 0.0724375009239976 0.0168355275474928 0
1 0 0 0 0.351803368917367 0.306675459034312 0.341521172048321 0
0 0 1 2 0.152708124838122 0.509418510085912 0.337873365075966 1
0 1 0 1 0.39725948230427 0.43379455228928 0.16894596540645 1
0 0 1 2 0.00104997244572497 0.0952506346162555 0.903699392938019 2
1 0 0 0 0.656949416020794 0.241959383839136 0.10109120014007 0
1 0 0 0 0.637716951916091 0.160141148101522 0.202141899982387 0
0 0 1 2 0.631370653437949 0.249626140650027 0.119003205912024 0
0 0 1 2 5.72067653706256E-07 0.000528120444912578 0.999471307487434 2
0 0 1 2 0.259549337408705 0.395647442708449 0.344803219882846 1
0 0 1 2 0.000978525932153243 0.061129590404411 0.937891883663436 2
0 0 1 2 0.0139426930860613 0.124444028334234 0.861613278579705 2
0 1 0 1 0.0379939453295579 0.422044154463965 0.539961900206477 2
0 0 1 2 0.150547171679798 0.506713278197949 0.342739550122253 1
0 0 1 2 0.0329791714679264 0.200855336612372 0.766165491919702 2
0 0 1 2 0.118665510380406 0.513349997505379 0.367984492114215 1
0 1 0 1 0.658322918636058 0.246167480344486 0.0955096010194561 0
0 1 0 1 0.787613813614297 0.162483529779259 0.049902656606444 0
0 0 1 2 0.00984126939147799 0.261918115034743 0.728240615573779 2
0 1 0 1 0.538738164221882 0.31695884413244 0.144302991645678 0
0 0 1 2 0.0220444494276234 0.18323013915311 0.794725411419267 2
0 1 0 1 0.32228613201117 0.477556007037512 0.200157860951319 1
0 1 0 1 0.37617922404742 0.43001185346658 0.193808922485999 1
0 1 0 1 0.885259637368876 0.0872480970670633 0.0274922655640606 0
1 0 0 0 0.871045635181326 0.100434458780256 0.0285199060384182 0
0 0 1 2 1.40214550395836E-06 0.011341118189432 0.988657479665064 2
1 0 0 0 0.762095067079592 0.196821014963803 0.041083917956605 0
0 0 1 2 0.261913636041351 0.475943345546213 0.262143018412436 1
0 0 1 2 0.122504035097981 0.341645877436903 0.535850087465116 2
1 0 0 0 0.941772162329316 0.0517692119977737 0.00645862567291065 0
1 0 0 0 0.975770038693661 0.0199952554256501 0.00423470588068869 0
1 0 0 0 0.830791565885294 0.138863565398049 0.0303448687166562 0
0 1 0 1 0.845338696425846 0.120304739811937 0.0343565637622169 0
0 0 1 2 0.0204105992434464 0.184053997608625 0.795535403147929 2
1 0 0 0 0.899912216019355 0.0871686244624546 0.0129191595181902 0
1 0 0 0 0.956537350130911 0.0359617081171406 0.00750094175194871 0
0 1 0 1 0.0236176145682895 0.391638355351625 0.584744030080086 2
1 0 0 0 0.92064791195186 0.065634341230542 0.0137177468175985 0
0 1 0 1 0.0313499529913979 0.335073341212969 0.633576705795633 2
1 0 0 0 0.663579124636641 0.275501657991785 0.0609192173715736 0
0 0 1 2 0.0251405862236772 0.264096662980084 0.710762750796239 2
0 0 1 2 0.165900898190596 0.436691093647786 0.397408008161618 1
1 0 0 0 0.985329729006534 0.0116696788584103 0.00300059213505575 0
0 0 1 2 0.448073019650737 0.413015211480251 0.138911768869012 0
0 1 0 1 0.0255702827830624 0.41883058526506 0.555599131951877 2
0 0 1 2 0.234074362328763 0.46341239822579 0.302513239445448 1
0 1 0 1 0.58384338742737 0.296534890588741 0.119621721983889 0
1 0 0 0 0.715012967256138 0.20760157453168 0.0773854582121815 0
0 1 0 1 0.0867660800532006 0.515660596989024 0.397573322957776 1
0 0 1 2 0.117528446887012 0.342991033629612 0.539480519483376 2
1 0 0 0 0.84920327709282 0.114678655202601 0.036118067704579 0
0 0 1 2 0.00706688115970033 0.281856458183349 0.71107666065695 2
0 1 0 1 0.390407244444082 0.442365986670009 0.167226768885909 1
0 1 0 1 0.617856683018164 0.235624421332793 0.146518895649043 0
0 1 0 1 0.19847798697713 0.386210151501545 0.415311861521325 2
0 1 0 1 0.231298412299512 0.488839508772129 0.279862078928358 1
1 0 0 0 0.956395548900411 0.036038322540885 0.00756612855870421 0
0 1 0 1 0.0113756489103199 0.141947041465826 0.846677309623854 2
0 1 0 1 0.32633484174644 0.474746612435785 0.198918545817775 1
0 0 1 2 0.0502095214841107 0.446096743924683 0.503693734591206 2
0 1 0 1 0.00379629637401879 0.0750143869150998 0.921189316710881 2
0 1 0 1 0.115945687848084 0.45984916580599 0.424205146345926 1
0 1 0 1 0.492782527993399 0.390608943925048 0.116608528081553 0
1 0 0 0 0.631078053343215 0.261124042632572 0.107797904024213 0
0 1 0 1 0.792976361910917 0.171897988875521 0.0351256492135618 0
0 0 1 2 0.924487977431482 0.0583160980441995 0.0171959245243189 0
0 0 1 2 0.104992764431309 0.454416071195405 0.440591164373286 1
1 0 0 0 0.938366256709091 0.0498433253464732 0.0117904179444355 0
1 0 0 0 0.406644185632234 0.409177683722988 0.184178130644777 1
0 0 1 2 0.00133272926705715 0.192990180293978 0.805677090438965 2
1 0 0 0 0.860757080077739 0.117284256558142 0.0219586633641188 0
0 0 1 2 0.00669599503311949 0.29646020283053 0.69684380213635 2
1 0 0 0 0.838230407820514 0.115122502929722 0.0466470892497644 0
0 0 1 2 0.555095876011029 0.310034265333811 0.13486985865516 0
1 0 0 0 0.869100388464432 0.0996907270913599 0.0312088844442083 0
1 0 0 0 0.796275290295882 0.160575079392836 0.0431496303112814 0
0 1 0 1 0.253152929065938 0.47451699542263 0.272330075511432 1
0 1 0 1 0.24529683164947 0.511006823229974 0.243696345120555 1
0 1 0 1 0.531481521194675 0.359657740663524 0.108860738141801 0
1 0 0 0 0.528911300516031 0.298208560975157 0.172880138508812 0
0 1 0 1 0.0523265416111986 0.393663795449093 0.554009662939708 2
0 0 1 2 0.0781634924771183 0.188834962323879 0.733001545199003 2
1 0 0 0 0.956986160926909 0.0339028614081882 0.00911097766490302 0
0 0 1 2 0.770578829334722 0.17099106614569 0.0584301045195887 0
0 1 0 1 0.728476685794305 0.185070471357635 0.0864528428480599 0
0 1 0 1 0.776463837780899 0.166373904590477 0.0571622576286247 0
1 0 0 0 0.608881730655636 0.313709064621847 0.0774092047225173 0
1 0 0 0 0.488592895784492 0.303932559877251 0.207474544338257 0
0 0 1 2 0.00741295166890613 0.0857931753940532 0.906793872937041 2
1 0 0 0 0.787828164483689 0.175920627219221 0.0362512082970901 0
0 0 1 2 0.0970440492655503 0.248221809786678 0.654734140947772 2
0 0 1 2 0.0253923619953937 0.396075463315477 0.578532174689129 2
0 0 1 2 0.00748011698119013 0.106083122099623 0.886436760919186 2
0 1 0 1 0.102348513896308 0.356743437633966 0.540908048469726 2
1 0 0 0 0.768343083300807 0.181219987511932 0.0504369291872607 0
0 0 1 2 0.00291850256431327 0.0926782923243934 0.904403205111293 2
0 0 1 2 0.06352087679589 0.344647743091134 0.591831380112976 2
1 0 0 0 0.898361553722524 0.0810834696089321 0.020554976668544 0
1 0 0 0 0.832172467774823 0.115486322083895 0.0523412101412819 0
1 0 0 0 0.960754055452191 0.0338943537049056 0.00535159084290314 0
0 1 0 1 0.166947377996828 0.317065517957781 0.515987104045391 2
0 1 0 1 0.317581791997327 0.477347851245913 0.20507035675676 1
0 0 1 2 9.5751037162023E-08 0.000261642954764269 0.999738261294199 2
0 0 1 2 0.446694545296956 0.325082000388824 0.22822345431422 0
0 0 1 2 0.000666470490028837 0.0339580705424465 0.965375458967525 2
0 1 0 1 0.719800993439895 0.22591177120635 0.0542872353537541 0
0 1 0 1 0.26856007710335 0.50138547077417 0.230054452122479 1
0 1 0 1 0.219359870950903 0.468771059059858 0.311869069989238 1
0 1 0 1 0.251524592402642 0.499136483602371 0.249338923994987 1
0 1 0 1 0.261044128036948 0.417375713118329 0.321580158844722 1
1 0 0 0 0.528831845609554 0.366176054939698 0.104992099450748 0
0 0 1 2 0.534978551258956 0.253575839220737 0.211445609520307 0
1 0 0 0 0.0449944697127272 0.413324766946598 0.541680763340675 2
0 0 1 2 0.181499073920103 0.482713409936979 0.335787516142918 1
0 0 1 2 0.00153608091831435 0.11200336848456 0.886460550597125 2
1 0 0 0 0.724228161411976 0.173577693535646 0.102194145052378 0
1 0 0 0 0.29370042492228 0.469983463929014 0.236316111148706 1
1 0 0 0 0.928625211922481 0.058298438930945 0.0130763491465739 0
1 0 0 0 0.987328611907436 0.0099145960218399 0.00275679207072362 0
0 1 0 1 0.831993597590544 0.0993462828562243 0.0686601195532316 0
0 1 0 1 0.0252820721508879 0.319326856687573 0.655391071161539 2
0 0 1 2 0.0845438875446084 0.497085932865855 0.418370179589537 1
1 0 0 0 0.888733680965692 0.0727423960102416 0.0385239230240662 0
0 1 0 1 0.237108106596271 0.484823713854199 0.27806817954953 1
1 0 0 0 0.230823847814571 0.48410985257212 0.285066299613309 1
1 0 0 0 0.810964882069715 0.161556652859487 0.0274784650707976 0
0 0 1 2 0.315454731974128 0.416857240203553 0.267688027822319 1
0 0 1 2 0.104656897086897 0.381635644939962 0.513707457973141 2
0 0 1 2 0.000902604231624429 0.123612183236932 0.875485212531443 2
1 0 0 0 0.994810714688749 0.00431178403901577 0.000877501272235492 0
0 1 0 1 0.187295520428104 0.411291637892376 0.401412841679521 1
1 0 0 0 0.105223705010633 0.288882153554155 0.605894141435212 2
0 1 0 1 0.177374412528588 0.504330275150201 0.318295312321211 1
0 0 1 2 0.0342076292736158 0.41825564664046 0.547536724085924 2
0 0 1 2 0.00487967543813726 0.13041583187038 0.864704492691483 2
0 0 1 2 1.31077240050822E-06 0.00590379881497348 0.994094890412626 2
1 0 0 0 0.831486264655392 0.133390142486212 0.0351235928583954 0
1 0 0 0 0.549062702791147 0.314810464431694 0.136126832777159 0
0 1 0 1 0.654916199161806 0.2299752481905 0.115108552647694 0
0 0 1 2 0.00514760043963437 0.062310664226048 0.932541735334318 2
0 0 1 2 0.0415457547768369 0.210594886402728 0.747859358820435 2
0 1 0 1 0.116684751153854 0.509816999518221 0.373498249327925 1
1 0 0 0 0.388657293289124 0.416191802609454 0.195150904101422 1
0 0 1 2 0.02127143328863 0.34167611252477 0.6370524541866 2
0 0 1 2 2.17171530182891E-06 0.00346229354120096 0.996535534743497 2
0 0 1 2 0.00800574974433991 0.279432335292681 0.712561914962979 2
1 0 0 0 0.240888132459805 0.259163180443952 0.499948687096243 2
0 0 1 2 0.0112569363563731 0.0834154125088702 0.905327651134757 2
0 1 0 1 0.048753616369017 0.39694480190588 0.554301581725103 2
0 1 0 1 0.319678641044953 0.488401457387775 0.191919901567272 1
1 0 0 0 0.452842889039849 0.405690747215841 0.14146636374431 0
1 0 0 0 0.47508940783155 0.383482070929801 0.141428521238649 0
0 0 1 2 0.112550058422997 0.435597889221479 0.451852052355524 2
1 0 0 0 0.618221395262628 0.289784917991529 0.0919936867458424 0
0 0 1 2 0.208026298920649 0.456235992875762 0.33573770820359 1
0 1 0 1 0.282052647471964 0.455905972831658 0.262041379696378 1
1 0 0 0 0.883456204520508 0.0853919983223917 0.0311517971571008 0
1 0 0 0 0.953237484947468 0.0381328987134926 0.0086296163390395 0
1 0 0 0 0.835183903417771 0.127346565969753 0.0374695306124765 0
0 0 1 2 0.2977405061017 0.466809367379653 0.235450126518647 1
0 0 1 2 0.00403531647636601 0.264701439791884 0.73126324373175 2
0 1 0 1 0.407688548690725 0.289856586856657 0.302454864452618 0
0 1 0 1 0.370377028533768 0.455103197492424 0.174519773973808 1
0 1 0 1 0.254185263635419 0.48810389935228 0.257710837012301 1
0 0 1 2 0.000637044393539039 0.066048503019636 0.933314452586825 2
0 0 1 2 0.0019679282965373 0.0547596231508825 0.94327244855258 2
1 0 0 0 0.810865161672395 0.146634356878491 0.0425004814491141 0
0 1 0 1 0.618957251610372 0.316284292753644 0.0647584556359843 0
1 0 0 0 0.959230044821184 0.0291466407416967 0.0116233144371194 0
1 0 0 0 0.85393928403412 0.107631057627925 0.038429658337954 0
0 1 0 1 0.0308583781679734 0.374949284077614 0.594192337754413 2
0 1 0 1 0.0205558886170601 0.372396542239623 0.607047569143317 2
0 1 0 1 0.0354316222833412 0.447182350150888 0.517386027565771 2
0 1 0 1 0.118329641243372 0.495626639864175 0.386043718892453 1
0 0 1 2 0.123357464287414 0.328552396719731 0.548090138992855 2
0 1 0 1 0.558352900117189 0.327330282469127 0.114316817413683 0
1 0 0 0 0.993456464684806 0.00536638860698392 0.00117714670821009 0
0 0 1 2 0.0793137152760538 0.34044798595838 0.580238298765566 2
0 1 0 1 0.297009883497976 0.42068501154852 0.282305104953504 1
1 0 0 0 0.937932658599813 0.0499811969154822 0.0120861444847048 0
0 1 0 1 0.0723697213576122 0.494577760319104 0.433052518323284 1
1 0 0 0 0.74876653682045 0.178285712612111 0.0729477505674395 0
0 1 0 1 0.00199132078610178 0.181533020138509 0.816475659075389 2
1 0 0 0 0.911264915585542 0.0720312863762749 0.0167037980381833 0
1 0 0 0 0.917392202623771 0.0705930613526375 0.0120147360235916 0
0 0 1 2 0.358778232228432 0.341535572088137 0.299686195683431 0
0 1 0 1 0.00341867703720358 0.246436485700248 0.750144837262548 2
0 0 1 2 0.781533110164896 0.164148874347996 0.0543180154871084 0
0 0 1 2 0.0571679233364754 0.471145513688401 0.471686562975124 2
0 0 1 2 0.00322821648228661 0.241060237002295 0.755711546515418 2
0 1 0 1 0.0207711204041424 0.327854931791342 0.651373947804516 2
1 0 0 0 0.937859387186768 0.0532735205312718 0.00886709228196054 0
1 0 0 0 0.797484043483596 0.164372320768431 0.0381436357479734 0
0 1 0 1 0.115740199415853 0.497386308006898 0.38687349257725 1
1 0 0 0 0.950631004245214 0.0378061283094861 0.0115628674453 0
0 1 0 1 0.144655466680831 0.522649530980153 0.332695002339017 1
1 0 0 0 0.918313518620865 0.0699596648905847 0.0117268164885506 0
0 1 0 1 0.198649101447525 0.520535158380536 0.280815740171939 1
1 0 0 0 0.902638607327599 0.0843589859033897 0.0130024067690113 0
0 0 1 2 0.0760030824504826 0.413667680360263 0.510329237189255 2
1 0 0 0 0.923566072917235 0.068589459910279 0.00784446717248615 0
1 0 0 0 0.88651542317908 0.101782716962091 0.0117018598588289 0
0 0 1 2 0.00370646620692382 0.224265096824529 0.772028436968547 2
1 0 0 0 0.928266988329632 0.0586005793305549 0.0131324323398129 0
0 0 1 2 0.858124829830839 0.117593865111254 0.0242813050579072 0
1 0 0 0 0.259850849431721 0.45418252906851 0.285966621499769 1
1 0 0 0 0.883211585960948 0.0977078859468472 0.0190805280922045 0
1 0 0 0 0.216105752219037 0.521289898013603 0.262604349767361 1
0 1 0 1 0.0239256812099759 0.350002720904171 0.626071597885854 2
1 0 0 0 0.337216914160866 0.474967309584485 0.187815776254649 1
0 1 0 1 0.0586105966520584 0.293111290247337 0.648278113100604 2
1 0 0 0 0.99337380361924 0.0053487566429714 0.00127743973778906 0
0 1 0 1 0.870018295838593 0.0885100736916203 0.0414716304697861 0
1 0 0 0 0.888262126111916 0.097581919437582 0.0141559544505023 0
0 1 0 1 0.0528837909345207 0.454364453921399 0.492751755144081 2
0 0 1 2 0.000478287971817786 0.117087321896795 0.882434390131387 2
0 0 1 2 0.640274918948972 0.217386021105936 0.142339059945093 0
1 0 0 0 0.983340313121039 0.0133573805543698 0.00330230632459072 0
0 0 1 2 0.194397299281489 0.460017001637161 0.345585699081349 1
0 1 0 1 0.389623223331754 0.401303428446106 0.20907334822214 1
0 1 0 1 0.516593882468078 0.362129885940487 0.121276231591435 0
0 0 1 2 7.03636163727608E-05 0.0574746107859821 0.942455025597645 2
0 1 0 1 0.0424346293556231 0.454722675986818 0.502842694657559 2
0 1 0 1 0.816957722420656 0.152525803695155 0.0305164738841884 0
0 0 1 2 0.177690870971081 0.365946692612058 0.456362436416861 2
1 0 0 0 0.997425312131492 0.00207936164569261 0.000495326222815655 0
0 0 1 2 0.0277520316249428 0.250008078758277 0.722239889616781 2
0 0 1 2 0.000278043552278 0.0109760841988351 0.988745872248887 2
0 1 0 1 0.165907179514492 0.514626052429738 0.31946676805577 1
1 0 0 0 0.0736008109955566 0.492608419154309 0.433790769850134 1
0 0 1 2 0.0882054053957874 0.468207851212349 0.443586743391864 1
1 0 0 0 0.904350103783732 0.0750413269260728 0.0206085692901954 0
1 0 0 0 0.888863570866249 0.0936329577803291 0.0175034713534218 0
0 0 1 2 0.375207368568432 0.418479747384636 0.206312884046932 1
1 0 0 0 0.748986299581706 0.207252589608965 0.043761110809329 0
0 1 0 1 0.0107637869638033 0.265060382288901 0.724175830747295 2
0 1 0 1 0.392659270845519 0.4196816800235 0.187659049130982 1
1 0 0 0 0.754140764281503 0.196107616605667 0.04975161911283 0
0 1 0 1 0.832744422041779 0.143697235521917 0.0235583424363035 0
1 0 0 0 0.579856027785419 0.321198631967108 0.0989453402474725 0
0 1 0 1 0.161629172333534 0.5066177289177 0.331753098748766 1
0 0 1 2 0.00722912902492933 0.149210463512114 0.843560407462956 2
1 0 0 0 0.897950768066245 0.0792057741970389 0.0228434577367158 0
0 1 0 1 0.494561108498663 0.309391699007805 0.196047192493532 0
0 1 0 1 0.0136226643960982 0.324118227791335 0.662259107812566 2
0 0 1 2 0.331061295042066 0.408643529425492 0.260295175532442 1
0 1 0 1 0.554488728156106 0.288163136352509 0.157348135491385 0
0 0 1 2 0.00592309632257862 0.287616432710889 0.706460470966533 2
1 0 0 0 0.527952094369345 0.352558481156632 0.119489424474024 0
1 0 0 0 0.927508252250614 0.0633830058086108 0.00910874194077485 0
0 0 1 2 0.122644234508971 0.248903670476099 0.62845209501493 2
0 0 1 2 0.00124790321410588 0.119096826694598 0.879655270091296 2
1 0 0 0 0.872731774982775 0.0901818807209995 0.0370863442962251 0
1 0 0 0 0.895972186396064 0.0806363490552203 0.0233914645487156 0
0 1 0 1 0.0500604236525015 0.412585036694884 0.537354539652615 2
1 0 0 0 0.763677667045823 0.186033568430507 0.0502887645236698 0
1 0 0 0 0.695415858981975 0.244888868351373 0.059695272666652 0
1 0 0 0 0.881054312207941 0.098214943749584 0.0207307440424753 0
1 0 0 0 0.877511675181241 0.108588942042427 0.0138993827763325 0
0 1 0 1 0.00891257333122612 0.321919913232686 0.669167513436088 2
1 0 0 0 0.750950177659761 0.171121682868641 0.0779281394715977 0
1 0 0 0 0.832340596237302 0.144859410572807 0.0227999931898908 0
0 0 1 2 0.0738696728137106 0.473999837376317 0.452130489809973 1
1 0 0 0 0.689583678290853 0.251584155387154 0.0588321663219928 0
0 1 0 1 0.273725963257028 0.491998433989603 0.234275602753369 1
1 0 0 0 0.543849162644285 0.287162193699335 0.16898864365638 0
0 0 1 2 0.772783367119447 0.18991453460873 0.0373020982718225 0
0 0 1 2 0.00704516703931139 0.267752425592004 0.725202407368684 2
0 1 0 1 0.46411884691574 0.371468255756981 0.164412897327279 0
1 0 0 0 0.708930075705799 0.241160230970798 0.0499096933234033 0
0 1 0 1 0.0876658600911664 0.451949405384239 0.460384734524595 2
1 0 0 0 0.0762128920943234 0.291533051580078 0.632254056325598 2
0 1 0 1 0.742829524063677 0.20263494424127 0.0545355316950529 0
0 1 0 1 0.0379366923567594 0.27645380950424 0.685609498139001 2
0 0 1 2 0.388731945585117 0.379985903215883 0.231282151198999 0
0 1 0 1 0.865219141183705 0.11822026854029 0.0165605902760043 0
1 0 0 0 0.581693338679256 0.273197697180946 0.145108964139798 0
1 0 0 0 0.630311165787031 0.270053041934477 0.0996357922784928 0
0 0 1 2 0.117627401881714 0.426700072166377 0.455672525951909 2
0 0 1 2 0.257760771308329 0.260081482506879 0.482157746184793 2
1 0 0 0 0.397678590788527 0.43089386622018 0.171427542991293 1
1 0 0 0 0.994312091265507 0.00466367705723935 0.00102423167725376 0
0 0 1 2 0.707126992585804 0.201380216654776 0.0914927907594205 0
1 0 0 0 0.761938734145025 0.183866047969377 0.0541952178855976 0
1 0 0 0 0.936758841724077 0.0539947432357373 0.00924641504018528 0
1 0 0 0 0.747561176615882 0.201954562493109 0.0504842608910089 0
1 0 0 0 0.975640692439169 0.0196593689024118 0.00469993865841971 0
0 1 0 1 0.67570390723426 0.217179212687342 0.107116880078398 0
1 0 0 0 0.937627733603226 0.0522577168882806 0.0101145495084935 0
1 0 0 0 0.958734655208218 0.0333138212922299 0.00795152349955186 0
1 0 0 0 0.799779565232427 0.156487212666487 0.0437332221010861 0
1 0 0 0 0.772572866966616 0.191107995813302 0.0363191372200823 0
0 1 0 1 0.699623223570717 0.20341298637193 0.0969637900573528 0
1 0 0 0 0.502989179291385 0.266218550798017 0.230792269910598 0
1 0 0 0 0.933062566158777 0.0594607129377904 0.00747672090343242 0
0 1 0 1 0.739485508389724 0.219081424406338 0.0414330672039372 0
1 0 0 0 0.897317797168363 0.0890891441024801 0.0135930587291568 0
0 1 0 1 0.657380105207573 0.23712376492653 0.105496129865896 0
1 0 0 0 0.552656464723015 0.362318244475524 0.0850252908014614 0
1 0 0 0 0.879132928573429 0.10361517730037 0.0172518941262008 0
0 1 0 1 0.48550729901041 0.353299357119261 0.161193343870329 0
0 1 0 1 0.775283446112029 0.176636220855342 0.0480803330326292 0
0 0 1 2 0.025759166406995 0.409704368690293 0.564536464902712 2
1 0 0 0 0.989855963561132 0.0081976206943706 0.00194641574449717 0
1 0 0 0 0.380987458210811 0.407902331070675 0.211110210718514 1
1 0 0 0 0.936255792983787 0.0556379938687649 0.00810621314744782 0
0 0 1 2 0.211727039011354 0.314165338254175 0.474107622734471 2
0 1 0 1 0.29756874102296 0.366932660543981 0.335498598433059 1
0 0 1 2 0.00310915285901129 0.231575549365428 0.765315297775561 2
1 0 0 0 0.822259221515634 0.134245318832518 0.0434954596518473 0
1 0 0 0 0.838396009328392 0.117469450021504 0.0441345406501038 0
1 0 0 0 0.910532496582255 0.0639753445159382 0.0254921589018064 0
0 1 0 1 0.0114759346221008 0.276991170133969 0.71153289524393 2
1 0 0 0 0.220331515544094 0.49572289146626 0.283945592989646 1
0 1 0 1 0.0364524956291578 0.344332065680498 0.619215438690344 2
1 0 0 0 0.869894845254045 0.112354189873978 0.0177509648719772 0
0 0 1 2 0.00526661296792248 0.116405487094708 0.87832789993737 2
0 0 1 2 0.000353799098328413 0.137350321384502 0.862295879517169 2
0 1 0 1 0.0993705928907592 0.465699299124593 0.434930107984648 1
0 0 1 2 0.0685920566762923 0.336340747994026 0.595067195329682 2
1 0 0 0 0.564781053178557 0.302654569808855 0.132564377012589 0
0 0 1 2 0.0768110215873726 0.284051004891206 0.639137973521421 2
0 0 1 2 0.245137763542011 0.444645656480104 0.310216579977885 1
0 1 0 1 0.465014707177357 0.392305844177926 0.142679448644717 0
1 0 0 0 0.961319868383807 0.0309197285609761 0.00776040305521648 0
0 1 0 1 0.794726987441644 0.156624468656427 0.0486485439019285 0
1 0 0 0 0.953785263282479 0.0383950389063193 0.00781969781120118 0
0 1 0 1 0.137137178365854 0.39199973640427 0.470863085229877 2
0 1 0 1 0.0719583548328415 0.451915515238659 0.476126129928499 2
0 0 1 2 0.063490657769643 0.495864152606782 0.440645189623576 1
1 0 0 0 0.410492500957831 0.417432644898925 0.172074854143244 1
0 0 1 2 0.00168219516515791 0.21869903313629 0.779618771698552 2
0 1 0 1 0.143180758950453 0.496807537585057 0.36001170346449 1
0 0 1 2 0.00713180889586112 0.233218672884016 0.759649518220123 2
0 1 0 1 0.153787412915533 0.313369985304421 0.532842601780047 2
1 0 0 0 0.862490906760337 0.1021775281699 0.0353315650697629 0
0 0 1 2 0.000626424870594717 0.162505276322152 0.836868298807253 2
1 0 0 0 0.922321434153972 0.0654703898997512 0.0122081759462769 0
1 0 0 0 0.889177500527862 0.0938590807997653 0.0169634186723728 0
0 0 1 2 0.00160168292338319 0.0593642566666692 0.939034060409948 2
0 1 0 1 0.232935476983834 0.475909444927781 0.291155078088385 1
1 0 0 0 0.574416514463419 0.320842520097297 0.104740965439284 0
0 1 0 1 0.0138230863186176 0.235308956842085 0.750867956839297 2
0 1 0 1 0.17316990860331 0.482652345084748 0.344177746311943 1
1 0 0 0 0.542772404427922 0.34212654807373 0.115101047498348 0
1 0 0 0 0.389398177538174 0.436073609459753 0.174528213002073 1
0 1 0 1 0.328522902364015 0.432366230889129 0.239110866746857 1
0 0 1 2 0.0793338139548575 0.329757678009592 0.590908508035551 2
0 0 1 2 0.0288582773859479 0.349063886314998 0.622077836299054 2
0 1 0 1 0.512612226112346 0.337164296298689 0.150223477588965 0
0 1 0 1 0.0751054443571993 0.469987119292049 0.454907436350751 1
1 0 0 0 0.456856667371724 0.348230265126755 0.194913067501521 0
1 0 0 0 0.205093307599179 0.433744298692103 0.361162393708719 1
0 1 0 1 0.532023189208999 0.261917574875267 0.206059235915734 0
0 1 0 1 0.583745550786129 0.274116914328954 0.142137534884917 0
0 1 0 1 0.342633598944264 0.436154156765715 0.221212244290021 1
0 1 0 1 0.0282213424710756 0.360946274621895 0.61083238290703 2
1 0 0 0 0.474106119906187 0.408379660015092 0.117514220078721 0
0 1 0 1 0.18543280805583 0.42901856847679 0.38554862346738 1
0 1 0 1 0.00151012287283168 0.138789411656162 0.859700465471006 2
0 1 0 1 0.21131716204531 0.449638288112026 0.339044549842664 1
1 0 0 0 0.396382023057481 0.447555701294938 0.156062275647581 1
1 0 0 0 0.376790581955106 0.447601516949445 0.175607901095448 1
0 0 1 2 0.00244891094801307 0.204740368551988 0.792810720499999 2
0 1 0 1 0.447016316348691 0.415569744218747 0.137413939432562 0
1 0 0 0 0.919890453112268 0.0682045909746287 0.0119049559131031 0
0 1 0 1 0.207502443375246 0.396493445740398 0.396004110884356 1
1 0 0 0 0.907698472941479 0.0707010406618685 0.0216004863966524 0
0 0 1 2 0.00699300128845645 0.15261863478406 0.840388363927484 2
1 0 0 0 0.507513514619255 0.389750226826784 0.102736258553962 0
0 0 1 2 7.32076626071699E-05 0.0796708521430915 0.920255940194301 2
0 0 1 2 0.0126479562771667 0.177453435477601 0.809898608245233 2
0 1 0 1 0.14687948151818 0.496733754254984 0.356386764226836 1
0 1 0 1 0.516694817248509 0.330557924328508 0.152747258422983 0
0 1 0 1 0.107924062525356 0.50777040003937 0.384305537435273 1
1 0 0 0 0.923311985440605 0.0627333801005815 0.0139546344588138 0
0 1 0 1 0.38613362321944 0.436313503201638 0.177552873578921 1
1 0 0 0 0.0987508255195442 0.460678666402133 0.440570508078323 1
0 0 1 2 0.000461660214864727 0.138154980006081 0.861383359779054 2
0 1 0 1 0.493887626457272 0.391667840051556 0.114444533491172 0
0 0 1 2 0.000194466874911726 0.0443461934153504 0.955459339709738 2
0 0 1 2 0.297057106488846 0.469823532695489 0.233119360815665 1
0 1 0 1 0.952317094384906 0.0384948885178316 0.00918801709726233 0
0 0 1 2 0.00154291952207618 0.142666652836452 0.855790427641471 2
1 0 0 0 0.423273086396661 0.386561934320243 0.190164979283095 0
1 0 0 0 0.906492079424309 0.0837752357275433 0.00973268484814768 0
1 0 0 0 0.36838399350626 0.446787063196183 0.184828943297557 1
0 0 1 2 0.000538013596288222 0.0390562201537636 0.960405766249948 2
0 0 1 2 0.606786417519859 0.28484062975053 0.108372952729611 0
0 1 0 1 0.433242004754481 0.414791662453763 0.151966332791756 0
0 1 0 1 0.24747400261467 0.48325986025586 0.26926613712947 1
0 0 1 2 0.009624856994084 0.327389615898811 0.662985527107105 2
0 1 0 1 0.00457212648969412 0.25601628924624 0.739411584264066 2
1 0 0 0 0.785035200751227 0.180641107785345 0.0343236914634278 0
1 0 0 0 0.085315410311726 0.491088473329899 0.423596116358375 1
1 0 0 0 0.913297811951109 0.0683916132760099 0.0183105747728813 0
0 0 1 2 0.00495197599134395 0.286025621262754 0.709022402745901 2
0 1 0 1 0.22284185081242 0.320623565578062 0.456534583609518 2
0 0 1 2 0.169841344542744 0.504609086504397 0.325549568952859 1
0 0 1 2 0.228608066474775 0.526067373722686 0.245324559802539 1
0 1 0 1 0.150731548399328 0.448885445170901 0.40038300642977 1
0 1 0 1 0.0478298112641078 0.343249746958768 0.608920441777124 2
1 0 0 0 0.813259259829714 0.15006603290222 0.0366747072680659 0
1 0 0 0 0.854510443524716 0.120763696633254 0.0247258598420299 0
1 0 0 0 0.880310973434048 0.103300357887229 0.0163886686787229 0
0 1 0 1 0.309152371388253 0.456228266054246 0.234619362557501 1
0 1 0 1 0.202618747707093 0.269052994983151 0.528328257309756 2
0 0 1 2 0.304214167730186 0.362842856583925 0.332942975685889 1
0 1 0 1 0.0540711758264694 0.325505375467576 0.620423448705954 2
1 0 0 0 0.198815371591102 0.506318959086899 0.294865669321998 1
0 1 0 1 0.865214072389977 0.109816156668352 0.0249697709416713 0
1 0 0 0 0.942439161486935 0.043424894211428 0.0141359443016376 0
1 0 0 0 0.922324617049937 0.0681907437741308 0.00948463917593279 0
0 1 0 1 0.584687803396196 0.284930497789846 0.130381698813958 0
0 0 1 2 0.0372717636458797 0.349743962045136 0.612984274308984 2
0 0 1 2 0.00974947340963519 0.238394366980769 0.751856159609596 2
0 1 0 1 0.889118945221978 0.0918383303261908 0.0190427244518309 0
0 0 1 2 0.0085413332464515 0.214980631847681 0.776478034905868 2
0 0 1 2 0.00297797140455167 0.212387169741699 0.784634858853749 2
0 1 0 1 0.885789370717913 0.0954135204962349 0.0187971087858523 0
1 0 0 0 0.739554480523766 0.184212625615099 0.0762328938611352 0
0 0 1 2 0.156609770334754 0.530489153352214 0.312901076313032 1
1 0 0 0 0.925418255450049 0.055450790831326 0.0191309537186256 0
0 0 1 2 0.939890883485041 0.0471961612839226 0.0129129552310359 0
1 0 0 0 0.95222591119466 0.0409416261791816 0.0068324626261583 0
1 0 0 0 0.888647699222894 0.0866554473777896 0.0246968533993166 0
0 0 1 2 0.151936834790802 0.422447866417429 0.425615298791769 2
0 0 1 2 0.166056768777896 0.493529748212428 0.340413483009676 1
0 0 1 2 0.159910523992489 0.419277320180597 0.420812155826915 2
1 0 0 0 0.929754497876248 0.0542375935728868 0.016007908550865 0
1 0 0 0 0.835775122811506 0.137170477010438 0.0270544001780553 0
1 0 0 0 0.930005318905291 0.0558288555481291 0.0141658255465794 0
0 1 0 1 0.800855315472114 0.156498916742051 0.0426457677858353 0
0 1 0 1 0.483776758614442 0.381362341136227 0.134860900249331 0
0 0 1 2 0.0197420907681974 0.139099842060117 0.841158067171686 2
1 0 0 0 0.931264084073899 0.0519440520158295 0.0167918639102718 0
0 0 1 2 0.176246455099187 0.398867013485679 0.424886531415134 2
0 1 0 1 0.56405083761765 0.293653220341016 0.142295942041333 0
1 0 0 0 0.470406582050377 0.332126550582408 0.197466867367215 0
0 1 0 1 0.331526433910251 0.456699514512762 0.211774051576987 1
0 0 1 2 1.38583228766307E-07 0.000797045703012922 0.999202815713758 2
1 0 0 0 0.97224335585345 0.0231346307881328 0.00462201335841729 0
1 0 0 0 0.858308158360356 0.121656157850561 0.0200356837890825 0
0 1 0 1 0.452783596065585 0.3717340016587 0.175482402275715 0
0 1 0 1 0.372341845662847 0.407650609677744 0.22000754465941 1
0 1 0 1 0.105367977817884 0.401048251366642 0.493583770815474 2
1 0 0 0 0.660679814916495 0.280310651412654 0.0590095336708507 0
1 0 0 0 0.990276301979755 0.00934010315869753 0.000383594861546961 0
1 0 0 0 0.923516608370532 0.0689317814257867 0.0075516102036815 0
0 0 1 2 0.207104789406115 0.511843641077404 0.281051569516481 1
1 0 0 0 0.524890283728068 0.353136868780862 0.121972847491071 0
0 0 1 2 0.0060777204961866 0.103210973026223 0.89071130647759 2
0 1 0 1 0.217822913057063 0.518944983030077 0.26323210391286 1
0 1 0 1 0.553540399759163 0.267708982255455 0.178750617985382 0
1 0 0 0 0.921843530631219 0.062354813651644 0.0158016557171367 0
1 0 0 0 0.896976447560841 0.0865104780936264 0.0165130743455328 0
1 0 0 0 0.270960335794841 0.481018059896355 0.248021604308803 1
0 1 0 1 0.53500092200775 0.258755392595522 0.206243685396728 0
1 0 0 0 0.416944339691791 0.372887471285385 0.210168189022824 0
0 0 1 2 0.000896665573856976 0.0193047543524016 0.979798580073742 2
1 0 0 0 0.599589120828392 0.31560058480457 0.0848102943670372 0
0 1 0 1 0.628013194576639 0.305164317064612 0.0668224883587498 0
0 1 0 1 0.767260535305607 0.191526474260363 0.0412129904340297 0
0 0 1 2 0.0300126366957849 0.288431138630922 0.681556224673293 2
0 0 1 2 0.0177344733416334 0.208020454751591 0.774245071906775 2
0 0 1 2 0.0170054071025442 0.325672811080396 0.657321781817059 2
0 1 0 1 0.0612231706607115 0.299318359898378 0.63945846944091 2
0 0 1 2 0.0889332158822546 0.498178679830357 0.412888104287389 1
0 0 1 2 0.141799959884036 0.485695787074333 0.372504253041632 1
0 0 1 2 0.0858312629847006 0.477072728680244 0.437096008335055 1
1 0 0 0 0.979139585479145 0.0171116657505428 0.00374874877031182 0
0 1 0 1 0.0485648672392177 0.445640308819712 0.505794823941071 2
0 0 1 2 0.0341840521891493 0.230523461133156 0.735292486677695 2
0 1 0 1 0.919665958648642 0.0642362505930816 0.0160977907582768 0
0 0 1 2 0.1938914787559 0.368980407904118 0.437128113339982 2
0 0 1 2 1.7517664135758E-05 0.0231024370904511 0.976880045245413 2
0 1 0 1 0.000670750612016182 0.0595756053573005 0.939753644030683 2
0 0 1 2 0.104787032623026 0.383727374938782 0.511485592438192 2
1 0 0 0 0.930499631485257 0.0576857973557575 0.0118145711589858 0
0 1 0 1 0.482868506012576 0.368972845527291 0.148158648460133 0
0 1 0 1 0.00477640390275871 0.265436442580897 0.729787153516344 2
0 0 1 2 0.00222909750081792 0.0835901598570593 0.914180742642123 2
0 1 0 1 0.198805458701216 0.450302124421443 0.350892416877341 1
0 1 0 1 0.312554897803463 0.405679272520426 0.281765829676112 1
0 1 0 1 0.41859007258098 0.40315592400153 0.178254003417489 0
0 1 0 1 0.769181122714393 0.181618174229941 0.0492007030556654 0
1 0 0 0 0.843944978359365 0.12215514573839 0.0338998759022447 0
0 1 0 1 0.0468825501131472 0.337008682717241 0.616108767169612 2
1 0 0 0 0.902094767688095 0.0802449023390291 0.0176603299728763 0
1 0 0 0 0.904643984747892 0.0835258400036037 0.0118301752485037 0
0 1 0 1 0.0247747634320269 0.405315732839146 0.569909503728827 2
0 0 1 2 0.00392708172113219 0.11867301273997 0.877399905538898 2
0 0 1 2 0.0632114599094942 0.384733465905987 0.552055074184518 2
1 0 0 0 0.87308942488621 0.0833182527558452 0.0435923223579452 0
0 1 0 1 0.454160935034099 0.382272387128833 0.163566677837068 0
0 0 1 2 0.00525073083459107 0.216053752287003 0.778695516878406 2
0 1 0 1 0.0227767599202758 0.351402982561347 0.625820257518377 2
0 1 0 1 0.162725287881604 0.477894375154819 0.359380336963576 1
0 0 1 2 0.0113501500092491 0.321438590229849 0.667211259760902 2
1 0 0 0 0.61372664844795 0.300054549125925 0.0862188024261246 0
0 1 0 1 0.197314808321195 0.507600385276202 0.295084806402603 1
0 1 0 1 0.134506879225482 0.528868538555048 0.33662458221947 1
1 0 0 0 0.95677902279362 0.0348244703232685 0.00839650688311145 0
0 0 1 2 0.00569140915764894 0.276339954435281 0.71796863640707 2
0 0 1 2 0.72478258217442 0.194668323833537 0.0805490939920431 0
0 1 0 1 0.475889058280202 0.410483114704236 0.113627827015562 0
0 0 1 2 0.000166613565036032 0.0613662812545631 0.938467105180401 2
1 0 0 0 0.812006252444703 0.156183280207239 0.0318104673480573 0
1 0 0 0 0.844892855752173 0.129682752621608 0.0254243916262184 0
0 1 0 1 0.0171300626876458 0.363603189120198 0.619266748192156 2
0 1 0 1 0.0877614249889795 0.462601327785194 0.449637247225827 1
0 1 0 1 0.53902764741895 0.312355607370652 0.148616745210398 0
0 0 1 2 0.38184599266403 0.421358936920503 0.196795070415467 1
1 0 0 0 0.98895235885083 0.00914628836341648 0.00190135278575335 0
0 1 0 1 0.448235620114089 0.337597801897426 0.214166577988484 0
0 1 0 1 0.00896124062565053 0.223609517115155 0.767429242259195 2
1 0 0 0 0.921877630244036 0.0632921249553554 0.0148302448006091 0
1 0 0 0 0.869031104884112 0.102486015139002 0.0284828799768866 0
0 1 0 1 0.495141870936315 0.336650446796035 0.168207682267649 0
0 0 1 2 0.0297002734701101 0.426635034127096 0.543664692402794 2
0 1 0 1 0.0162748092947864 0.384653551767863 0.59907163893735 2
0 0 1 2 0.129080248280353 0.490706717348791 0.380213034370856 1
1 0 0 0 0.878823602659408 0.0932698207486515 0.0279065765919406 0
0 0 1 2 0.019866288241947 0.0888700069253715 0.891263704832681 2
1 0 0 0 0.181863946392685 0.511364084761954 0.306771968845361 1
0 1 0 1 0.00873871460473404 0.334867842115462 0.656393443279804 2
0 0 1 2 0.0315019540515009 0.363088679531907 0.605409366416592 2
0 0 1 2 0.690261314755595 0.239629710016028 0.0701089752283774 0
0 0 1 2 0.00202981466163994 0.192129208300784 0.805840977037576 2
0 1 0 1 0.0372734327654072 0.345904882896075 0.616821684338518 2
0 1 0 1 0.829310848394742 0.140402164088902 0.0302869875163564 0
1 0 0 0 0.920581460226159 0.0596899630610389 0.0197285767128016 0
0 1 0 1 0.107886278819636 0.485797319305574 0.406316401874789 1
0 1 0 1 0.172470362104432 0.452462413723942 0.375067224171626 1
0 1 0 1 0.916285806941459 0.0702306141462481 0.013483578912293 0
0 0 1 2 0.185049560743747 0.507499572467314 0.307450866788939 1
0 0 1 2 0.307641572549703 0.251890367141585 0.440468060308713 2
0 1 0 1 0.556255258707108 0.333210104071896 0.110534637220995 0
1 0 0 0 0.0473647965035628 0.371789486532607 0.58084571696383 2
0 1 0 1 0.116936576472171 0.370320884502594 0.512742539025235 2
0 1 0 1 0.0372422031170789 0.36150158165277 0.601256215230151 2
0 1 0 1 0.0142964878693105 0.307797132886962 0.677906379243727 2
0 1 0 1 0.0538842222618352 0.37778788599899 0.568327891739175 2
1 0 0 0 0.603308888760058 0.235180488194171 0.161510623045772 0
0 1 0 1 0.211110863218402 0.401843412772286 0.387045724009312 1
0 0 1 2 0.0738256514350052 0.479083751020986 0.447090597544009 1
0 1 0 1 0.314405225514808 0.486383161689006 0.199211612796185 1
1 0 0 0 0.424858602936954 0.374359779731007 0.20078161733204 0
0 0 1 2 0.0277102746199077 0.405530778448528 0.566758946931564 2
0 0 1 2 0.0779254760740278 0.46691561756106 0.455158906364913 1
1 0 0 0 0.395945538398782 0.431989999774081 0.172064461827137 1
1 0 0 0 0.918844990656467 0.0709118063951596 0.0102432029483737 0
1 0 0 0 0.921824936819802 0.0628905147296931 0.0152845484505051 0
0 0 1 2 0.281864586736913 0.465582264623769 0.252553148639318 1
0 1 0 1 0.127375365784523 0.503228733805421 0.369395900410056 1
1 0 0 0 0.836706068417561 0.132325731621415 0.0309681999610243 0
0 0 1 2 0.0892682292639251 0.43160006264803 0.479131708088045 2
0 0 1 2 0.0504126589570232 0.444142654959301 0.505444686083676 2
0 0 1 2 0.415245872263902 0.2842583021223 0.300495825613798 0
1 0 0 0 0.913588081317055 0.0696710203162344 0.0167408983667106 0
0 0 1 2 0.00232949154756811 0.219136523232833 0.778533985219598 2
0 1 0 1 0.420970758888163 0.432651815945893 0.146377425165944 1
0 1 0 1 0.447573899402709 0.368316561258254 0.184109539339037 0
1 0 0 0 0.286019748485852 0.416108012843912 0.297872238670236 1
0 0 1 2 0.0113965912009238 0.110793215384154 0.877810193414922 2
1 0 0 0 0.935516918400327 0.0520759411562544 0.0124071404434185 0
1 0 0 0 0.014911748396758 0.264042295811387 0.721045955791855 2
1 0 0 0 0.909577272873061 0.0724598145706988 0.0179629125562404 0
0 0 1 2 0.0872991648723316 0.352705573968786 0.559995261158883 2
0 1 0 1 0.103471806809818 0.457904173007642 0.43862402018254 1
0 1 0 1 0.385012544193636 0.461009802356141 0.153977653450223 1
1 0 0 0 0.892124915639838 0.0917320234510581 0.0161430609091038 0
0 1 0 1 0.0132974733588261 0.352663726872275 0.634038799768899 2
0 0 1 2 0.299724644854084 0.280594109249327 0.419681245896589 2
1 0 0 0 0.985010700786318 0.0122201732701089 0.00276912594357309 0
0 1 0 1 0.17144135258928 0.487467196073633 0.341091451337087 1
0 1 0 1 0.266715761543438 0.449376207006483 0.283908031450079 1
0 0 1 2 0.000427583876951867 0.0413779042406362 0.958194511882412 2
0 1 0 1 0.116015118362557 0.482965062344356 0.401019819293087 1
1 0 0 0 0.876693403582261 0.109167457610691 0.0141391388070482 0
1 0 0 0 0.222612676834502 0.456720097758523 0.320667225406975 1
0 0 1 2 0.22016456052559 0.528182095412442 0.251653344061969 1
0 0 1 2 0.0410868705058496 0.403521228834843 0.555391900659308 2
0 1 0 1 0.579198353707003 0.220496330605326 0.200305315687671 0
0 0 1 2 0.125333389642182 0.456331596053928 0.41833501430389 1
0 1 0 1 0.202826136152607 0.466143000921668 0.331030862925725 1
1 0 0 0 0.924183191317996 0.0628051926930205 0.0130116159889833 0
0 1 0 1 0.0626435010255351 0.401449606340784 0.535906892633681 2
0 1 0 1 0.0222195581199073 0.386848364750987 0.590932077129106 2
0 1 0 1 0.0701691891018551 0.231681182580134 0.698149628318011 2
1 0 0 0 0.502371342025786 0.370405070106676 0.127223587867538 0
0 1 0 1 0.116542920301811 0.437796310829397 0.445660768868792 2
1 0 0 0 0.675433732789592 0.236962188772049 0.0876040784383589 0
0 0 1 2 0.0915810112444505 0.460590771027844 0.447828217727705 1
0 1 0 1 0.484072119801039 0.392199806249426 0.123728073949535 0
0 0 1 2 0.0017735540649423 0.122647617973997 0.875578827961061 2
0 1 0 1 0.132511803413353 0.445512844223762 0.421975352362886 1
0 0 1 2 0.0181783126845118 0.110414406437068 0.87140728087842 2
0 0 1 2 0.310124237193801 0.397018353400935 0.292857409405264 1
0 0 1 2 0.056426034135499 0.39905665022334 0.54451731564116 2
0 1 0 1 0.29817731640963 0.392507498721808 0.309315184868562 1
1 0 0 0 0.163899985346804 0.423009172260678 0.413090842392519 1
0 0 1 2 0.00490870327945606 0.275613958961802 0.719477337758742 2
0 1 0 1 0.0904716818445841 0.453414107138885 0.456114211016531 2
1 0 0 0 0.903127001238973 0.0802402523147529 0.0166327464462743 0
1 0 0 0 0.786641136370361 0.15723041996543 0.0561284436642095 0
0 1 0 1 0.845683637712565 0.123547536743444 0.030768825543991 0
0 1 0 1 0.192666252898091 0.486254029114067 0.321079717987842 1
0 0 1 2 0.0457568139392112 0.464049086469929 0.49019409959086 2
0 0 1 2 0.000474891365196026 0.101108155870757 0.898416952764047 2
0 1 0 1 0.56176581419891 0.329536874556531 0.108697311244559 0
0 0 1 2 0.0581558213698572 0.367958883711764 0.573885294918379 2
0 0 1 2 0.000754537584410627 0.0177012892975084 0.981544173118081 2
1 0 0 0 0.842236646269257 0.128992270411904 0.0287710833188391 0
0 1 0 1 0.0323586648776724 0.148817163661794 0.818824171460534 2
0 1 0 1 0.390364894517342 0.357866417020784 0.251768688461874 0
1 0 0 0 0.594421615331062 0.289726136661646 0.115852248007292 0
1 0 0 0 0.948603641862815 0.0404756383405385 0.0109207197966461 0
0 1 0 1 0.281914989301389 0.48286950151835 0.235215509180261 1
0 1 0 1 0.419148814846194 0.410169244062192 0.170681941091614 0
0 0 1 2 0.0242420542146741 0.274644688698981 0.701113257086345 2
0 0 1 2 0.000383702993767989 0.0228019541719838 0.976814342834248 2
0 1 0 1 0.326622222839454 0.459386535183755 0.213991241976792 1
1 0 0 0 0.847393733699852 0.104784069196872 0.0478221971032755 0
1 0 0 0 0.843237202872716 0.126248072900599 0.0305147242266853 0
1 0 0 0 0.887129913426241 0.0847950248680611 0.028075061705698 0
0 1 0 1 0.0902688693991368 0.48986199473308 0.419869135867783 1
0 0 1 2 0.0437213154218698 0.46408967453517 0.492189010042961 2
1 0 0 0 0.970461654372754 0.023490604537975 0.00604774108927135 0
0 0 1 2 0.0119743239505134 0.326362434779651 0.661663241269835 2
0 1 0 1 0.450528461013425 0.289208631963894 0.260262907022681 0
0 1 0 1 0.171844944704852 0.476835024108149 0.351320031186998 1
0 0 1 2 0.0294597167949903 0.393793786940047 0.576746496264963 2
1 0 0 0 0.915822720860959 0.0661941060974313 0.0179831730416094 0
0 0 1 2 0.237910189816706 0.403686001546718 0.358403808636576 1
0 1 0 1 0.0647437727700666 0.426721962647348 0.508534264582586 2
0 0 1 2 0.0136412394098138 0.323541230665141 0.662817529925045 2
1 0 0 0 0.9952616646236 0.00389547002571518 0.000842865350684576 0
1 0 0 0 0.830551263268287 0.13541408434613 0.034034652385583 0
0 0 1 2 0.0962188200733088 0.426883030111945 0.476898149814746 2
0 1 0 1 0.322122544222193 0.414160249725195 0.263717206052612 1
0 1 0 1 0.195521183262839 0.349349274445758 0.455129542291403 2
0 1 0 1 0.566295373699772 0.262583522550514 0.171121103749714 0
1 0 0 0 0.94390466137945 0.0468835762848797 0.00921176233567035 0
1 0 0 0 0.949518741506551 0.0417115304509766 0.00876972804247255 0
0 1 0 1 0.63443481397659 0.293380344323297 0.0721848417001134 0
1 0 0 0 0.262384884369066 0.478283503863351 0.259331611767582 1
0 0 1 2 0.146394240438544 0.426558610949771 0.427047148611685 2
0 1 0 1 0.197718318615527 0.509318135437241 0.292963545947232 1
0 0 1 2 0.138975618178134 0.460709179520259 0.400315202301607 1
0 0 1 2 0.0736615768657154 0.435343854156011 0.490994568978273 2
1 0 0 0 0.989635200415317 0.00859222039359003 0.00177257919109282 0
0 0 1 2 0.360272090874256 0.419583314425348 0.220144594700396 1
0 1 0 1 0.314587786711053 0.408954484687398 0.276457728601548 1
1 0 0 0 0.951832443174694 0.0386624492698588 0.00950510755544768 0
1 0 0 0 0.19562412007099 0.482775641596759 0.321600238332251 1
1 0 0 0 0.751884562656575 0.202281359406335 0.0458340779370894 0
0 0 1 2 0.0324152985870496 0.353187038841801 0.61439766257115 2
0 0 1 2 0.0424668037237529 0.253580153392528 0.703953042883719 2
1 0 0 0 0.24290785252496 0.517236026744054 0.239856120730986 1
0 1 0 1 0.0915499132600037 0.385014294255819 0.523435792484177 2
1 0 0 0 0.803177421505141 0.148994863786352 0.0478277147085074 0
0 0 1 2 0.056600862678613 0.307399008277197 0.63600012904419 2
0 0 1 2 0.0351823179367529 0.19797541362125 0.766842268441997 2
0 0 1 2 0.0132740039883244 0.109824524440513 0.876901471571162 2
0 1 0 1 0.829448124972365 0.145495897182525 0.0250559778451105 0
0 1 0 1 0.543445310661279 0.357962911965881 0.0985917773728398 0
1 0 0 0 0.93259222925655 0.0456399826785715 0.0217677880648785 0
0 1 0 1 0.0584582268819506 0.379761970042059 0.56177980307599 2
1 0 0 0 0.641372992303498 0.244417847379003 0.114209160317499 0
1 0 0 0 0.288038805774268 0.418550713605825 0.293410480619907 1
0 0 1 2 0.468353919306893 0.395344548528432 0.136301532164675 0
0 0 1 2 0.0036298637884486 0.122346726316215 0.874023409895336 2
0 0 1 2 0.115230156292656 0.356953570988958 0.527816272718386 2
1 0 0 0 0.931389682219367 0.0572799703949464 0.0113303473856864 0
0 0 1 2 0.727247297528187 0.19463304181752 0.0781196606542931 0
0 0 1 2 0.0598429146948738 0.412749172876763 0.527407912428364 2
0 0 1 2 0.181201825378257 0.354913892663386 0.463884281958357 2
1 0 0 0 0.616924056051631 0.303123472362964 0.0799524715854043 0
0 0 1 2 0.127275438428903 0.501696624203666 0.371027937367431 1
0 1 0 1 0.866718450766863 0.10399920388469 0.0292823453484461 0
0 1 0 1 0.465880516249568 0.343325319093673 0.190794164656759 0
0 0 1 2 0.0528867446381085 0.43223467601728 0.514878579344612 2
1 0 0 0 0.00811786246011906 0.306984439430892 0.684897698108989 2
1 0 0 0 0.369357403711513 0.439567137105701 0.191075459182786 1
1 0 0 0 0.581284230428507 0.306630710664713 0.11208505890678 0
0 0 1 2 0.00441036490895799 0.0706022483577557 0.924987386733286 2
0 0 1 2 0.0171416918119973 0.351561682956741 0.631296625231261 2
0 0 1 2 0.0337478645275513 0.368623255375251 0.597628880097198 2
0 1 0 1 0.124496678313804 0.478821282160754 0.396682039525443 1
1 0 0 0 0.922028783623373 0.066661932107129 0.0113092842694983 0
0 1 0 1 0.243163158034829 0.43234971792641 0.324487124038761 1
0 1 0 1 0.000587433760209845 0.0540493315065002 0.94536323473329 2
0 1 0 1 0.849463196125698 0.133159950711186 0.0173768531631163 0
0 0 1 2 0.0345759344087246 0.345977350087508 0.619446715503767 2
1 0 0 0 0.343736239514857 0.273089823877437 0.383173936607706 2
0 1 0 1 0.423231154855549 0.41399412771887 0.162774717425581 0
1 0 0 0 0.717888748750795 0.221583370220394 0.0605278810288116 0
1 0 0 0 0.354044473778516 0.430077968828164 0.21587755739332 1
0 0 1 2 0.0334098199876361 0.143995725791752 0.822594454220612 2
1 0 0 0 0.857253510955294 0.113314754257273 0.0294317347874333 0
0 0 1 2 0.0245396597241339 0.313288713804333 0.662171626471533 2
0 0 1 2 0.0476181315388816 0.39404637324806 0.558335495213058 2
0 1 0 1 0.345781477966333 0.426633565191144 0.227584956842523 1
1 0 0 0 0.875248805985027 0.0970766079169589 0.0276745860980141 0
1 0 0 0 0.866306819189949 0.113571509208162 0.0201216716018898 0
0 0 1 2 0.0796012563660897 0.434987606638698 0.485411136995213 2
0 1 0 1 0.54330769985677 0.361652131296966 0.0950401688462644 0
0 0 1 2 0.0379162721975661 0.191824821821405 0.770258905981029 2
0 1 0 1 0.301653541038981 0.495379988997838 0.202966469963181 1
1 0 0 0 0.771560904162912 0.154533577859677 0.0739055179774113 0
0 0 1 2 0.272414469501203 0.351114157047105 0.376471373451692 2
0 1 0 1 0.0851883489197986 0.463700201078664 0.451111450001537 1
0 0 1 2 0.00071777140092994 0.118741075533853 0.880541153065217 2
0 0 1 2 0.578073098167241 0.299733302356259 0.1221935994765 0
1 0 0 0 0.997541647378881 0.0019249185576731 0.000533434063446352 0
0 0 1 2 0.197115468520776 0.512823374297165 0.290061157182058 1
0 0 1 2 4.50097371452487E-05 0.0675453825680651 0.93240960769479 2
1 0 0 0 0.364443893515741 0.420182372506784 0.215373733977475 1
0 1 0 1 0.701950413296097 0.201113725236495 0.0969358614674081 0
0 1 0 1 0.637413712444811 0.298166367010785 0.0644199205444038 0
0 0 1 2 0.0705556757449327 0.470994441788221 0.458449882466847 1
1 0 0 0 0.977308389038725 0.0177634883521291 0.00492812260914567 0
1 0 0 0 0.882167922270741 0.102691922968893 0.0151401547603659 0
1 0 0 0 0.0170865520265131 0.364670939249555 0.618242508723932 2
1 0 0 0 0.593125244582255 0.320707421160561 0.0861673342571843 0
0 1 0 1 0.266472716007359 0.463569802982625 0.269957481010016 1
0 0 1 2 1.18505852433071E-06 0.00448630505335754 0.995512509888118 2
0 0 1 2 0.0202474296102799 0.20551316537751 0.77423940501221 2
0 0 1 2 0.9048487166205 0.0747720881526424 0.0203791952268575 0
0 1 0 1 0.342209646145502 0.469611614374383 0.188178739480114 1
1 0 0 0 0.959133820344689 0.0338289232362516 0.00703725641905909 0
1 0 0 0 0.935626847546792 0.0530879664771799 0.0112851859760281 0
1 0 0 0 0.992421397640354 0.0062246188771487 0.00135398348249722 0
0 1 0 1 0.692363974118738 0.218547036914836 0.0890889889664262 0
0 0 1 2 0.0194416461489009 0.140259052469521 0.840299301381578 2
1 0 0 0 0.45029275694356 0.415532745515906 0.134174497540534 0
0 0 1 2 0.0209794219508971 0.207818254941554 0.771202323107549 2
0 0 1 2 0.26324124700744 0.479438145198358 0.257320607794202 1
0 1 0 1 0.0175620989039818 0.33001364671429 0.652424254381728 2
0 1 0 1 0.477779915631896 0.377312941928593 0.144907142439511 0
0 1 0 1 0.115300669566091 0.498267078326887 0.386432252107021 1
0 0 1 2 0.0597583993172653 0.407681795446824 0.53255980523591 2
1 0 0 0 0.362706489476548 0.366788553197476 0.270504957325976 1
1 0 0 0 0.934065763728984 0.0530097834955213 0.012924452775495 0
0 0 1 2 1.8312687951182E-06 0.000712905311345984 0.999285263419859 2
0 1 0 1 0.175763815430207 0.521439484498735 0.302796700071057 1
1 0 0 0 0.92683453094382 0.0605276845708951 0.0126377844852849 0
0 0 1 2 0.0369031358389671 0.154816041579368 0.808280822581665 2
0 1 0 1 0.872648796279625 0.109748005659597 0.0176031980607778 0
0 1 0 1 0.432336713135752 0.294903164676772 0.272760122187476 0
0 0 1 2 0.210878920813316 0.281087796943507 0.508033282243177 2
0 0 1 2 0.0124337191134778 0.222751833592077 0.764814447294445 2
0 0 1 2 0.0186629293035645 0.311548609606633 0.669788461089803 2
1 0 0 0 0.188727573050818 0.431516299869042 0.37975612708014 1
0 1 0 1 0.0227113442336115 0.334018264527179 0.643270391239209 2
0 0 1 2 0.297907843768618 0.472513643001519 0.229578513229863 1
0 0 1 2 1.29629578309321E-07 0.000620481532511927 0.99937938883791 2
1 0 0 0 0.9137020707941 0.071796002611137 0.0145019265947627 0
0 0 1 2 6.71109175708699E-07 0.00158880750375981 0.998410521387064 2
1 0 0 0 0.932170689325351 0.0530409950829754 0.0147883155916733 0
0 0 1 2 1.50581884408646E-05 0.036999158886217 0.962985782925342 2
0 1 0 1 0.085222966028571 0.247967451483948 0.666809582487481 2
0 0 1 2 0.0453764076237793 0.41186925718188 0.54275433519434 2
1 0 0 0 0.917085698072034 0.0673722698671922 0.0155420320607739 0
0 1 0 1 0.0114846338628941 0.295249353468012 0.693266012669094 2
1 0 0 0 0.27539909561247 0.498432850082638 0.226168054304893 1
0 1 0 1 0.0610715162355939 0.475442230136339 0.463486253628067 1
1 0 0 0 0.396677081914155 0.4291316898469 0.174191228238945 1
1 0 0 0 0.874867127878092 0.106194343608738 0.0189385285131697 0
0 0 1 2 0.290599192402089 0.397264536956774 0.312136270641137 1
1 0 0 0 0.954289649977656 0.0389957936126379 0.00671455640970564 0
0 0 1 2 0.474915654702302 0.412711982599834 0.112372362697864 0
0 1 0 1 0.0717491679977492 0.423441409757306 0.504809422244945 2
1 0 0 0 0.775348615016642 0.189114135967506 0.0355372490158525 0
0 0 1 2 0.71169698535371 0.229294673079659 0.0590083415666312 0
0 0 1 2 0.0218354704575971 0.167447028441687 0.810717501100716 2
1 0 0 0 0.996772487693356 0.00268017617648815 0.00054733613015601 0
0 1 0 1 0.0378162170109902 0.43216446549049 0.53001931749852 2
0 1 0 1 0.508534420895065 0.305033970672167 0.186431608432768 0
1 0 0 0 0.924617683578975 0.0665418507519571 0.00884046566906762 0
0 1 0 1 0.176387324838818 0.409208243260332 0.41440443190085 2
0 0 1 2 0.0201367564241611 0.224851369359707 0.755011874216132 2
0 0 1 2 0.637393677078291 0.212735179681612 0.149871143240097 0
0 0 1 2 0.0354711131125616 0.238660650924509 0.72586823596293 2
1 0 0 0 0.315080879162047 0.442431573425468 0.242487547412485 1
0 0 1 2 0.258073003663967 0.499947288683542 0.241979707652491 1
0 0 1 2 0.256318602589488 0.367567712362561 0.376113685047951 2
0 1 0 1 0.159934699048812 0.502336815433696 0.337728485517492 1
0 0 1 2 0.00269851783162253 0.201609779684688 0.795691702483689 2
1 0 0 0 0.875009006106474 0.109879931949671 0.0151110619438552 0
0 0 1 2 0.00286340142687807 0.102775697840221 0.894360900732901 2
0 1 0 1 0.00388361307620672 0.14804272912456 0.848073657799233 2
0 0 1 2 6.54788507206618E-10 5.27089957860435E-05 0.999947290349426 2
1 0 0 0 0.572775912729675 0.327474630647138 0.0997494566231872 0
0 0 1 2 0.47117522810601 0.396171050201064 0.132653721692926 0
1 0 0 0 0.987846996519461 0.0100009046428397 0.00215209883769961 0
1 0 0 0 0.871627540100335 0.112688676035991 0.0156837838636745 0
0 0 1 2 0.00165073941078742 0.183839455823888 0.814509804765325 2
0 0 1 2 0.151391837940493 0.520466436635493 0.328141725424013 1
0 0 1 2 0.184018351895436 0.482047492708937 0.333934155395627 1
0 0 1 2 0.0071638375383785 0.299830842961722 0.6930053194999 2
1 0 0 0 0.839376199112738 0.115940215130571 0.0446835857566904 0
0 1 0 1 0.036370106302908 0.40281659566816 0.560813298028932 2
1 0 0 0 0.759913472481937 0.184686707413473 0.0553998201045892 0
0 1 0 1 0.0919152994961521 0.356982255587508 0.55110244491634 2
1 0 0 0 0.976306811682906 0.0191775116934655 0.00451567662362855 0
0 1 0 1 0.606305590813795 0.293730685572023 0.0999637236141813 0
0 0 1 2 0.386852113440911 0.372879078116091 0.240268808442998 0
0 1 0 1 0.0174500974063582 0.351650401008654 0.630899501584988 2
0 1 0 1 0.000533297338317632 0.139484108129029 0.859982594532654 2
1 0 0 0 0.684301291550297 0.250024439002142 0.0656742694475609 0
0 1 0 1 0.291430676831985 0.448337544180512 0.260231778987503 1
0 1 0 1 0.536771947536848 0.336036592014283 0.127191460448868 0
0 1 0 1 0.0422187044785505 0.427809345489161 0.529971950032289 2
1 0 0 0 0.979837695158033 0.0162185023125914 0.00394380252937539 0
0 1 0 1 0.0127811188295253 0.315340641026743 0.671878240143732 2
1 0 0 0 0.881638725873548 0.100512268103527 0.0178490060229255 0
0 1 0 1 0.0223723665955574 0.378734074901784 0.598893558502659 2
0 0 1 2 0.179147211957516 0.496918907143854 0.323933880898629 1
1 0 0 0 0.926524614924092 0.0615056284665542 0.0119697566093536 0
0 1 0 1 0.225688491081498 0.445749995380653 0.328561513537848 1
0 1 0 1 0.42329924075401 0.319033897966634 0.257666861279356 0
0 0 1 2 0.0400608309152104 0.345062034203822 0.614877134880968 2
0 0 1 2 0.379051281876335 0.379058830221596 0.241889887902069 1
1 0 0 0 0.396551523081007 0.321964231264048 0.281484245654944 0
0 1 0 1 0.852437220069828 0.127415706827537 0.0201470731026346 0
0 1 0 1 0.824638963756554 0.134068574140025 0.0412924621034208 0
0 0 1 2 0.0106340802306844 0.3410615777219 0.648304342047416 2
1 0 0 0 0.401284138664676 0.34198742120561 0.256728440129714 0
0 1 0 1 0.105483345781632 0.498405079634322 0.396111574584046 1
1 0 0 0 0.565864901311743 0.332727203354491 0.101407895333765 0
1 0 0 0 0.646121417131202 0.254719718311437 0.0991588645573609 0
0 0 1 2 0.199981022317786 0.471489602183106 0.328529375499109 1
0 0 1 2 0.0191282870532986 0.343501119806887 0.637370593139815 2
0 0 1 2 0.000741884768239788 0.134821283398688 0.864436831833073 2
0 1 0 1 0.230137220706739 0.516158132814468 0.253704646478793 1
0 0 1 2 0.0200922712917433 0.37274159184532 0.607166136862937 2
0 0 1 2 0.0288866942324142 0.419939945320298 0.551173360447288 2
0 1 0 1 0.247410645433994 0.507087127000882 0.245502227565124 1
0 0 1 2 0.00892220582778397 0.3050529148279 0.686024879344316 2
0 0 1 2 0.525699017872356 0.287376671570298 0.186924310557346 0
0 1 0 1 0.0271926397918991 0.412527761848212 0.560279598359889 2
1 0 0 0 0.885398149252364 0.0799883811568248 0.0346134695908113 0
1 0 0 0 0.890395123940463 0.0887545353321839 0.0208503407273527 0
1 0 0 0 0.995487703338216 0.00367048945072444 0.000841807211059887 0
1 0 0 0 0.750436759805317 0.173998834533131 0.0755644056615515 0
0 0 1 2 0.00671088817484989 0.266241038982111 0.727048072843039 2
0 1 0 1 0.177838758217317 0.373611384523516 0.448549857259167 2
0 1 0 1 0.051456101009357 0.380848082137784 0.567695816852859 2
0 0 1 2 0.444444108436882 0.347941078502127 0.207614813060991 0
0 1 0 1 0.229401772130937 0.463543759053977 0.307054468815086 1
0 0 1 2 0.0114798310067026 0.154432739019663 0.834087429973634 2
0 1 0 1 0.173331880663035 0.490343347533041 0.336324771803924 1
0 1 0 1 0.0912429048376603 0.451851449392694 0.456905645769646 2
1 0 0 0 0.473200386593999 0.365531874560647 0.161267738845354 0
1 0 0 0 0.834099603164104 0.124933422709314 0.0409669741265815 0
0 1 0 1 0.702892389799424 0.229977436174922 0.0671301740256534 0
1 0 0 0 0.789709283028957 0.150782220031939 0.0595084969391032 0
1 0 0 0 0.92869105687671 0.0569862906370512 0.0143226524862382 0
0 1 0 1 0.46232996912277 0.294991581271649 0.24267844960558 0
0 0 1 2 0.018613289824913 0.259273945796526 0.722112764378561 2
0 1 0 1 0.0334557335907049 0.417358281216226 0.549185985193069 2
0 0 1 2 0.00140034414440861 0.190302050047149 0.808297605808442 2
0 1 0 1 0.235728864326887 0.500216007060609 0.264055128612504 1
1 0 0 0 0.878990090447237 0.100113940654206 0.0208959688985563 0
0 1 0 1 0.124965973605647 0.334361850550437 0.540672175843916 2
0 0 1 2 0.00675983692342934 0.0686590323184892 0.924581130758081 2
0 1 0 1 0.0128636911251226 0.114296546274699 0.872839762600178 2
0 0 1 2 5.05398408377747E-05 0.00781102011028495 0.992138440048877 2
0 1 0 1 0.163042922871011 0.361321759885238 0.475635317243751 2
1 0 0 0 0.408834723881478 0.377801364905951 0.213363911212571 0
0 1 0 1 0.277870212476532 0.376942921847252 0.345186865676216 1
0 1 0 1 0.0203056755934787 0.343666923096171 0.636027401310351 2
1 0 0 0 0.893317837486298 0.0900671759273645 0.0166149865863374 0
0 0 1 2 0.12455068420626 0.41440329605218 0.46104601974156 2
0 0 1 2 0.00308100102894021 0.173336740845735 0.823582258125325 2
0 0 1 2 0.389928477800617 0.374410291741597 0.235661230457786 0
0 0 1 2 2.27811432495428E-05 0.047633747208682 0.952343471648068 2
0 1 0 1 0.771544973639001 0.144546799272594 0.0839082270884056 0
1 0 0 0 0.94479306855081 0.0496609360492404 0.0055459953999494 0
1 0 0 0 0.94746046442948 0.0409394898655709 0.0116000457049487 0
1 0 0 0 0.982098651325625 0.0147099398956378 0.0031914087787372 0
0 0 1 2 0.636699294724556 0.272708462300282 0.0905922429751626 0
0 1 0 1 0.443571795834429 0.425803508403233 0.130624695762338 0
0 0 1 2 0.0252586350239082 0.334513315857112 0.64022804911898 2
0 1 0 1 0.279457871332311 0.494345991090815 0.226196137576875 1
0 0 1 2 0.750074357487046 0.191679242268847 0.0582464002441067 0
1 0 0 0 0.962616261865249 0.0302698538881109 0.00711388424664048 0
0 1 0 1 0.488029135650401 0.362448846404522 0.149522017945077 0
1 0 0 0 0.879548628365288 0.100363171378013 0.0200882002566995 0
0 1 0 1 9.37920173892865E-06 0.00395830454675575 0.996032316251505 2
0 0 1 2 0.00325299975622924 0.214777818446027 0.781969181797744 2
1 0 0 0 0.757139841573579 0.207949425054212 0.0349107333722094 0
1 0 0 0 0.485355516080649 0.361051790321163 0.153592693598188 0
1 0 0 0 0.852096619951287 0.113140922900097 0.0347624571486154 0
0 1 0 1 0.10145482321061 0.482706664620266 0.415838512169124 1
0 1 0 1 0.120994166967597 0.49118782684901 0.387818006183393 1
0 1 0 1 0.357231168655264 0.459162351326955 0.183606480017781 1
0 0 1 2 0.00434292780134692 0.0997273210899138 0.895929751108739 2
0 1 0 1 0.26110405257733 0.382536743873155 0.356359203549514 1
1 0 0 0 0.873925831955702 0.104661625800074 0.021412542244224 0
0 0 1 2 0.183779130357469 0.452642654961338 0.363578214681192 1
0 1 0 1 0.491159868541691 0.376193914352646 0.132646217105664 0
1 0 0 0 0.708620789311686 0.211677782429152 0.0797014282591623 0
1 0 0 0 0.891679028735029 0.091654961469587 0.0166660097953843 0
0 1 0 1 0.816372841071096 0.137786879636773 0.0458402792921314 0
0 1 0 1 0.55811741110356 0.282892874951629 0.158989713944812 0
0 1 0 1 0.377204609600521 0.415700301254898 0.207095089144582 1
1 0 0 0 0.666669764766622 0.261952745460902 0.0713774897724759 0
1 0 0 0 0.606461456574109 0.254086860801972 0.139451682623919 0
0 0 1 2 0.0120362110835453 0.340718343069762 0.647245445846692 2
0 0 1 2 0.768396519803863 0.15666986771039 0.0749336124857467 0
1 0 0 0 0.211976074216413 0.359417048400004 0.428606877383584 2
1 0 0 0 0.955584865557376 0.0316898236316714 0.0127253108109524 0
1 0 0 0 0.961969345552649 0.0308153340853993 0.00721532036195182 0
0 1 0 1 0.0912654121628982 0.42325018565601 0.485484402181091 2
0 0 1 2 0.00396481014807158 0.183164022163547 0.812871167688381 2
0 1 0 1 0.703781920081282 0.215324574943902 0.0808935049748161 0
0 1 0 1 0.293326445929648 0.342427609334207 0.364245944736145 2
0 0 1 2 0.295479307044927 0.429857779844879 0.274662913110194 1
0 0 1 2 0.00437667182635125 0.151128184238236 0.844495143935412 2
1 0 0 0 0.75392754949082 0.20228215811211 0.0437902923970705 0
0 1 0 1 0.476425755531436 0.394542806757791 0.129031437710773 0
0 1 0 1 0.870069662870776 0.0858458478951671 0.0440844892340572 0
0 0 1 2 0.35208148860932 0.352609493029479 0.295309018361201 1
1 0 0 0 0.625313812097123 0.289809412026505 0.084876775876372 0
0 0 1 2 0.120013873012816 0.49168995747371 0.388296169513474 1
0 0 1 2 0.370644580582562 0.441987680308364 0.187367739109074 1
0 1 0 1 0.70354841932616 0.237930627249468 0.0585209534243722 0
0 1 0 1 0.169301568712474 0.518610184544878 0.312088246742647 1
1 0 0 0 0.994887503344622 0.0041846328075394 0.00092786384783846 0
0 1 0 1 0.0039863906901264 0.195957771871716 0.800055837438158 2
0 0 1 2 0.0800048543266365 0.462529750129945 0.457465395543418 1
0 0 1 2 0.32871871995139 0.275985161527369 0.395296118521242 2
0 0 1 2 0.000473121144184466 0.0518628331633179 0.947664045692498 2
1 0 0 0 0.907080996792292 0.0797129580143596 0.0132060451933479 0
0 1 0 1 0.192953128578187 0.518864703106188 0.288182168315625 1
1 0 0 0 0.772007341795065 0.187928303929964 0.0400643542749715 0
0 1 0 1 0.272790443707864 0.382275835923593 0.344933720368543 1
1 0 0 0 0.634219293407873 0.26273584679312 0.103044859799007 0
1 0 0 0 0.863537700168161 0.117212747110239 0.0192495527215993 0
1 0 0 0 0.216664814770066 0.340125100953234 0.4432100842767 2
0 1 0 1 0.123197314760709 0.366841461243163 0.509961223996128 2
1 0 0 0 0.35765770217195 0.472201294251778 0.170141003576271 1
1 0 0 0 0.990956033613102 0.00745561325699334 0.00158835312990464 0
1 0 0 0 0.921212192311268 0.0667345934949463 0.0120532141937855 0
1 0 0 0 0.962988125154731 0.0292234696604542 0.00778840518481507 0
1 0 0 0 0.204536061172039 0.494505443119473 0.300958495708488 1
0 0 1 2 0.184834787422979 0.433131378913297 0.382033833663724 1
1 0 0 0 0.995020794640808 0.00417126708092505 0.000807938278266908 0
0 1 0 1 0.0142426590328366 0.364498959589698 0.621258381377466 2
0 0 1 2 0.559565596498731 0.299116625835335 0.141317777665935 0
0 1 0 1 0.82297918705346 0.14957660035854 0.0274442125880003 0
0 1 0 1 0.0647001230199418 0.45664979658278 0.478650080397278 2
1 0 0 0 0.658342987793884 0.276546796814176 0.0651102153919396 0
1 0 0 0 0.158856708411586 0.509378900046705 0.331764391541709 1
0 0 1 2 0.264734847743142 0.312027076690076 0.423238075566783 2
1 0 0 0 0.638849195747254 0.289874253584806 0.0712765506679404 0
0 0 1 2 0.0512134045221421 0.43647684078545 0.512309754692408 2
0 0 1 2 0.0146936246189489 0.307459146944067 0.677847228436985 2
0 0 1 2 0.063576211605333 0.434470489434502 0.501953298960165 2
1 0 0 0 0.955798256367829 0.035141638527651 0.00906010510451971 0
1 0 0 0 0.882502172167226 0.0839269227122386 0.0335709051205351 0
0 1 0 1 0.000859313666648536 0.166038686803831 0.83310199952952 2
0 0 1 2 0.000376059517105065 0.136107987687607 0.863515952795288 2
0 1 0 1 0.075546172445318 0.395682231248464 0.528771596306218 2
0 1 0 1 0.823017659736624 0.0990199558352214 0.0779623844281551 0
0 0 1 2 0.00336968976219397 0.0868714363328676 0.909758873904938 2
0 0 1 2 0.664019621446655 0.2388702479508 0.0971101306025457 0
0 1 0 1 0.0118513456969678 0.206224653108688 0.781924001194344 2
1 0 0 0 0.938220713126367 0.0499608731458952 0.0118184137277376 0
0 1 0 1 0.610378504820621 0.290546071480143 0.0990754236992353 0
0 1 0 1 0.0597180084032923 0.449040034767409 0.491241956829298 2
