1 0 0 0 0.816374096824997 0.129730446320228 0.0538954568547757 0
1 0 0 0 0.839956410195869 0.124307064959691 0.0357365248444404 0
0 0 1 2 0.0215134610020145 0.119615083566323 0.858871455431662 2
1 0 0 0 0.512189967832105 0.366349916947515 0.12146011522038 0
0 1 0 1 0.0202794941333803 0.313325372778337 0.666395133088283 2
0 1 0 1 0.101711938962298 0.436301911757754 0.461986149279948 2
0 0 1 2 0.00170441380252342 0.0863148981082487 0.911980688089228 2
0 0 1 2 0.0601752233257616 0.245502631904281 0.694322144769958 2
1 0 0 0 0.873594004109601 0.101991043713545 0.0244149521768533 0
0 1 0 1 0.588956121489561 0.329393624156966 0.081650254353473 0
0 1 0 1 0.522203621233567 0.371870687942275 0.105925690824158 0
1 0 0 0 0.833718603974355 0.142478274960178 0.0238031210654668 0
1 0 0 0 0.761737598924085 0.169731104121096 0.0685312969548188 0
0 0 1 2 1.92697234096568E-07 0.000402555217842589 0.999597252084923 2
0 1 0 1 0.673160096846401 0.193446558342511 0.133393344811088 0
0 1 0 1 0.523486940068003 0.318943200999736 0.157569858932261 0
0 1 0 1 0.00198736053743733 0.115181114261747 0.882831525200816 2
0 0 1 2 1.42452398093718E-06 0.0051986778687161 0.994799897607303 2
1 0 0 0 0.686216613723489 0.250258370922868 0.0635250153536428 0
1 0 0 0 0.729988199656346 0.196079121344823 0.073932678998831 0
1 0 0 0 0.229320991698529 0.476305759449739 0.294373248851732 1
0 0 1 2 0.0359492050252776 0.351666115836868 0.612384679137854 2
0 1 0 1 0.397165513065914 0.360517294456005 0.242317192478081 0
0 0 1 2 0.135911144376476 0.240090054484156 0.623998801139369 2
1 0 0 0 0.944906473365352 0.0456627463628076 0.00943078027184029 0
0 1 0 1 0.826754794105571 0.14208205483187 0.0311631510625592 0
1 0 0 0 0.935616863550586 0.0553568708520821 0.00902626559733241 0
0 0 1 2 0.113634643878611 0.311792745863532 0.574572610257858 2
0 0 1 2 0.0200727590288338 0.343200160777095 0.636727080194071 2
0 1 0 1 0.332768969630904 0.329922598987554 0.337308431381541 2
0 1 0 1 0.918786226804523 0.0682258814193344 0.0129878917761424 0
1 0 0 0 0.276881434246519 0.475916327022633 0.247202238730848 1
1 0 0 0 0.813496267463156 0.153418924109079 0.0330848084277652 0
1 0 0 0 0.376252863395759 0.377062247241493 0.246684889362748 1
0 0 1 2 5.09576297672544E-08 0.000226582905547592 0.999773366136823 2
0 0 1 2 0.069699448881303 0.380330797060779 0.549969754057918 2
0 0 1 2 0.000164074768012059 0.0684511055274914 0.931384819704497 2
0 0 1 2 0.031884253744834 0.347897368296457 0.620218377958709 2
0 1 0 1 0.27541509628042 0.503914985803361 0.220669917916219 1
1 0 0 0 0.848908164611263 0.131516438278322 0.0195753971104151 0
0 1 0 1 0.00628108435756771 0.295055489176148 0.698663426466285 2
0 0 1 2 0.000622447649428807 0.119062232260008 0.880315320090563 2
1 0 0 0 0.955749359413195 0.0350241743859139 0.00922646620089145 0
1 0 0 0 0.996354649210322 0.00299510213269166 0.000650248656986185 0
0 1 0 1 0.296264201758631 0.493087559738891 0.210648238502477 1
0 1 0 1 0.185197928243655 0.508955052219599 0.305847019536746 1
0 0 1 2 0.127682184530692 0.508253435699437 0.364064379769871 1
1 0 0 0 0.523885554203246 0.36859934230222 0.107515103494533 0
1 0 0 0 0.972222533652369 0.0233264361428532 0.00445103020477776 0
1 0 0 0 0.841361560098265 0.110771625936954 0.0478668139647817 0
0 1 0 1 0.0606060729009099 0.299120730009288 0.640273197089802 2
0 0 1 2 0.0436196681048624 0.327024829333991 0.629355502561147 2
1 0 0 0 0.129179021288426 0.418965710013287 0.451855268698286 2
0 0 1 2 0.00767281855539429 0.138029727895273 0.854297453549333 2
0 1 0 1 0.290948223183666 0.503652744757506 0.205399032058828 1
0 1 0 1 0.144652493173262 0.461838189458872 0.393509317367866 1
1 0 0 0 0.871578187761399 0.0904549556049569 0.0379668566336437 0
1 0 0 0 0.588432598136632 0.31721208426589 0.0943553175974782 0
0 0 1 2 0.222577644139639 0.514949557612072 0.26247279824829 1
1 0 0 0 0.27600427773589 0.444932297871583 0.279063424392527 1
1 0 0 0 0.474739692074728 0.366417618987179 0.158842688938093 0
0 1 0 1 0.747234722821129 0.19940468601365 0.0533605911652217 0
0 0 1 2 0.000668414223735287 0.0408031156601683 0.958528470116096 2
0 0 1 2 0.00296144505908375 0.132646614058651 0.864391940882265 2
0 0 1 2 0.00332109736235954 0.236793037783149 0.759885864854492 2
0 1 0 1 0.841477175634305 0.121123029823793 0.0373997945419018 0
0 0 1 2 0.248447329007541 0.358191890657496 0.393360780334963 2
0 1 0 1 0.21392356569369 0.494419369196355 0.291657065109955 1
0 0 1 2 0.233494379782793 0.362407032016332 0.404098588200875 2
1 0 0 0 0.889134763904144 0.0908288810005778 0.020036355095278 0
1 0 0 0 0.840868221861491 0.133864589084671 0.0252671890538382 0
1 0 0 0 0.294865802280448 0.445886454171155 0.259247743548397 1
0 1 0 1 0.0222779743765397 0.393053605936075 0.584668419687385 2
0 1 0 1 0.290903044817998 0.337644630304575 0.371452324877428 2
0 1 0 1 0.126125412804582 0.515942003813542 0.357932583381876 1
0 0 1 2 0.00820299924937655 0.178708072522528 0.813088928228095 2
0 0 1 2 0.522650680050012 0.288494059530345 0.188855260419643 0
0 0 1 2 0.0584172345899727 0.250397548408882 0.691185217001146 2
0 1 0 1 0.0839531514438729 0.447108286939484 0.468938561616643 2
0 0 1 2 0.0236614960714231 0.283073223667636 0.693265280260941 2
0 0 1 2 0.0168838794280204 0.252336944899527 0.730779175672453 2
0 1 0 1 0.0751260980393671 0.437151585301973 0.48772231665866 2
0 1 0 1 0.0770379131481068 0.476172758649604 0.446789328202289 1
1 0 0 0 0.343470026924925 0.433476978327381 0.223052994747694 1
1 0 0 0 0.914643999857531 0.075412796231381 0.00994320391108804 0
0 0 1 2 2.42679884869627E-08 0.000491666512792258 0.999508309219219 2
0 1 0 1 0.084825327145004 0.283343451006318 0.631831221848678 2
0 0 1 2 0.00302111113500049 0.114795075059277 0.882183813805723 2
0 0 1 2 0.802793702958963 0.142289545300186 0.0549167517408508 0
0 1 0 1 0.239918347015513 0.409098212144037 0.35098344084045 1
1 0 0 0 0.368553802614673 0.363944727060696 0.267501470324632 0
0 1 0 1 0.00701128165073611 0.279324653976865 0.713664064372399 2
0 1 0 1 0.0738415945774026 0.482366904554963 0.443791500867634 1
0 0 1 2 1.84063935863555E-10 1.81549447261493E-05 0.99998184487121 2
1 0 0 0 0.910927219956281 0.0690742190564605 0.0199985609872589 0
1 0 0 0 0.971240462618439 0.0237149467860576 0.00504459059550322 0
0 0 1 2 7.5876602662544E-07 0.00117543476242817 0.998823806471545 2
0 1 0 1 0.630251843481857 0.289105901203442 0.0806422553147001 0
0 1 0 1 0.337966809412062 0.396577647252354 0.265455543335584 1
0 0 1 2 3.42481752802382E-06 0.0102599427601439 0.989736632422328 2
1 0 0 0 0.981595744657753 0.0150990098414061 0.00330524550084107 0
0 0 1 2 0.000219805965875398 0.0552585871118757 0.944521606922249 2
0 1 0 1 0.49065330344216 0.312919081666267 0.196427614891572 0
0 1 0 1 0.687732389175927 0.19625070020934 0.116016910614733 0
0 0 1 2 0.87272400820051 0.10569277424589 0.0215832175535998 0
0 1 0 1 0.654926336854595 0.171145025357189 0.173928637788216 0
0 1 0 1 0.378684195277596 0.31006072417146 0.311255080550944 0
0 0 1 2 0.719454868048043 0.213616188078461 0.0669289438734962 0
0 1 0 1 0.00049664194571402 0.150680294273429 0.848823063780857 2
1 0 0 0 0.344178594940197 0.291102206948194 0.364719198111609 2
0 1 0 1 0.152769669788885 0.386822201319523 0.460408128891591 2
1 0 0 0 0.972801823992631 0.0214123274714948 0.00578584853587449 0
0 0 1 2 0.273849722617902 0.474371507218655 0.251778770163443 1
1 0 0 0 0.955756596365132 0.0303576685105832 0.0138857351242845 0
1 0 0 0 0.0529706491988295 0.41120041312189 0.53582893767928 2
0 1 0 1 0.263827981693658 0.439732238459765 0.296439779846576 1
0 0 1 2 0.423002581779376 0.392371401221982 0.184626016998642 0
0 1 0 1 0.652652143565239 0.214499207669301 0.132848648765459 0
0 0 1 2 0.0592626029881959 0.370427980891031 0.570309416120773 2
1 0 0 0 0.820648673763782 0.148892933327251 0.0304583929089669 0
0 0 1 2 0.1433397341494 0.483218618793414 0.373441647057186 1
0 1 0 1 0.962538992524103 0.029411669119278 0.00804933835661938 0
0 1 0 1 0.0666999104425079 0.47065559454282 0.462644495014672 1
0 0 1 2 0.0412758746971491 0.433452812488873 0.525271312813978 2
0 1 0 1 0.309050583182936 0.473308960963566 0.217640455853498 1
1 0 0 0 0.767357139579664 0.194558194688053 0.0380846657322831 0
1 0 0 0 0.979657890954915 0.0165812791683934 0.00376082987669123 0
1 0 0 0 0.919182091292122 0.065257053778338 0.0155608549295403 0
0 1 0 1 0.187492381523677 0.447627967441769 0.364879651034554 1
0 0 1 2 0.000706724193078172 0.157911268563089 0.841382007243833 2
1 0 0 0 0.949262504152705 0.0429916028772609 0.00774589297003394 0
0 0 1 2 0.0718703240155708 0.505556229749822 0.422573446234607 1
1 0 0 0 0.947364659222142 0.0437196418472595 0.00891569893059821 0
0 0 1 2 0.00466879947073845 0.278959886732549 0.716371313796713 2
0 1 0 1 0.503181502642149 0.39266937874292 0.104149118614931 0
0 1 0 1 0.405295636079583 0.410976248394682 0.183728115525735 1
1 0 0 0 0.861600242666157 0.0985397054673147 0.0398600518665281 0
0 0 1 2 0.114998642220246 0.330286056223506 0.554715301556248 2
0 0 1 2 0.000494937824881231 0.107928749455028 0.891576312720091 2
0 1 0 1 0.472006889894187 0.400385971662922 0.127607138442891 0
1 0 0 0 0.974670261282696 0.0208248330765914 0.00450490564071308 0
1 0 0 0 0.0029200875019193 0.0979339674010429 0.899145945097038 2
1 0 0 0 0.904175305420913 0.0789618862044229 0.0168628083746638 0
0 0 1 2 0.0794260495799799 0.415881638792014 0.504692311628006 2
0 1 0 1 0.00808947961128498 0.267437913284827 0.724472607103888 2
0 1 0 1 0.0165827564885699 0.311215093768741 0.672202149742689 2
1 0 0 0 0.948910054972657 0.0393982795081208 0.0116916655192219 0
0 1 0 1 0.0559997541377171 0.306383335624973 0.63761691023731 2
1 0 0 0 0.936446043638104 0.052362945567234 0.0111910107946623 0
0 0 1 2 0.109903833203908 0.430667308074013 0.459428858722079 2
0 1 0 1 0.428900429977387 0.417372380718515 0.153727189304099 0
0 1 0 1 0.534277931476467 0.307969988257962 0.157752080265572 0
0 0 1 2 0.281533143310907 0.338222263337676 0.380244593351417 2
0 1 0 1 0.574386490096639 0.267509054896795 0.158104455006566 0
1 0 0 0 0.848208368175705 0.127726485912802 0.0240651459114922 0
1 0 0 0 0.447743825576841 0.383549705983286 0.168706468439873 0
0 1 0 1 7.8345211478886E-05 0.0375524206397222 0.962369234148799 2
1 0 0 0 0.744109287710454 0.217351754063803 0.0385389582257438 0
0 1 0 1 0.234699023107553 0.497612361943028 0.267688614949419 1
0 1 0 1 0.249892504655048 0.496253616682368 0.253853878662584 1
1 0 0 0 0.982784813373615 0.0141518039732515 0.00306338265313396 0
1 0 0 0 0.587673231267317 0.321204913121625 0.0911218556110581 0
1 0 0 0 0.846335835545798 0.101627671594363 0.0520364928598387 0
1 0 0 0 0.949140728576203 0.0418003591925159 0.00905891223128128 0
0 0 1 2 1.07500760943725E-05 0.00270184566098554 0.99728740426292 2
0 1 0 1 0.029357783900738 0.429673661257652 0.54096855484161 2
0 0 1 2 0.00300425024790655 0.210943860775531 0.786051888976562 2
1 0 0 0 0.936555945291114 0.0519846553275623 0.0114593993813239 0
1 0 0 0 0.925245536877466 0.0636376682183544 0.0111167949041798 0
0 1 0 1 0.497459599009898 0.385855646354972 0.11668475463513 0
1 0 0 0 0.890580810093205 0.084247942576523 0.0251712473302723 0
1 0 0 0 0.971299126791691 0.0236321512813651 0.00506872192694436 0
1 0 0 0 0.33956001873846 0.442858508434794 0.217581472826746 1
0 1 0 1 0.00465993975897694 0.24144265323752 0.753897407003503 2
0 0 1 2 0.415710860369742 0.227920185678398 0.356368953951861 0
0 0 1 2 0.635990025862854 0.280961149178331 0.0830488249588156 0
0 0 1 2 0.178743301673694 0.366509139352622 0.454747558973684 2
1 0 0 0 0.974077603783148 0.0209426334612299 0.00497976275562193 0
1 0 0 0 0.423122167672802 0.410663746640771 0.166214085686427 0
1 0 0 0 0.984804533007954 0.0119984747440577 0.00319699224798846 0
1 0 0 0 0.902254069417869 0.0778267253668305 0.0199192052153007 0
0 1 0 1 0.817978546089986 0.138464822030159 0.0435566318798551 0
0 1 0 1 0.201218888032261 0.430969933463961 0.367811178503778 1
0 0 1 2 0.0235740344323423 0.388047760796852 0.588378204770805 2
0 0 1 2 0.013463893913885 0.194560223862407 0.791975882223708 2
0 0 1 2 0.800298290580598 0.145383453364264 0.0543182560551376 0
0 1 0 1 0.286840757158763 0.370486896880138 0.342672345961099 1
0 0 1 2 0.278513542034647 0.378558152424481 0.342928305540872 1
1 0 0 0 0.6687783759739 0.261743577563258 0.0694780464628417 0
0 0 1 2 0.103840611594885 0.305033944556856 0.591125443848258 2
0 1 0 1 0.0813668639916901 0.44713869872314 0.47149443728517 2
0 1 0 1 0.0656325094545963 0.471121745944461 0.463245744600942 1
1 0 0 0 0.213577457348163 0.46632074322635 0.320101799425487 1
1 0 0 0 0.834387234263117 0.113931117790543 0.0516816479463397 0
1 0 0 0 0.995751590648016 0.00343915412365022 0.000809255228333483 0
1 0 0 0 0.229421562830392 0.502022608591839 0.268555828577769 1
0 0 1 2 0.273130447517583 0.346567370107759 0.380302182374658 2
0 0 1 2 0.0720502416847777 0.429080634541758 0.498869123773465 2
0 1 0 1 0.109373890867125 0.523278582594958 0.367347526537917 1
0 0 1 2 0.064839034616047 0.322591243012126 0.612569722371827 2
1 0 0 0 0.702554540315453 0.212688653882236 0.0847568058023106 0
0 0 1 2 0.00872431999907679 0.200859578765574 0.79041610123535 2
1 0 0 0 0.928781672858147 0.0565364498262333 0.0146818773156202 0
0 1 0 1 0.432944015223474 0.356599355107699 0.210456629668826 0
0 0 1 2 0.0075929279133228 0.288860538230734 0.703546533855944 2
0 0 1 2 0.210140227603202 0.399649722869981 0.390210049526817 1
1 0 0 0 0.658004965664903 0.248914247149712 0.0930807871853849 0
0 1 0 1 0.624494018649673 0.303762747865216 0.0717432334851111 0
0 0 1 2 0.275287336199183 0.418814361703556 0.305898302097261 1
0 1 0 1 0.708669847595172 0.235205785569741 0.0561243668350874 0
1 0 0 0 0.632216778184361 0.259714537575314 0.108068684240324 0
0 0 1 2 0.0264311454229866 0.21153317715108 0.762035677425933 2
0 0 1 2 2.45476037192568E-07 0.000773804972763705 0.999225949551199 2
0 1 0 1 0.0541367148800173 0.476747769590791 0.469115515529191 1
1 0 0 0 0.0882796895622791 0.496883366763161 0.41483694367456 1
0 0 1 2 0.000160561896031196 0.0662760510176568 0.933563387086312 2
0 1 0 1 0.0315239981848566 0.4018589961543 0.566617005660843 2
1 0 0 0 0.588980266581402 0.317663254862911 0.0933564785556869 0
1 0 0 0 0.819719834465218 0.13860422630377 0.0416759392310122 0
0 0 1 2 0.364430831577607 0.358864119162585 0.276705049259808 0
0 0 1 2 0.254216200440941 0.483087370681897 0.262696428877162 1
1 0 0 0 0.514845313272661 0.360379263868669 0.124775422858669 0
0 1 0 1 0.0716121919035006 0.252177785300701 0.676210022795798 2
0 1 0 1 0.615427651999399 0.277873826982545 0.106698521018056 0
0 1 0 1 0.00343791689330837 0.156290425326312 0.84027165778038 2
0 0 1 2 0.246824000553418 0.487561792043426 0.265614207403156 1
1 0 0 0 0.904100389043072 0.0824332530815617 0.0134663578753661 0
0 0 1 2 0.282491891119479 0.292213039719886 0.425295069160635 2
1 0 0 0 0.84494035485778 0.129987366837251 0.0250722783049692 0
0 0 1 2 0.0608389609726534 0.39082299276592 0.548338046261426 2
0 1 0 1 0.142056392637032 0.520887000121208 0.337056607241759 1
1 0 0 0 0.238844543627876 0.428490231322684 0.332665225049439 1
0 1 0 1 0.308435230999864 0.398836793091131 0.292727975909005 1
0 0 1 2 0.0461102003084699 0.469796543675332 0.484093256016198 2
0 1 0 1 0.442835505065175 0.347966457359753 0.209198037575073 0
1 0 0 0 0.45302546446583 0.396299809677266 0.150674725856904 0
1 0 0 0 0.984389515576381 0.0128688181622801 0.00274166626133923 0
0 0 1 2 0.00905938545795278 0.0989745431278591 0.891966071414188 2
0 1 0 1 0.2573077760032 0.488323140780373 0.254369083216427 1
1 0 0 0 0.859777265137166 0.11712454257105 0.0230981922917839 0
0 1 0 1 0.69485130462243 0.221661697257302 0.0834869981202673 0
1 0 0 0 0.92231072404728 0.065943325343229 0.0117459506094912 0
0 1 0 1 0.889785237935384 0.0864633127636006 0.0237514493010156 0
0 0 1 2 0.0216236514520671 0.174792351748461 0.803583996799472 2
0 0 1 2 0.00074779426003157 0.100787347221096 0.898464858518873 2
0 1 0 1 0.686367527444862 0.22757838327445 0.0860540892806878 0
1 0 0 0 0.690031822006537 0.24098609615964 0.0689820818338232 0
0 1 0 1 0.466485199029451 0.281975520959905 0.251539280010643 0
0 1 0 1 0.748165744126815 0.195862741597039 0.055971514276146 0
1 0 0 0 0.822825017389299 0.143410998608327 0.0337639840023743 0
0 1 0 1 0.721481035158094 0.205269602256814 0.0732493625850918 0
0 0 1 2 0.115686410188405 0.213299560262909 0.671014029548685 2
1 0 0 0 0.851571794968043 0.122230491513898 0.0261977135180593 0
0 1 0 1 0.000288919924799553 0.122943610483688 0.876767469591513 2
0 1 0 1 0.430674126987715 0.418347931228349 0.150977941783937 0
1 0 0 0 0.83849691548716 0.131285236815325 0.0302178476975144 0
0 0 1 2 0.360172995587705 0.385777465156489 0.254049539255805 1
0 0 1 2 0.000202377310380095 0.0733359662848027 0.926461656404817 2
0 0 1 2 0.0271811878737118 0.158202366327041 0.814616445799247 2
0 0 1 2 0.00397704539801567 0.104171988007997 0.891850966593987 2
1 0 0 0 0.497554394593956 0.394154935894195 0.108290669511849 0
1 0 0 0 0.996234538222968 0.00308674900930458 0.000678712767726918 0
0 0 1 2 0.284638672023244 0.446188455098897 0.269172872877859 1
1 0 0 0 0.982536536166099 0.014273177286849 0.00319028654705214 0
0 0 1 2 0.214820072143934 0.314711595826026 0.47046833203004 2
0 0 1 2 6.41472670552451E-06 0.00450411001968693 0.995489475253608 2
0 0 1 2 0.00083702168781297 0.0263355827791419 0.972827395533045 2
1 0 0 0 0.885957977345667 0.0991111276801838 0.0149308949741491 0
0 0 1 2 0.106528771047148 0.288180197852016 0.605291031100837 2
0 0 1 2 0.235403114846724 0.419536547851158 0.345060337302118 1
0 1 0 1 0.115043997033027 0.422657552314721 0.462298450652252 2
0 0 1 2 0.142862506255555 0.498038754324461 0.359098739419984 1
0 1 0 1 0.268526849336693 0.336322593135824 0.395150557527483 2
0 0 1 2 0.193919640329074 0.525577713728074 0.280502645942852 1
0 1 0 1 0.348017925480897 0.459617666818462 0.192364407700642 1
1 0 0 0 0.883910688977753 0.092288427535941 0.0238008834863059 0
1 0 0 0 0.989629023640109 0.0088987789823582 0.00147219737753275 0
0 1 0 1 0.00581319183141585 0.239049991152447 0.755136817016137 2
1 0 0 0 0.578813295588871 0.32145366749289 0.0997330369182386 0
1 0 0 0 0.921600992925512 0.0637946327921503 0.0146043742823378 0
1 0 0 0 0.368197335321739 0.420711642648772 0.211091022029488 1
0 1 0 1 0.19203046250424 0.50274058971214 0.305228947783619 1
0 0 1 2 0.808543514308878 0.130236022361543 0.0612204633295795 0
0 0 1 2 0.000579754971659358 0.0318692261301371 0.967551018898204 2
0 1 0 1 0.134060660542822 0.316285891209431 0.549653448247748 2
0 1 0 1 0.531783586769425 0.319664375866801 0.148552037363774 0
0 1 0 1 0.358067771665414 0.466088623091092 0.175843605243494 1
1 0 0 0 0.680741680394481 0.232363222582288 0.0868950970232306 0
1 0 0 0 0.717556398817022 0.225598227951124 0.056845373231854 0
0 0 1 2 0.335215095215602 0.465853539271405 0.198931365512993 1
0 1 0 1 0.0149834720612896 0.277763926921495 0.707252601017216 2
0 1 0 1 0.57834878142113 0.312692418704093 0.108958799874776 0
0 0 1 2 0.589341755013693 0.296603045029345 0.114055199956961 0
0 0 1 2 0.076243869010419 0.250346441907396 0.673409689082185 2
0 0 1 2 0.00121845653052435 0.122773366864634 0.876008176604841 2
1 0 0 0 0.733486513968203 0.218841827606542 0.0476716584252559 0
1 0 0 0 0.93446046087869 0.0537866240763694 0.0117529150449404 0
0 1 0 1 0.0775038877278431 0.39509485449241 0.527401257779747 2
0 1 0 1 0.511937177249385 0.307762229289674 0.180300593460941 0
0 1 0 1 0.760016564624745 0.206063819441597 0.0339196159336573 0
0 0 1 2 0.132497081154934 0.44155183913074 0.425951079714326 1
0 0 1 2 0.431501944447151 0.217804132247238 0.350693923305611 0
0 1 0 1 0.341992711666413 0.384329834780267 0.27367745355332 1
0 1 0 1 0.50290212764461 0.295115570818605 0.201982301536786 0
0 1 0 1 0.393249186105893 0.380095611990163 0.226655201903944 0
1 0 0 0 0.482222457366722 0.392063585261869 0.125713957371409 0
1 0 0 0 0.526535749222182 0.321604863905346 0.151859386872472 0
0 0 1 2 4.22672988118324E-09 0.000129254835483942 0.999870740937786 2
1 0 0 0 0.285093791409724 0.501489071904694 0.213417136685582 1
1 0 0 0 0.878956984409308 0.0987091733296482 0.0223338422610437 0
0 0 1 2 0.229634296252874 0.373234044871788 0.397131658875338 2
0 1 0 1 0.448044377784372 0.300654251438108 0.25130137077752 0
0 0 1 2 0.421454528556517 0.396968209773917 0.181577261669565 0
1 0 0 0 0.391827149021654 0.367735954448806 0.24043689652954 0
1 0 0 0 0.654819833671256 0.224488029638184 0.120692136690559 0
0 1 0 1 0.361956039217862 0.409521862443517 0.228522098338621 1
1 0 0 0 0.90015847410401 0.0727809138682592 0.0270606120277311 0
0 1 0 1 0.735474036427262 0.218188006150813 0.0463379574219249 0
1 0 0 0 0.47527684340828 0.268644644129243 0.256078512462477 0
0 0 1 2 0.00389033316345764 0.149738906584859 0.846370760251683 2
0 0 1 2 0.235108112805909 0.356200384004458 0.408691503189633 2
0 1 0 1 0.509349238460883 0.359502611416166 0.131148150122951 0
0 0 1 2 0.0259196824024932 0.249725670253509 0.724354647343998 2
0 0 1 2 0.014713078841167 0.270358329686851 0.714928591471982 2
0 1 0 1 0.0453497718473443 0.21504780423487 0.739602423917786 2
0 0 1 2 0.0312508390945669 0.38981233634925 0.578936824556183 2
0 0 1 2 0.218651482308327 0.327938656761048 0.453409860930625 2
1 0 0 0 0.917669900055099 0.0709113663784878 0.0114187335664128 0
0 1 0 1 0.0502325066264648 0.450401772969146 0.499365720404389 2
0 0 1 2 0.00340216456594732 0.0658320666949726 0.93076576873908 2
0 0 1 2 0.0634423849286745 0.460987010269927 0.475570604801398 2
0 1 0 1 0.05474246076982 0.331248773987304 0.614008765242876 2
0 0 1 2 0.00516468839914795 0.152924620513868 0.841910691086984 2
0 1 0 1 0.00636804450393515 0.301812930077868 0.691819025418197 2
1 0 0 0 0.958689215529393 0.0319489299470128 0.00936185452359453 0
0 0 1 2 0.419949190016135 0.427524084331787 0.152526725652078 1
1 0 0 0 0.965379727351036 0.0287591559808965 0.00586111666806773 0
1 0 0 0 0.49873518936328 0.313161700696811 0.188103109939909 0
0 1 0 1 0.018055913593279 0.368655624663407 0.613288461743314 2
0 0 1 2 0.107597777859662 0.353867662721082 0.538534559419256 2
1 0 0 0 0.86348510762062 0.106500726237272 0.0300141661421082 0
0 0 1 2 0.182401009708733 0.334979652653289 0.482619337637977 2
1 0 0 0 0.934182832176778 0.0561566429915866 0.00966052483163521 0
0 0 1 2 0.0273743453639013 0.145134923115723 0.827490731520376 2
0 0 1 2 0.181352301627001 0.459535536590851 0.359112161782148 1
0 0 1 2 0.046963034143067 0.432765375550468 0.520271590306465 2
1 0 0 0 0.642486467142915 0.26211749958736 0.0953960332697254 0
0 1 0 1 0.130894765996788 0.521648367268904 0.347456866734308 1
1 0 0 0 0.747619903878495 0.191513899805744 0.0608661963157614 0
1 0 0 0 0.638928403177671 0.261924518977592 0.0991470778447369 0
0 1 0 1 0.162776998368043 0.506770678733455 0.330452322898503 1
0 1 0 1 0.0684141408443761 0.471548364404178 0.460037494751446 1
0 0 1 2 0.186375893668273 0.466362388310371 0.347261718021356 1
0 1 0 1 0.797591534231712 0.139612576033082 0.0627958897352057 0
0 1 0 1 0.575481383384392 0.287876176230524 0.136642440385084 0
1 0 0 0 0.925551265013932 0.0648896772454965 0.00955905774057186 0
0 1 0 1 0.0121061994711721 0.328235067211795 0.659658733317033 2
0 1 0 1 0.0427371085681592 0.434551284336571 0.52271160709527 2
0 1 0 1 0.799697518798227 0.162277086368167 0.0380253948336057 0
0 0 1 2 0.000692879242183066 0.151937369024135 0.847369751733682 2
0 0 1 2 0.330030936759208 0.32601379884472 0.343955264396072 2
1 0 0 0 0.848398456617148 0.116143034058212 0.0354585093246403 0
0 1 0 1 0.216885096607365 0.46433460890243 0.318780294490204 1
0 0 1 2 0.142149746693463 0.484495850708941 0.373354402597596 1
1 0 0 0 0.531930591908758 0.32282555871862 0.145243849372622 0
0 0 1 2 0.536916261722309 0.342193946214884 0.120889792062807 0
0 0 1 2 0.659946140304268 0.231950457783945 0.108103401911787 0
0 1 0 1 0.322809846736376 0.494119673460551 0.183070479803073 1
0 0 1 2 0.00353314936086557 0.229082634176813 0.767384216462322 2
0 1 0 1 0.10730392327471 0.461514706613913 0.431181370111377 1
1 0 0 0 0.260846461246092 0.441727452206756 0.297426086547151 1
1 0 0 0 0.0487633061109163 0.456856567371899 0.494380126517185 2
0 1 0 1 0.000663656308017966 0.156017760279878 0.843318583412104 2
0 0 1 2 0.00600835612427781 0.273174690679076 0.720816953196646 2
0 1 0 1 0.121741778858676 0.364582045909109 0.513676175232214 2
0 0 1 2 0.005537409091739 0.0685269838488685 0.925935607059393 2
0 0 1 2 0.00387628782011613 0.239977286148732 0.756146426031151 2
0 0 1 2 0.00276276020635687 0.0808835909122935 0.91635364888135 2
0 0 1 2 0.0347892825357189 0.335783059143375 0.629427658320906 2
0 0 1 2 0.498826557599003 0.369934811926172 0.131238630474826 0
0 0 1 2 0.0732577442237723 0.443533391331271 0.483208864444957 2
0 0 1 2 0.550091047307968 0.313891284793621 0.136017667898411 0
0 1 0 1 0.0379493097211619 0.393657256392301 0.568393433886537 2
0 1 0 1 0.148799681350535 0.469314454262248 0.381885864387217 1
1 0 0 0 0.229007520947034 0.443232141756259 0.327760337296707 1
1 0 0 0 0.768255319658691 0.17999834440815 0.0517463359331587 0
0 0 1 2 0.22840043445131 0.505451268093338 0.266148297455352 1
0 1 0 1 0.0122354245076319 0.299126564235946 0.688638011256422 2
0 1 0 1 0.289345846036263 0.436095397821159 0.274558756142578 1
0 0 1 2 0.058297468330772 0.183254192336866 0.758448339332362 2
0 1 0 1 0.551903897536952 0.340859009667181 0.107237092795866 0
0 1 0 1 0.323903451088913 0.480680149775634 0.195416399135453 1
0 1 0 1 0.0761221396444464 0.37566278670091 0.548215073654644 2
0 0 1 2 0.0692911989870972 0.472574211158711 0.458134589854192 1
1 0 0 0 0.899091447420564 0.0817329067438297 0.0191756458356065 0
1 0 0 0 0.181191961627673 0.477539617852683 0.341268420519644 1
0 0 1 2 0.000171884504946692 0.0920787872180456 0.907749328277008 2
0 0 1 2 1.46507420870741E-07 0.00219697411585983 0.997802879376719 2
1 0 0 0 0.435508109237792 0.385843589738637 0.178648301023571 0
0 0 1 2 0.718353595442796 0.207440329677398 0.0742060748798061 0
1 0 0 0 0.302652745601228 0.420134405434832 0.27721284896394 1
1 0 0 0 0.352247783378443 0.476070616155785 0.171681600465773 1
0 1 0 1 0.300327706570449 0.437902429447614 0.261769863981937 1
1 0 0 0 0.964388294035944 0.0291403208812603 0.00647138508279552 0
0 0 1 2 0.00310331068335233 0.176727622265362 0.820169067051286 2
0 1 0 1 0.000384780747066358 0.139452216034922 0.860163003218012 2
0 1 0 1 0.131135935158619 0.402261614980275 0.466602449861106 2
0 0 1 2 0.257400594765028 0.368500095333274 0.374099309901698 2
0 0 1 2 0.023245556300318 0.25781727059429 0.718937173105392 2
1 0 0 0 0.875187300371679 0.105597191117167 0.0192155085111537 0
0 0 1 2 0.00881519957995959 0.158667869576952 0.832516930843089 2
0 0 1 2 0.000443108907246941 0.145345336739109 0.854211554353644 2
1 0 0 0 0.483770571351725 0.297456655874592 0.218772772773683 0
0 0 1 2 9.02306877392213E-05 0.0191308438129209 0.98077892549934 2
0 0 1 2 0.682449666522524 0.244709897090736 0.0728404363867397 0
0 1 0 1 0.806571171474795 0.152323532843065 0.0411052956821394 0
0 1 0 1 0.00221564726997549 0.170097919897236 0.827686432832789 2
0 0 1 2 0.00205347438336252 0.160240134579548 0.83770639103709 2
0 1 0 1 0.0330465080853428 0.381097950354616 0.585855541560041 2
0 1 0 1 0.000217799442655399 0.0846341697902527 0.915148030767092 2
1 0 0 0 0.933597453803244 0.0538578542769215 0.0125446919198342 0
0 1 0 1 0.40607439723579 0.276737163652168 0.317188439112043 0
0 0 1 2 0.00174112608774582 0.212216771776451 0.786042102135803 2
0 1 0 1 0.667326328746681 0.2480993883349 0.0845742829184189 0
0 1 0 1 0.14029071158118 0.360981522341182 0.498727766077637 2
0 1 0 1 0.218917734802133 0.518634731245111 0.262447533952756 1
1 0 0 0 0.759623772488506 0.190245746339351 0.0501304811721427 0
0 0 1 2 0.011746245518 0.219334661810216 0.768919092671784 2
1 0 0 0 0.97044868987689 0.0246520427516159 0.0048992673714943 0
0 0 1 2 0.0392340396456846 0.422751882644736 0.538014077709579 2
1 0 0 0 0.913682404326577 0.070419860727283 0.0158977349461405 0
0 0 1 2 0.19295096515699 0.355566742915462 0.451482291927548 2
0 1 0 1 0.535097262232454 0.354592112891981 0.110310624875566 0
0 0 1 2 0.0235574204693636 0.327302806559579 0.649139772971058 2
1 0 0 0 0.293517681999918 0.476187975374313 0.230294342625769 1
0 0 1 2 0.17965161192505 0.437470227924201 0.382878160150749 1
1 0 0 0 0.857978538909128 0.110021617104229 0.031999843986643 0
0 0 1 2 7.54934612554252E-05 0.0424944500491245 0.95743005648962 2
0 0 1 2 8.38253806044346E-07 0.00277169733130871 0.997227464414885 2
0 1 0 1 0.018931425633985 0.383019115753171 0.598049458612844 2
0 0 1 2 0.0171147725474914 0.0917191279212511 0.891166099531258 2
0 1 0 1 0.00896976233053029 0.255161183533009 0.73586905413646 2
1 0 0 0 0.9123004626972 0.0758317398983241 0.0118677974044761 0
0 0 1 2 0.0574076923290839 0.282709045154456 0.65988326251646 2
0 1 0 1 0.673071791825873 0.270097134273115 0.0568310739010121 0
1 0 0 0 0.990962083594596 0.00758188246622327 0.00145603393918086 0
0 0 1 2 0.321109305160943 0.44878181258554 0.230108882253517 1
0 1 0 1 0.375729749172877 0.396895676162861 0.227374574664262 1
0 0 1 2 0.730288534399299 0.172471205565905 0.0972402600347962 0
0 0 1 2 0.000105651663389651 0.0680890995823243 0.931805248754286 2
1 0 0 0 0.715173876239419 0.243940148435354 0.0408859753252267 0
0 1 0 1 0.690821783853719 0.247284071571893 0.0618941445743883 0
0 1 0 1 0.0102944199714359 0.182749423518251 0.806956156510313 2
1 0 0 0 0.852814479700223 0.124462887452217 0.0227226328475602 0
0 1 0 1 0.0669158720564007 0.477890700631533 0.455193427312066 1
0 1 0 1 0.0984896585183464 0.376872291236805 0.524638050244849 2
1 0 0 0 0.895296571267669 0.0777033697934967 0.0270000589388347 0
1 0 0 0 0.56253549509441 0.332495650158563 0.104968854747026 0
1 0 0 0 0.893978604076049 0.0913717623498835 0.0146496335740675 0
0 0 1 2 0.0630506596322802 0.40330147293876 0.53364786742896 2
0 0 1 2 0.00768713044130788 0.218223647618874 0.774089221939818 2
1 0 0 0 0.836924043349344 0.13574884795241 0.0273271086982457 0
0 0 1 2 0.2799882345121 0.39737511771047 0.32263664777743 1
0 0 1 2 0.00127457360352096 0.118881945420428 0.879843480976051 2
0 0 1 2 0.000234165652580365 0.0583206316606387 0.941445202686781 2
0 0 1 2 0.082424465115128 0.314144928795535 0.603430606089337 2
0 1 0 1 0.0220211965207821 0.194881150905368 0.78309765257385 2
1 0 0 0 0.50236339527516 0.314909187022855 0.182727417701985 0
0 0 1 2 0.576563809969576 0.240923809756181 0.182512380274243 0
0 0 1 2 1.31793353325881E-07 0.000254541248878998 0.999745326957768 2
1 0 0 0 0.592726844842669 0.298835946110046 0.108437209047285 0
0 0 1 2 0.724386717687153 0.198024619599268 0.0775886627135795 0
0 0 1 2 0.674325945347503 0.207435742933511 0.118238311718986 0
0 1 0 1 0.608937313617713 0.218161052072864 0.172901634309423 0
0 1 0 1 0.554493005709148 0.327788527272466 0.117718467018386 0
0 1 0 1 0.303314003093968 0.406644809050985 0.290041187855048 1
1 0 0 0 0.397717382023964 0.435528441958764 0.166754176017271 1
1 0 0 0 0.636554635455946 0.298327609835715 0.0651177547083382 0
0 1 0 1 0.0665929493914024 0.347234221935966 0.586172828672632 2
0 0 1 2 0.00450000259952007 0.257604400283199 0.737895597117281 2
0 1 0 1 0.835355656992684 0.13328734927832 0.0313569937289954 0
1 0 0 0 0.163069005241345 0.485661139961974 0.351269854796681 1
1 0 0 0 0.984800816518305 0.0119273841176244 0.00327179936407037 0
1 0 0 0 0.877905814290129 0.0950409357287654 0.0270532499811055 0
1 0 0 0 0.645703289572268 0.246743578718792 0.10755313170894 0
1 0 0 0 0.782897684749379 0.180545463621273 0.0365568516293482 0
1 0 0 0 0.481225379452017 0.401723888542192 0.117050732005792 0
1 0 0 0 0.907852697271233 0.0782637450424215 0.0138835576863459 0
0 0 1 2 0.000172734725375298 0.0917795541847943 0.90804771108983 2
0 0 1 2 7.34974409759313E-06 0.00707658580898229 0.99291606444692 2
1 0 0 0 0.768315874749084 0.196869560726449 0.0348145645244665 0
0 1 0 1 0.743809396554421 0.160799476801131 0.0953911266444479 0
0 1 0 1 0.321431417415606 0.462494081264792 0.216074501319602 1
0 0 1 2 0.566675471442957 0.247745475551743 0.1855790530053 0
0 1 0 1 0.134226116360177 0.516206155933885 0.349567727705938 1
0 0 1 2 0.00974069740054962 0.0735269662898449 0.916732336309605 2
0 0 1 2 7.61833874383843E-05 0.0147205963669013 0.98520322024566 2
0 0 1 2 0.0711093556958399 0.448365300730302 0.480525343573858 2
0 1 0 1 0.0414281474783546 0.435650123672599 0.522921728849046 2
0 0 1 2 0.000201646076667804 0.0670119913047192 0.932786362618613 2
0 1 0 1 0.701217567777265 0.214540408694235 0.0842420235285004 0
0 0 1 2 0.33871373777825 0.34173087057927 0.31955539164248 1
0 1 0 1 0.35185398800725 0.467141744827472 0.181004267165278 1
1 0 0 0 0.352940358184906 0.448734527822277 0.198325113992817 1
0 1 0 1 0.87428953685061 0.0984431542272462 0.0272673089221434 0
0 0 1 2 3.55801299242149E-07 0.00418285984625737 0.995816784352443 2
1 0 0 0 0.801847165003237 0.146909125421005 0.0512437095757584 0
1 0 0 0 0.993279012067627 0.00565858320655446 0.00106240472581866 0
0 0 1 2 1.86476581588876E-05 0.0272027936181792 0.972778558723662 2
0 1 0 1 0.0532725488457306 0.469334469771817 0.477392981382453 2
1 0 0 0 0.527817026405019 0.356621495409665 0.115561478185316 0
1 0 0 0 0.841205119301059 0.129920219006414 0.0288746616925265 0
0 0 1 2 0.705917046779171 0.183563056135636 0.110519897085193 0
0 0 1 2 0.0463287046356837 0.44757971866196 0.506091576702356 2
1 0 0 0 0.916920643847507 0.0712302957969401 0.0118490603555527 0
1 0 0 0 0.76276354602103 0.17349406012586 0.0637423938531102 0
0 1 0 1 0.0188559131981914 0.378876305959586 0.602267780842223 2
1 0 0 0 0.992748008262079 0.0059590851623125 0.00129290657560833 0
1 0 0 0 0.447142074821641 0.401796705360539 0.15106121981782 0
0 1 0 1 0.112885549077973 0.483557505672797 0.40355694524923 1
0 1 0 1 0.210644818435256 0.381592377603186 0.407762803961558 2
0 1 0 1 0.683338961737993 0.262437689382944 0.0542233488790636 0
0 0 1 2 0.172449436027955 0.311805436123587 0.515745127848458 2
0 1 0 1 0.703507171585207 0.199286161299414 0.0972066671153788 0
1 0 0 0 0.901161355576528 0.0820361605910301 0.0168024838324424 0
0 1 0 1 0.160559292538478 0.299042397442922 0.540398310018599 2
0 0 1 2 0.228137810320826 0.446487045706333 0.325375143972841 1
0 1 0 1 0.0775784263039236 0.487384881467587 0.435036692228489 1
1 0 0 0 0.293313158583208 0.471062642586244 0.235624198830548 1
0 1 0 1 0.256605895838008 0.389640908219345 0.353753195942647 1
0 0 1 2 0.0437759310385972 0.203427760794448 0.752796308166955 2
0 1 0 1 0.129986597233734 0.48953571397846 0.380477688787806 1
1 0 0 0 0.312917710633095 0.272129533794723 0.414952755572182 2
1 0 0 0 0.519069075467624 0.346912135469468 0.134018789062908 0
0 0 1 2 0.295546299606549 0.373109383880736 0.331344316512715 1
0 0 1 2 4.41942482134559E-09 0.000137628837203837 0.999862366743371 2
1 0 0 0 0.545484110535832 0.279884955144069 0.174630934320099 0
0 1 0 1 0.19129348974927 0.277603350397764 0.531103159852967 2
0 1 0 1 0.359743822115966 0.276308069987724 0.36394810789631 2
1 0 0 0 0.0907200534581544 0.477122685420095 0.432157261121751 1
0 1 0 1 0.139191355469963 0.482629783917792 0.378178860612244 1
0 0 1 2 0.105395945047965 0.240009477799792 0.654594577152243 2
1 0 0 0 0.335957230790546 0.461857586977479 0.202185182231975 1
1 0 0 0 0.967606450345565 0.0260543783262373 0.00633917132819775 0
1 0 0 0 0.967235349057924 0.0229462449142693 0.00981840602780646 0
0 0 1 2 0.0530052002829985 0.214347646490825 0.732647153226176 2
1 0 0 0 0.881129031709719 0.0977978051757299 0.0210731631145507 0
1 0 0 0 0.523489593366289 0.323987117057727 0.152523289575984 0
1 0 0 0 0.927848456785759 0.0608317468984882 0.0113197963157525 0
1 0 0 0 0.914631027786441 0.0762805312338071 0.0090884409797519 0
0 1 0 1 0.66512169526272 0.224940863984662 0.109937440752618 0
0 1 0 1 0.449497055800162 0.372480260081989 0.178022684117849 0
0 1 0 1 0.0825744819806244 0.463240886920884 0.454184631098491 1
0 0 1 2 0.00797788499607994 0.197826711157561 0.794195403846359 2
0 1 0 1 0.24811272338603 0.458399488072245 0.293487788541725 1
1 0 0 0 0.892187325748275 0.0910036525403089 0.016809021711416 0
0 1 0 1 0.00355590150642364 0.0946236208105004 0.901820477683076 2
1 0 0 0 0.807960458872596 0.153307747742641 0.0387317933847627 0
0 1 0 1 0.171425469032788 0.500796180426079 0.327778350541133 1
0 0 1 2 0.0177193899348284 0.11192502558073 0.870355584484442 2
1 0 0 0 0.442078375005321 0.369472020361072 0.188449604633607 0
0 0 1 2 0.0119973119954005 0.133438640458184 0.854564047546415 2
0 0 1 2 0.00347680360090021 0.207486036336843 0.789037160062257 2
0 0 1 2 0.381088194387923 0.432060536600603 0.186851269011475 1
0 1 0 1 0.524535419767353 0.331425478546872 0.144039101685775 0
1 0 0 0 0.862365411639525 0.111876640330317 0.0257579480301579 0
1 0 0 0 0.581735136450141 0.27989486645717 0.138369997092688 0
0 0 1 2 0.037593940499424 0.400489750107737 0.561916309392839 2
0 0 1 2 0.175007173783086 0.432408702273932 0.392584123942982 1
0 1 0 1 0.3174599030732 0.376907828634886 0.305632268291913 1
0 1 0 1 0.593384528203564 0.234280954287436 0.172334517508999 0
0 1 0 1 0.673692791711338 0.228441835778244 0.097865372510418 0
1 0 0 0 0.830293817675696 0.11776974168671 0.051936440637594 0
0 0 1 2 1.57891324241527E-11 3.91234390671805E-06 0.999996087640304 2
1 0 0 0 0.868302520871207 0.114701816511378 0.0169956626174154 0
0 1 0 1 0.796464300358127 0.157644456274716 0.0458912433671567 0
0 0 1 2 0.127500760411336 0.305707846442249 0.566791393146416 2
0 0 1 2 0.11821118977505 0.335704737445239 0.54608407277971 2
1 0 0 0 0.43948290465642 0.364645195475923 0.195871899867656 0
0 0 1 2 0.184430422833895 0.526971060175659 0.288598516990446 1
0 1 0 1 0.245750947612441 0.485563058731811 0.268685993655748 1
1 0 0 0 0.0212080965684068 0.398369350528882 0.580422552902712 2
1 0 0 0 0.735271950238707 0.206789337874426 0.0579387118868676 0
0 0 1 2 0.252641331154062 0.440557589345381 0.306801079500557 1
1 0 0 0 0.593414628249651 0.302079251637746 0.104506120112603 0
0 1 0 1 0.625120555887263 0.277674165524683 0.0972052785880546 0
0 0 1 2 0.813687584340064 0.14991944960256 0.0363929660573756 0
1 0 0 0 0.0920608934371116 0.503448580092302 0.404490526470587 1
1 0 0 0 0.881670947776129 0.0985601694994111 0.0197688827244597 0
1 0 0 0 0.788843024715735 0.171542573414079 0.0396144018701855 0
0 1 0 1 0.877410016444202 0.0889342852748341 0.0336556982809642 0
0 0 1 2 0.370561818298323 0.398670304312999 0.230767877388678 1
0 0 1 2 0.743759135232893 0.154624297358207 0.101616567408899 0
0 1 0 1 0.0632050206568016 0.462453269617137 0.474341709726061 2
0 0 1 2 0.688802657014114 0.252978579199101 0.058218763786785 0
1 0 0 0 0.94812763914296 0.0483690130290014 0.0035033478280385 0
1 0 0 0 0.842748196731072 0.130137131260002 0.0271146720089261 0
0 0 1 2 0.212351437773896 0.292174250861211 0.495474311364893 2
1 0 0 0 0.974880498569862 0.019925486153161 0.00519401527697733 0
1 0 0 0 0.82885796156239 0.146409883674735 0.0247321547628748 0
0 1 0 1 0.181547985975696 0.419432247708374 0.39901976631593 1
0 1 0 1 0.0303966371134964 0.310396203822158 0.659207159064345 2
0 1 0 1 0.86973041669161 0.106984479546767 0.023285103761623 0
0 0 1 2 0.0413580620168308 0.313063577709189 0.64557836027398 2
1 0 0 0 0.90289823792464 0.080836854427786 0.0162649076475738 0
0 1 0 1 0.00249528497030357 0.234585824607568 0.762918890422129 2
1 0 0 0 0.883873957438825 0.0949676582484481 0.021158384312727 0
0 1 0 1 0.448989645856585 0.414972929934018 0.136037424209397 0
0 0 1 2 0.185990531966484 0.46211662441841 0.351892843615106 1
1 0 0 0 0.389381211009216 0.296388595790746 0.314230193200038 0
0 0 1 2 0.637079046139301 0.259584257784619 0.10333669607608 0
0 1 0 1 0.296319900888307 0.476860230946445 0.226819868165248 1
0 0 1 2 0.251576865532831 0.401072251926034 0.347350882541135 1
1 0 0 0 0.962961248068067 0.0299774059313533 0.0070613460005792 0
1 0 0 0 0.83703540542329 0.127812674675306 0.0351519199014032 0
1 0 0 0 0.736969826804599 0.1772565522251 0.0857736209703007 0
0 0 1 2 0.0617087389112251 0.448144751399108 0.490146509689667 2
1 0 0 0 0.587119782206304 0.29851214648646 0.114368071307236 0
0 1 0 1 0.932224406227309 0.0523294747835384 0.0154461189891523 0
0 1 0 1 0.0189961745745003 0.199446544537888 0.781557280887612 2
0 0 1 2 4.1399031202943E-10 3.42262746080526E-05 0.999965773311402 2
0 1 0 1 0.0391731400465527 0.382755930999562 0.578070928953886 2
0 0 1 2 0.000451001602842011 0.135952100665566 0.863596897731592 2
0 1 0 1 0.343039018740714 0.391131379974181 0.265829601285105 1
1 0 0 0 0.683126250123974 0.25363048995751 0.0632432599185157 0
1 0 0 0 0.843762034401918 0.123268305097046 0.0329696605010359 0
0 1 0 1 0.0809860755779946 0.430734194978318 0.488279729443687 2
1 0 0 0 0.00660083710326192 0.271197294152246 0.722201868744492 2
0 1 0 1 0.00806549769038537 0.317041046357996 0.674893455951619 2
1 0 0 0 0.837408825458689 0.119304758553842 0.0432864159874695 0
0 1 0 1 0.0559711861113664 0.379421220542177 0.564607593346457 2
0 1 0 1 0.0562769760302216 0.453301071689316 0.490421952280463 2
0 1 0 1 0.378641886364007 0.41377809900455 0.207580014631443 1
0 0 1 2 0.203867862058019 0.422786126698101 0.37334601124388 1
1 0 0 0 0.986949367217151 0.0105009699124362 0.00254966287041288 0
0 1 0 1 0.267432429077431 0.510767233629962 0.221800337292607 1
1 0 0 0 0.283739404799137 0.45219514590265 0.264065449298213 1
1 0 0 0 0.710315261969161 0.245798566001549 0.0438861720292903 0
0 1 0 1 0.783796664895705 0.180867130285519 0.0353362048187765 0
1 0 0 0 0.669775341576259 0.27822624165279 0.0519984167709514 0
1 0 0 0 0.876911178487914 0.100302363030181 0.0227864584819051 0
1 0 0 0 0.912020769046535 0.072734303617127 0.0152449273363378 0
0 1 0 1 0.0996935697022571 0.48404222233704 0.416264207960703 1
1 0 0 0 0.477705274047637 0.395368905984077 0.126925819968287 0
0 0 1 2 0.0317026493068473 0.383560208909585 0.584737141783568 2
1 0 0 0 0.869266948172756 0.111247954914295 0.0194850969129497 0
0 0 1 2 0.00174750966181797 0.209809669435592 0.78844282090259 2
0 0 1 2 0.498610331792779 0.343855459122062 0.157534209085159 0
0 0 1 2 0.216498796559792 0.515841883206155 0.267659320234053 1
0 0 1 2 0.00904847242079514 0.150717283905058 0.840234243674147 2
0 0 1 2 0.00212348786085487 0.136630921406016 0.861245590733129 2
1 0 0 0 0.946224123686403 0.0452982986204869 0.00847757769310971 0
1 0 0 0 0.924429406785134 0.0655156129360022 0.0100549802788639 0
1 0 0 0 0.83706666317923 0.132669208821551 0.0302641279992195 0
1 0 0 0 0.631620713920838 0.257400892724451 0.110978393354711 0
1 0 0 0 0.710207898109566 0.22289807797311 0.0668940239173238 0
0 1 0 1 0.168249020175412 0.492338967112858 0.33941201271173 1
0 1 0 1 0.0761756962029258 0.463060980125752 0.460763323671322 1
1 0 0 0 0.221148368581262 0.495975167948838 0.282876463469901 1
0 0 1 2 0.0223970825853449 0.309793822280527 0.667809095134129 2
1 0 0 0 0.867093429892702 0.116989380680243 0.0159171894270556 0
0 0 1 2 0.00077091292383384 0.147714452606397 0.851514634469769 2
0 0 1 2 0.108356268357873 0.392115770461392 0.499527961180736 2
0 0 1 2 0.0463420926336011 0.189624841035639 0.76403306633076 2
0 1 0 1 0.32692047061582 0.426827440041841 0.24625208934234 1
1 0 0 0 0.801380409301556 0.169467121761503 0.0291524689369405 0
0 0 1 2 0.139091091048745 0.476338259244649 0.384570649706607 1
0 1 0 1 0.103190094404935 0.512366496365073 0.384443409229991 1
0 1 0 1 0.504010047724353 0.352421504726739 0.143568447548908 0
1 0 0 0 0.967000303859866 0.0259734716668564 0.00702622447327736 0
1 0 0 0 0.97703932076242 0.0185808334352128 0.00437984580236694 0
0 1 0 1 0.210441050503176 0.457008968783916 0.332549980712908 1
0 1 0 1 0.0107611962334613 0.197913497347019 0.79132530641952 2
0 0 1 2 0.00332925296431842 0.247696239088257 0.748974507947425 2
0 0 1 2 0.627674453273901 0.270445043879421 0.101880502846677 0
0 1 0 1 0.525553949513868 0.318620531712614 0.155825518773518 0
1 0 0 0 0.615207982682074 0.299401009615423 0.085391007702503 0
0 1 0 1 0.140136571979091 0.50072490959048 0.35913851843043 1
0 1 0 1 0.77120928206386 0.176617071657535 0.0521736462786044 0
0 1 0 1 0.125645556978941 0.443882286645661 0.430472156375398 1
1 0 0 0 0.901356909945522 0.0856617504054465 0.0129813396490318 0
1 0 0 0 0.239500130780365 0.408233355467445 0.35226651375219 1
1 0 0 0 0.931819455045031 0.0568886507627103 0.0112918941922585 0
0 0 1 2 0.00141130080922241 0.19202644960452 0.806562249586257 2
0 1 0 1 0.000995931652370334 0.104819134209038 0.894184934138592 2
1 0 0 0 0.624382437457705 0.291889305467826 0.0837282570744696 0
1 0 0 0 0.890475774781615 0.0865422366498361 0.0229819885685495 0
0 1 0 1 0.473608388278504 0.345786343053578 0.180605268667918 0
0 1 0 1 0.0807014285554349 0.474133389235343 0.445165182209222 1
0 1 0 1 0.17240143288709 0.523661675538306 0.303936891574604 1
0 1 0 1 0.501323540854635 0.337246883255726 0.16142957588964 0
0 0 1 2 0.0528769892622708 0.473819137052192 0.473303873685537 1
0 0 1 2 0.00355712898997439 0.201748517649396 0.794694353360629 2
0 1 0 1 0.210524428196191 0.286080779371952 0.503394792431857 2
0 0 1 2 0.101239685414135 0.380490365426611 0.518269949159253 2
0 0 1 2 0.134587695541297 0.498568168060755 0.366844136397948 1
0 0 1 2 0.0215710708179532 0.321466460296385 0.656962468885661 2
0 1 0 1 0.884284083839478 0.0857606500766776 0.0299552660838441 0
1 0 0 0 0.405744358831623 0.429003296666303 0.165252344502075 1
1 0 0 0 0.795400738324014 0.140930034906365 0.0636692267696211 0
1 0 0 0 0.954076643851864 0.0320967768089651 0.0138265793391706 0
0 1 0 1 0.419594282681103 0.41479557280788 0.165610144511016 0
1 0 0 0 0.25158737150183 0.463319158383422 0.285093470114748 1
0 0 1 2 0.247256442021438 0.49239447587152 0.260349082107042 1
1 0 0 0 0.911399169342996 0.0783955413399524 0.0102052893170521 0
0 0 1 2 0.0063119109881977 0.152372857453678 0.841315231558124 2
0 0 1 2 0.137513707373356 0.524304592304325 0.338181700322319 1
1 0 0 0 0.928099617134178 0.0613636603037767 0.0105367225620449 0
1 0 0 0 0.740290363264304 0.163899636192826 0.0958100005428699 0
0 0 1 2 0.106130949665599 0.408259154135741 0.48560989619866 2
0 1 0 1 0.00346878500227268 0.254055200634812 0.742476014362916 2
1 0 0 0 0.830350144220127 0.133688834679126 0.0359610211007467 0
0 1 0 1 0.00235593189508119 0.228740067786265 0.768904000318654 2
0 0 1 2 3.46395263021578E-08 0.000501900273264653 0.999498065087209 2
0 1 0 1 0.0744400700455805 0.493231846230802 0.432328083723618 1
0 1 0 1 0.542379323589913 0.346777288450569 0.110843387959518 0
0 0 1 2 0.00513106809032543 0.276534897881003 0.718334034028671 2
0 1 0 1 0.658351672329674 0.270880314374338 0.0707680132959885 0
1 0 0 0 0.580375626185008 0.332748254865028 0.0868761189499638 0
0 0 1 2 0.0229847507786379 0.401235363354141 0.575779885867221 2
1 0 0 0 0.907597071777156 0.0782193188820024 0.0141836093408413 0
1 0 0 0 0.433764082311655 0.403928499769416 0.162307417918928 0
1 0 0 0 0.28858362780985 0.363450911965083 0.347965460225066 1
0 0 1 2 0.00132175036482686 0.0780477346704479 0.920630514964725 2
0 0 1 2 0.0315939550256082 0.415844186690464 0.552561858283928 2
1 0 0 0 0.859234759873334 0.0963693703665758 0.0443958697600905 0
0 0 1 2 0.0583403174599682 0.436377255157211 0.505282427382821 2
1 0 0 0 0.880315050002954 0.0954468875210238 0.024238062476022 0
0 1 0 1 0.736289082700096 0.184858950430402 0.0788519668695023 0
0 0 1 2 0.0238887598869262 0.393150617208599 0.582960622904475 2
0 0 1 2 0.00093208334479886 0.0816597015359082 0.917408215119293 2
0 0 1 2 0.0208489923012146 0.339074302631256 0.640076705067529 2
0 1 0 1 0.345722053887129 0.466530897972714 0.187747048140157 1
0 0 1 2 0.192847623351864 0.365519262744985 0.441633113903151 2
1 0 0 0 0.946572432247277 0.0446014473242136 0.00882612042850926 0
0 0 1 2 0.42550368896469 0.29365526913669 0.28084104189862 0
0 0 1 2 0.159035696451202 0.506441450059526 0.334522853489273 1
0 0 1 2 0.190545107517145 0.438011915299699 0.371442977183156 1
0 0 1 2 0.386776868606929 0.310445659859628 0.302777471533443 0
0 0 1 2 2.68488840854009E-05 0.0362211132894186 0.963752037826496 2
0 1 0 1 0.624069757608805 0.262788774658653 0.113141467732542 0
1 0 0 0 0.93089850147677 0.0544624619084457 0.0146390366147838 0
1 0 0 0 0.921769365795375 0.0665052555822004 0.0117253786224247 0
0 0 1 2 0.124455353879128 0.499615971952788 0.375928674168084 1
0 0 1 2 0.247209925968127 0.517889914592142 0.234900159439731 1
1 0 0 0 0.990154861650788 0.00818386806126768 0.00166127028794444 0
0 1 0 1 0.188107267953055 0.410909504783657 0.400983227263288 1
0 1 0 1 0.000790190311199378 0.130503902936154 0.868705906752646 2
1 0 0 0 0.994655642933374 0.00434037717616088 0.00100397989046466 0
0 0 1 2 0.0667899620907943 0.458482771411767 0.474727266497439 2
1 0 0 0 0.849011664173356 0.127707354802669 0.0232809810239752 0
0 0 1 2 0.131749629316176 0.468179443374876 0.400070927308948 1
0 1 0 1 0.121944911069843 0.445116733546584 0.432938355383573 1
0 1 0 1 0.0129619692556508 0.355919646006913 0.631118384737437 2
0 0 1 2 0.293931621536488 0.445439833874386 0.260628544589126 1
1 0 0 0 0.856874812518597 0.119723784192101 0.0234014032893024 0
0 0 1 2 0.181419904553007 0.340649802938794 0.477930292508199 2
0 0 1 2 0.0227313651795345 0.132098161622615 0.845170473197851 2
1 0 0 0 0.95873678955844 0.0324640995509297 0.0087991108906307 0
1 0 0 0 0.140090698405169 0.481437687399125 0.378471614195706 1
0 1 0 1 0.0634512205959422 0.475967714876088 0.46058106452797 1
1 0 0 0 0.931374578013132 0.0569255356858647 0.0116998863010037 0
1 0 0 0 0.741196870098833 0.177668569014483 0.0811345608866837 0
1 0 0 0 0.803000966153554 0.156544374961773 0.0404546588846733 0
0 1 0 1 0.594804515649861 0.236170453175921 0.169025031174218 0
1 0 0 0 0.902970630433336 0.0754591814612999 0.0215701881053639 0
0 1 0 1 0.256765708742558 0.476544691909634 0.266689599347808 1
0 1 0 1 0.433290772369072 0.295782503330121 0.270926724300807 0
0 1 0 1 0.382733781557616 0.387193531622972 0.230072686819412 1
1 0 0 0 0.912395938896829 0.0751816409764441 0.0124224201267266 0
0 1 0 1 0.244451907496625 0.496585636583031 0.258962455920345 1
0 1 0 1 0.736181239355163 0.227035991649098 0.0367827689957387 0
1 0 0 0 0.105657107418414 0.519216391108523 0.375126501473063 1
0 1 0 1 0.190241716327417 0.4944891965605 0.315269087112083 1
0 0 1 2 1.1555543902899E-08 8.19484147630605E-05 0.999918040029693 2
1 0 0 0 0.88260097111896 0.0921237716384211 0.0252752572426195 0
1 0 0 0 0.975331325972087 0.0201375488657586 0.00453112516215437 0
0 1 0 1 0.804835008988269 0.148644754200098 0.0465202368116324 0
0 1 0 1 0.473273346968075 0.239922567078528 0.286804085953398 0
1 0 0 0 0.336970045501696 0.402615598942276 0.260414355556029 1
0 1 0 1 0.743334186814159 0.180596817066788 0.0760689961190531 0
0 1 0 1 0.337975892494794 0.441929631718168 0.220094475787039 1
0 1 0 1 0.122315337938654 0.522851652976117 0.354833009085229 1
1 0 0 0 0.681523829607379 0.227419493935937 0.0910566764566841 0
1 0 0 0 0.996712993323564 0.00270889556037723 0.000578111116058488 0
0 0 1 2 0.0114670254089684 0.345186829253854 0.643346145337178 2
0 0 1 2 0.169301196003698 0.483288820684174 0.347409983312128 1
0 1 0 1 0.407031988948394 0.435380210950461 0.157587800101146 1
0 0 1 2 0.0570333349393773 0.456137443292606 0.486829221768017 2
0 1 0 1 0.378485640427792 0.441186193897283 0.180328165674925 1
0 0 1 2 0.0777775630796844 0.20272674917781 0.719495687742506 2
0 0 1 2 0.851368811299331 0.121913348928536 0.0267178397721327 0
0 1 0 1 0.809231445405344 0.151456236373597 0.0393123182210594 0
0 1 0 1 0.389375424836399 0.406665516332607 0.203959058830994 1
0 0 1 2 0.0813143350285212 0.447253913485343 0.471431751486136 2
1 0 0 0 0.973048588714534 0.0228521007593563 0.00409931052611012 0
1 0 0 0 0.971777869541562 0.0223451847414983 0.00587694571694002 0
0 1 0 1 0.278889573467329 0.506285289267527 0.214825137265143 1
1 0 0 0 0.674562730227642 0.246629810788822 0.0788074589835358 0
1 0 0 0 0.715775871257435 0.181381631099544 0.102842497643021 0
0 1 0 1 0.720731124372485 0.206030468899429 0.0732384067280858 0
0 1 0 1 0.899654842884433 0.0749914554938512 0.025353701621716 0
0 0 1 2 0.000527269092479133 0.0499435798105524 0.949529151096968 2
0 0 1 2 0.0753597832557791 0.281488457880399 0.643151758863822 2
1 0 0 0 0.752132097312905 0.189734144210654 0.0581337584764413 0
0 0 1 2 0.526321469898401 0.297869497625098 0.175809032476501 0
0 1 0 1 0.210610146824318 0.465189637542994 0.324200215632688 1
0 1 0 1 0.770959208411151 0.152582859712465 0.0764579318763847 0
1 0 0 0 0.90553353170774 0.0750504820631014 0.0194159862291584 0
0 0 1 2 0.00152911227288299 0.0841299199258413 0.914340967801276 2
0 0 1 2 0.000320208740974604 0.0837633412033011 0.915916450055724 2
1 0 0 0 0.898462641620502 0.0818066490703681 0.0197307093091304 0
1 0 0 0 0.695182814645828 0.222922819235615 0.0818943661185572 0
0 0 1 2 0.261473030136452 0.393847871141545 0.344679098722004 1
1 0 0 0 0.591179578377482 0.24399293912907 0.164827482493448 0
0 0 1 2 0.0121752454269894 0.337992185819449 0.649832568753561 2
1 0 0 0 0.985406182608095 0.0117474879714507 0.00284632942045479 0
1 0 0 0 0.602123368789435 0.32827502581469 0.0696016053958758 0
0 0 1 2 0.34796663405776 0.373826598356564 0.278206767585677 1
0 0 1 2 0.0598556934405952 0.415737055838355 0.52440725072105 2
0 0 1 2 0.000658156688404961 0.0269121532039326 0.972429690107662 2
0 1 0 1 0.0440597158356832 0.366326932157676 0.589613352006641 2
1 0 0 0 0.116428930065391 0.490033787551858 0.393537282382751 1
0 1 0 1 0.813371803069329 0.150117575702004 0.036510621228667 0
1 0 0 0 0.910709098921446 0.0726604916900122 0.0166304093885414 0
0 1 0 1 0.321295305293734 0.468362764211858 0.210341930494408 1
1 0 0 0 0.997105981345594 0.00234019348358253 0.000553825170823645 0
1 0 0 0 0.790307837899899 0.169940197116493 0.039751964983608 0
0 1 0 1 0.443118446161977 0.400774017806694 0.156107536031329 0
0 0 1 2 0.0209408809223659 0.361604431230727 0.617454687846907 2
0 1 0 1 0.176178113303513 0.4184077905081 0.405414096188387 1
1 0 0 0 0.988780923568874 0.00897754667664072 0.00224152975448573 0
0 0 1 2 0.114378920736627 0.429282218282554 0.456338860980819 2
0 0 1 2 0.0572603348258032 0.433039377577459 0.509700287596738 2
1 0 0 0 0.99271636670294 0.00601793401926712 0.00126569927779302 0
0 0 1 2 7.9307635713212E-10 4.51093137688708E-05 0.999954889893155 2
0 1 0 1 0.0524226631403011 0.459548833642354 0.488028503217345 2
0 0 1 2 0.00529436010194983 0.242821793958741 0.751883845939309 2
0 1 0 1 0.361256692066402 0.391678369593644 0.247064938339953 1
0 0 1 2 0.00854794168642099 0.272907312933763 0.718544745379816 2
0 1 0 1 0.538047267915241 0.291871338662986 0.170081393421774 0
0 1 0 1 0.190779500596941 0.520714619301709 0.28850588010135 1
0 1 0 1 0.0550736515091492 0.371240743562769 0.573685604928082 2
1 0 0 0 0.115580537516927 0.382208037204705 0.502211425278369 2
1 0 0 0 0.851306310800414 0.128865347375711 0.0198283418238744 0
0 0 1 2 0.416184571363355 0.366142024838246 0.217673403798399 0
1 0 0 0 0.918042001364186 0.0659681245217609 0.0159898741140534 0
0 1 0 1 0.165126918897492 0.486225682682043 0.348647398420465 1
0 0 1 2 0.00143521691177207 0.19537746564676 0.803187317441468 2
1 0 0 0 0.898388442128536 0.0860104920992373 0.0156010657722263 0
0 0 1 2 0.125446735229659 0.472320657575631 0.40223260719471 1
0 0 1 2 0.182216805969677 0.477910713821403 0.33987248020892 1
0 0 1 2 0.00024435617181628 0.110016739751239 0.889738904076945 2
1 0 0 0 0.26417584394715 0.492254552703956 0.243569603348894 1
0 0 1 2 0.00684501101536897 0.259073830337589 0.734081158647042 2
0 0 1 2 0.0252066997761364 0.276760741230641 0.698032558993223 2
0 1 0 1 0.0621414294485956 0.376389686077101 0.561468884474303 2
0 1 0 1 0.0853725936670734 0.299721570332458 0.614905836000468 2
0 1 0 1 0.777197655893531 0.155741140511174 0.0670612035952955 0
1 0 0 0 0.687693108632076 0.228203945763803 0.0841029456041212 0
0 1 0 1 0.0101883263540799 0.294634511931968 0.695177161713952 2
0 0 1 2 0.740839620761487 0.194179260158997 0.0649811190795162 0
0 1 0 1 0.684446092657464 0.241765152475814 0.0737887548667216 0
1 0 0 0 0.952831711937235 0.0405084828424061 0.00665980522035894 0
0 1 0 1 0.772329799668043 0.168406078279842 0.0592641220521148 0
1 0 0 0 0.916000654793047 0.0674086948624006 0.0165906503445527 0
1 0 0 0 0.923622741696561 0.0631572657475495 0.0132199925558894 0
0 0 1 2 0.126236563905 0.381591242161087 0.492172193933913 2
0 0 1 2 0.000504218463167415 0.130182043157335 0.869313738379497 2
1 0 0 0 0.95651360737007 0.03491867299184 0.00856771963809009 0
1 0 0 0 0.0563144596743026 0.454386768061558 0.489298772264139 2
1 0 0 0 0.949270666150901 0.0412835651117221 0.00944576873737702 0
0 0 1 2 0.191536530718143 0.478736751619774 0.329726717662083 1
0 0 1 2 0.029376569659748 0.333756273217767 0.636867157122485 2
0 1 0 1 0.314567842307926 0.397639921683436 0.287792236008639 1
0 0 1 2 0.510473585211546 0.284705001858399 0.204821412930056 0
0 0 1 2 0.0251975018607553 0.231041355934987 0.743761142204258 2
1 0 0 0 0.98710364694195 0.0105464011335962 0.00234995192445428 0
1 0 0 0 0.952900950253858 0.0386755602053235 0.00842348954081858 0
0 1 0 1 0.440834836706417 0.41209066569709 0.147074497596493 0
0 1 0 1 0.224555600550278 0.489795407390839 0.285648992058884 1
0 0 1 2 1.49728165203949E-05 0.00854692807311796 0.991438099110362 2
1 0 0 0 0.948781135402906 0.0423317644529961 0.00888710014409766 0
0 1 0 1 0.680684304429176 0.267103983735555 0.0522117118352692 0
0 1 0 1 0.00485129691322888 0.0695768060882892 0.925571896998482 2
0 0 1 2 0.0183502653461858 0.31783552603427 0.663814208619544 2
1 0 0 0 0.967298207718249 0.0259167104775191 0.00678508180423206 0
1 0 0 0 0.92436563912742 0.0605675611452611 0.0150667997273192 0
0 0 1 2 0.00146555620531987 0.0359380062828955 0.962596437511785 2
0 1 0 1 0.00375283221670648 0.191384292298836 0.804862875484458 2
0 0 1 2 0.0251309224312446 0.378033267326287 0.596835810242469 2
1 0 0 0 0.313212102696161 0.460999913978702 0.225787983325137 1
0 1 0 1 0.592392330241193 0.25199244244841 0.155615227310396 0
1 0 0 0 0.946172394915173 0.043737086429288 0.0100905186555392 0
0 0 1 2 0.110530722714023 0.491815292481352 0.397653984804625 1
0 1 0 1 0.734602673495555 0.180356133908626 0.085041192595819 0
0 1 0 1 0.414767563475374 0.373757528245072 0.211474908279554 0
0 0 1 2 0.0021874064461953 0.117004876324904 0.880807717228901 2
0 0 1 2 0.000880121385380055 0.118440386376091 0.880679492238529 2
0 0 1 2 0.00519921077339617 0.111549879487772 0.883250909738832 2
1 0 0 0 0.555083671180467 0.320636236977572 0.124280091841962 0
0 1 0 1 0.0965072603602658 0.501430587476179 0.402062152163555 1
1 0 0 0 0.992143622825397 0.00642180136729904 0.00143457580730368 0
1 0 0 0 0.879100622265371 0.10457685041105 0.0163225273235787 0
0 0 1 2 0.821080546262434 0.132046905092676 0.0468725486448903 0
1 0 0 0 0.908400665888499 0.073349334478695 0.0182499996328061 0
0 1 0 1 0.0631506830753826 0.475861105161992 0.460988211762625 1
0 0 1 2 1.10666582659767E-06 0.00142129896276805 0.998577594371405 2
0 1 0 1 0.0513086733933478 0.442859854615439 0.505831471991213 2
1 0 0 0 0.895732627599489 0.0741806846524932 0.0300866877480176 0
0 1 0 1 0.304295395765128 0.441198177574586 0.254506426660286 1
0 1 0 1 0.625738964606147 0.222305488584409 0.151955546809444 0
0 1 0 1 0.134691125178802 0.43585751554847 0.429451359272728 1
1 0 0 0 0.601724533513046 0.311487910171856 0.0867875563150977 0
0 1 0 1 0.671179539135403 0.211325339340876 0.117495121523721 0
1 0 0 0 0.693696243366487 0.225886992124772 0.0804167645087412 0
0 1 0 1 0.00402355299571134 0.218463318503349 0.777513128500939 2
0 0 1 2 0.104675253632832 0.361060350796992 0.534264395570177 2
0 0 1 2 0.00583381023388262 0.0990473172188268 0.895118872547291 2
0 1 0 1 0.000524673741528963 0.0768513925438576 0.922623933714613 2
0 1 0 1 0.0352655350500225 0.279863349254291 0.684871115695686 2
1 0 0 0 0.964278903873169 0.027956012978025 0.00776508314880663 0
0 1 0 1 0.0781511840015179 0.459545523280602 0.462303292717881 2
0 1 0 1 0.355656300776902 0.396704962636184 0.247638736586914 1
0 1 0 1 0.449138188444083 0.410198151510664 0.140663660045252 0
0 1 0 1 0.383114101343932 0.299694763914985 0.317191134741083 0
1 0 0 0 0.996304859817423 0.00301370899857838 0.000681431183998208 0
0 1 0 1 0.0553910842416148 0.386265927799859 0.558342987958526 2
1 0 0 0 0.810619543044575 0.151358876868288 0.0380215800871372 0
1 0 0 0 0.884243061775186 0.0874888375907582 0.0282681006340555 0
0 0 1 2 0.176210493290991 0.496986192063363 0.326803314645646 1
0 0 1 2 2.85489264420645E-06 0.00733493853472151 0.992662206572634 2
0 0 1 2 0.0755972786145282 0.44022492454219 0.484177796843282 2
0 0 1 2 0.499091893725175 0.321305160641439 0.179602945633386 0
0 1 0 1 0.775421293028599 0.137347985184594 0.0872307217868076 0
1 0 0 0 0.889341150705191 0.0831743089883639 0.0274845403064449 0
0 1 0 1 0.720367209079952 0.212828398549963 0.0668043923700846 0
0 1 0 1 0.132736243421602 0.464381659093373 0.402882097485025 1
0 0 1 2 0.00615546785061424 0.211677316005116 0.782167216144269 2
0 1 0 1 0.00863198801044013 0.26138323982077 0.729984772168789 2
1 0 0 0 0.992892309665886 0.00588279553062501 0.00122489480348914 0
0 0 1 2 0.282244537900544 0.350755875981175 0.366999586118281 2
0 0 1 2 0.00175205416855752 0.135686942897841 0.862561002933602 2
1 0 0 0 0.922436207443504 0.0669640699284803 0.0105997226280158 0
1 0 0 0 0.843491683714184 0.1191873445982 0.0373209716876157 0
0 0 1 2 0.131378660004042 0.502866503288196 0.365754836707761 1
0 0 1 2 5.9465146892875E-06 0.00521441810529696 0.994779635380014 2
1 0 0 0 0.316790891152172 0.450844908272241 0.232364200575587 1
0 1 0 1 0.50228161688502 0.34220624527766 0.15551213783732 0
1 0 0 0 0.476675287509762 0.380933012209362 0.142391700280875 0
0 0 1 2 0.0366237990883179 0.443507183775848 0.519869017135834 2
0 0 1 2 0.192719130336637 0.488216868538401 0.319064001124962 1
0 0 1 2 0.0254597269742757 0.352549483482099 0.621990789543626 2
0 1 0 1 0.0607453257259115 0.31532460685828 0.623930067415808 2
0 0 1 2 0.131424148236952 0.533716491826488 0.33485935993656 1
1 0 0 0 0.542813559181345 0.316382747950398 0.140803692868257 0
0 0 1 2 0.346868944199547 0.421823362163759 0.231307693636693 1
0 1 0 1 0.323698036507157 0.409667603827105 0.266634359665739 1
0 0 1 2 3.27273334686801E-07 0.00161715743973725 0.998382515286928 2
0 1 0 1 0.81354119221955 0.150946862907685 0.0355119448727649 0
1 0 0 0 0.809262564312715 0.130442164278664 0.0602952714086211 0
1 0 0 0 0.803540036697713 0.136538409037363 0.0599215542649238 0
0 1 0 1 0.437939900575762 0.369231146165839 0.192828953258399 0
1 0 0 0 0.681008528504044 0.23387111334636 0.0851203581495958 0
0 0 1 2 0.524595308517055 0.266396655458409 0.209008036024535 0
1 0 0 0 0.654047754937934 0.274592285959388 0.0713599591026772 0
0 1 0 1 0.00015927854887632 0.0384029210705927 0.961437800380531 2
0 1 0 1 0.311094051637832 0.421220008718372 0.267685939643795 1
0 1 0 1 0.00573755004653691 0.283240731064313 0.71102171888915 2
0 0 1 2 4.00147585754731E-11 6.7030612038791E-06 0.999993296898781 2
0 1 0 1 0.885308532684466 0.0946897662761827 0.0200017010393514 0
0 1 0 1 0.765300797450999 0.19260769813633 0.0420915044126716 0
0 0 1 2 0.344014255742283 0.412114833531836 0.24387091072588 1
0 0 1 2 0.0319712162327989 0.330469373442579 0.637559410324622 2
1 0 0 0 0.136836032846586 0.34059460830751 0.522569358845904 2
0 1 0 1 0.0482264541701345 0.407247016585517 0.544526529244349 2
1 0 0 0 0.914917922615504 0.0691438064586737 0.0159382709258223 0
1 0 0 0 0.886621051760644 0.0857748302845955 0.0276041179547606 0
0 0 1 2 0.028356458919327 0.344182637886608 0.627460903194065 2
1 0 0 0 0.944615969669609 0.0443755232109638 0.0110085071194272 0
1 0 0 0 0.700692065002923 0.234608384856041 0.0646995501410357 0
0 0 1 2 0.00710920970373988 0.229367863407298 0.763522926888962 2
0 0 1 2 0.156836996441447 0.306584976967835 0.536578026590719 2
0 0 1 2 4.67494500710695E-05 0.00557026914935277 0.994382981400576 2
0 1 0 1 0.601642073950188 0.301262559905715 0.0970953661440964 0
1 0 0 0 0.981391959496348 0.015321944214602 0.00328609628905051 0
1 0 0 0 0.889034058715454 0.0922585644828803 0.0187073768016652 0
1 0 0 0 0.722086163095994 0.211707276020985 0.0662065608830218 0
1 0 0 0 0.554198211668926 0.351121290300196 0.0946804980308781 0
1 0 0 0 0.883454446930225 0.0967167965471465 0.0198287565226288 0
0 1 0 1 0.395893842513059 0.385337533969638 0.218768623517304 0
1 0 0 0 0.551003437176291 0.33348874933437 0.115507813489339 0
1 0 0 0 0.909784633077621 0.0772657998775732 0.0129495670448054 0
0 0 1 2 0.000269203868648672 0.0788906089355607 0.920840187195791 2
0 0 1 2 0.172777965103713 0.485770771428661 0.341451263467626 1
0 1 0 1 0.336757636940772 0.381170192291409 0.282072170767819 1
0 0 1 2 4.63699823109791E-05 0.0452820259501399 0.954671604067549 2
0 1 0 1 0.129835878856866 0.527368430942947 0.342795690200188 1
0 0 1 2 0.160350256674741 0.429884043162619 0.409765700162639 1
0 0 1 2 0.671441637806381 0.213106432970735 0.115451929222884 0
1 0 0 0 0.602370414029383 0.267321395737223 0.130308190233394 0
1 0 0 0 0.862942840658775 0.105309609827866 0.0317475495133584 0
1 0 0 0 0.668500715518561 0.254170982142171 0.0773283023392676 0
0 1 0 1 0.488542944762847 0.395938549785859 0.115518505451294 0
1 0 0 0 0.979160029468872 0.0167456466546794 0.00409432387644885 0
0 0 1 2 0.0345913876859068 0.400372505203822 0.565036107110271 2
0 0 1 2 0.000382241306406979 0.106200942649692 0.893416816043901 2
0 0 1 2 0.00121562536704076 0.155541629436709 0.84324274519625 2
0 0 1 2 0.232723451760822 0.307141365798055 0.460135182441123 2
1 0 0 0 0.83773863690811 0.136095685437477 0.0261656776544136 0
0 0 1 2 4.18401460630121E-05 0.016039187274335 0.983918972579602 2
0 0 1 2 0.0680238993903405 0.468772853006619 0.46320324760304 1
0 1 0 1 0.000768523926983348 0.174422573046854 0.824808903026163 2
0 1 0 1 0.0730334035602834 0.396918984932094 0.530047611507622 2
0 0 1 2 0.0921789766424104 0.362686385620015 0.545134637737575 2
1 0 0 0 0.993525335827532 0.00532865346297388 0.00114601070949457 0
0 1 0 1 0.0473449557748686 0.380969352186991 0.57168569203814 2
0 0 1 2 0.0118200111535516 0.10559171518476 0.882588273661689 2
0 0 1 2 0.00997156606979224 0.171311330149751 0.818717103780457 2
0 0 1 2 0.00653167890221034 0.258464140654963 0.735004180442827 2
0 0 1 2 0.186475225293403 0.472543174013684 0.340981600692913 1
1 0 0 0 0.606518970448858 0.27623457882241 0.117246450728732 0
1 0 0 0 0.440352029081598 0.409302299773426 0.150345671144977 0
0 0 1 2 0.0110712462538093 0.157936803344251 0.83099195040194 2
0 1 0 1 0.623844564522783 0.227918320883028 0.148237114594189 0
0 0 1 2 0.0404828438696756 0.447473001663196 0.512044154467128 2
0 0 1 2 0.857604210093151 0.102560861911503 0.0398349279953464 0
0 1 0 1 0.192203097067495 0.451580561131751 0.356216341800755 1
1 0 0 0 0.900100704053026 0.082883084034491 0.0170162119124828 0
1 0 0 0 0.367298618970492 0.460417518548014 0.172283862481494 1
0 0 1 2 0.0380617302099016 0.339247269687151 0.622691000102948 2
0 0 1 2 0.00953141264441622 0.271977501537605 0.718491085817979 2
0 0 1 2 0.151840950971842 0.506511330756197 0.341647718271961 1
0 1 0 1 0.42309867025802 0.414610682739943 0.162290647002037 0
0 0 1 2 0.0110942112081845 0.342385407391674 0.646520381400142 2
0 0 1 2 0.143798784284092 0.23432277367497 0.621878442040938 2
1 0 0 0 0.510795044201046 0.329618253345238 0.159586702453716 0
0 0 1 2 0.000442739655546427 0.087858012693759 0.911699247650695 2
0 1 0 1 0.460210505155039 0.403234758187222 0.136554736657738 0
0 0 1 2 0.214457725693042 0.369853510673995 0.415688763632962 2
1 0 0 0 0.995182491203208 0.00396425624320463 0.00085325255358735 0
0 0 1 2 0.32353549587679 0.408816839688121 0.267647664435089 1
1 0 0 0 0.956787178451825 0.0349907871043667 0.00822203444380821 0
1 0 0 0 0.909344014186017 0.0721379753237988 0.0185180104901838 0
0 1 0 1 0.750059805700486 0.201885755814884 0.0480544384846306 0
0 0 1 2 0.000965278203286614 0.179893492610708 0.819141229186005 2
1 0 0 0 0.905012491517766 0.0815913046419666 0.0133962038402674 0
0 0 1 2 0.281081229744055 0.47416942254198 0.244749347713965 1
0 0 1 2 0.000399441809628413 0.0190753126092993 0.980525245581072 2
0 0 1 2 0.0354333872542199 0.452971932822739 0.511594679923041 2
0 0 1 2 0.0484845234980104 0.366039029507484 0.585476446994506 2
1 0 0 0 0.912699808895882 0.0749587432166477 0.0123414478874699 0
0 0 1 2 0.0168624028520579 0.105534136154679 0.877603460993263 2
1 0 0 0 0.710630391024502 0.237247531498961 0.0521220774765373 0
0 0 1 2 0.430531174376562 0.397333226722472 0.172135598900966 0
0 0 1 2 0.0417117360281591 0.41145826680405 0.546829997167791 2
0 1 0 1 0.220296753799354 0.49889341768101 0.280809828519636 1
1 0 0 0 0.93066141166733 0.0546406176598887 0.0146979706727811 0
0 0 1 2 0.000323231302674521 0.050000567868937 0.949676200828388 2
1 0 0 0 0.823658828483629 0.146915187476812 0.0294259840395593 0
0 0 1 2 0.230554920186536 0.483267949079116 0.286177130734348 1
0 1 0 1 0.394008075558396 0.437188450800309 0.168803473641295 1
1 0 0 0 0.733560407162566 0.192621461110772 0.0738181317266623 0
0 0 1 2 0.101468364505148 0.185605580401487 0.712926055093364 2
0 1 0 1 0.555497034965796 0.343257342142919 0.101245622891285 0
1 0 0 0 0.620609647693451 0.277614256437858 0.101776095868691 0
0 1 0 1 0.454812944346489 0.37100909755589 0.174177958097621 0
0 1 0 1 0.491765883767589 0.398516060199424 0.109718056032986 0
0 0 1 2 0.0178713686632163 0.261323603561597 0.720805027775187 2
0 0 1 2 0.431607359955848 0.330068688074834 0.238323951969318 0
0 0 1 2 0.0542183502593103 0.331552309750609 0.61422933999008 2
0 1 0 1 0.294062220762406 0.4675098058102 0.238427973427394 1
0 1 0 1 0.698454957612943 0.224786995495541 0.076758046891516 0
1 0 0 0 0.860539804900464 0.111570735622479 0.0278894594770571 0
1 0 0 0 0.620419560808093 0.291603773170438 0.0879766660214685 0
0 0 1 2 0.0941214387433618 0.366234886956071 0.539643674300567 2
1 0 0 0 0.634696616034587 0.290473845288074 0.0748295386773392 0
0 1 0 1 0.383910285864304 0.354076479967194 0.262013234168502 0
1 0 0 0 0.866806252645558 0.103610009674376 0.0295837376800668 0
0 0 1 2 0.00248216003654457 0.060488298426471 0.937029541536984 2
0 1 0 1 0.260181128445157 0.444649036243587 0.295169835311256 1
0 0 1 2 0.0119895694278511 0.0941252417032159 0.893885188868933 2
0 1 0 1 0.096110176585394 0.298419080031591 0.605470743383015 2
0 1 0 1 0.205817742607325 0.509881482482838 0.284300774909836 1
0 0 1 2 0.111414751382599 0.390671045737167 0.497914202880234 2
1 0 0 0 0.974686790724527 0.0200173199349021 0.00529588934057086 0
0 1 0 1 0.0289016695293651 0.311273085813549 0.659825244657086 2
0 1 0 1 0.00242073606434052 0.229922823225209 0.76765644071045 2
1 0 0 0 0.81126185203137 0.153916139710124 0.0348220082585066 0
1 0 0 0 0.275611586142612 0.452599728956808 0.27178868490058 1
1 0 0 0 0.856582236258455 0.123829943341074 0.0195878204004714 0
0 1 0 1 0.00711978587243804 0.262469688999797 0.730410525127765 2
0 1 0 1 0.000581953605585677 0.136377328282734 0.86304071811168 2
1 0 0 0 0.881581360907718 0.101539438932552 0.0168792001597294 0
0 0 1 2 0.057410576709211 0.455131145840956 0.487458277449833 2
1 0 0 0 0.357654071812135 0.435355591182331 0.206990337005534 1
0 0 1 2 0.0013588850955469 0.177025814044363 0.82161530086009 2
0 0 1 2 0.0560755447260368 0.344334150741809 0.599590304532154 2
1 0 0 0 0.394292563870563 0.343034505350102 0.262672930779335 0
0 0 1 2 0.246433391015286 0.287471494127743 0.466095114856971 2
0 1 0 1 0.032726672774648 0.40983741131319 0.557435915912162 2
1 0 0 0 0.657222006838631 0.272056382210102 0.0707216109512679 0
0 1 0 1 0.050772467688347 0.478535825933005 0.470691706378648 1
1 0 0 0 0.976606355914367 0.018027925753829 0.00536571833180394 0
0 1 0 1 0.244028600790101 0.509241264503842 0.246730134706057 1
1 0 0 0 0.983543686721852 0.0133304400974235 0.0031258731807244 0
0 1 0 1 0.33411675831844 0.456026834395093 0.209856407286467 1
1 0 0 0 0.765268098295678 0.196911444826677 0.0378204568776453 0
1 0 0 0 0.982112252875417 0.014360085603793 0.00352766152078956 0
0 1 0 1 0.462056341477103 0.384939993134376 0.153003665388522 0
0 1 0 1 0.756389449709162 0.197752261522046 0.0458582887687929 0
0 1 0 1 0.434590794906675 0.332367165275213 0.233042039818112 0
0 0 1 2 0.0058122828545017 0.173531991939487 0.820655725206011 2
0 1 0 1 0.367752479357159 0.450245115300514 0.182002405342327 1
0 1 0 1 0.0413755755437992 0.44979133911613 0.50883308534007 2
1 0 0 0 0.859733312315904 0.120804782218782 0.0194619054653144 0
1 0 0 0 0.187305151344502 0.527523196407077 0.285171652248421 1
0 0 1 2 0.115097366682953 0.385375136029263 0.499527497287784 2
0 1 0 1 0.0389817177616634 0.339486469406607 0.62153181283173 2
0 0 1 2 0.127654810001495 0.32504091678854 0.547304273209965 2
1 0 0 0 0.961662874848184 0.026422991424259 0.0119141337275573 0
0 0 1 2 0.316567443338294 0.405057066957548 0.278375489704158 1
0 1 0 1 0.229393139008073 0.524614618582199 0.245992242409727 1
0 1 0 1 0.0661903672607104 0.333586897332442 0.600222735406848 2
0 0 1 2 0.319350824001088 0.30908628628286 0.371562889716053 2
0 1 0 1 0.604780935432717 0.323835727646274 0.0713833369210094 0
0 0 1 2 0.0049365855000847 0.20894374928193 0.786119665217985 2
0 1 0 1 0.0612324839789107 0.461180376247461 0.477587139773628 2
0 1 0 1 0.221526023572309 0.471216164748674 0.307257811679017 1
1 0 0 0 0.821176511981305 0.129058213058324 0.049765274960371 0
0 1 0 1 0.746194158267253 0.143714601684337 0.11009124004841 0
0 1 0 1 0.273653236662653 0.394373624635097 0.331973138702251 1
1 0 0 0 0.922047745409407 0.0631555414988693 0.0147967130917234 0
0 0 1 2 0.254739457260316 0.304513925006551 0.440746617733133 2
0 0 1 2 0.0263120464917563 0.423428132967253 0.550259820540991 2
0 0 1 2 0.209728910920037 0.298951418481417 0.491319670598546 2
0 1 0 1 0.108773074370063 0.508847824230634 0.382379101399304 1
0 0 1 2 0.00818717057522305 0.141473786023212 0.850339043401565 2
1 0 0 0 0.443476425767789 0.393079673301064 0.163443900931147 0
1 0 0 0 0.260005897681294 0.460566921928508 0.279427180390198 1
0 0 1 2 0.0106806162061147 0.303965585201902 0.685353798591983 2
0 1 0 1 0.587572545880164 0.3172070654913 0.0952203886285363 0
1 0 0 0 0.935846208190865 0.0461062962127724 0.0180474955963627 0
0 1 0 1 0.136734832183422 0.507740653169785 0.355524514646793 1
0 1 0 1 0.180538564222165 0.517961847780699 0.301499587997136 1
0 0 1 2 0.000394426633235594 0.0380815849637581 0.961523988403006 2
0 0 1 2 0.351047836785221 0.462800043917987 0.186152119296792 1
0 1 0 1 0.30703815961539 0.433975448453008 0.258986391931602 1
0 1 0 1 0.443630087827108 0.387274075388583 0.169095836784309 0
0 0 1 2 0.259814559663912 0.452705831757564 0.287479608578524 1
0 0 1 2 0.451227748960659 0.29305886373661 0.255713387302731 0
1 0 0 0 0.901622316843255 0.0792929292572391 0.0190847538995053 0
0 0 1 2 0.00460920540250146 0.273939458956093 0.721451335641406 2
1 0 0 0 0.441864414603294 0.413595452319401 0.144540133077305 0
0 0 1 2 0.031451233682725 0.221184811527689 0.747363954789586 2
1 0 0 0 0.873562024497166 0.0901840351221196 0.0362539403807145 0
1 0 0 0 0.894898427485362 0.0899014071429166 0.0152001653717213 0
1 0 0 0 0.878467660508712 0.0964892698713109 0.0250430696199771 0
1 0 0 0 0.958858387706601 0.0319714961759667 0.00917011611743224 0
0 0 1 2 0.00774886477916831 0.276831419328455 0.715419715892377 2
0 0 1 2 0.00218560515368981 0.223620777389438 0.774193617456872 2
0 1 0 1 0.515162659992378 0.348421618314189 0.136415721693433 0
0 1 0 1 0.0299781747466859 0.358887874265059 0.611133950988255 2
1 0 0 0 0.995659246497368 0.00338041420423875 0.000960339298393334 0
0 0 1 2 0.0119470188000161 0.275636527468469 0.712416453731515 2
0 1 0 1 0.489098218264757 0.389448815888187 0.121452965847056 0
0 0 1 2 0.085016190714665 0.341239061048461 0.573744748236874 2
0 1 0 1 0.185947931915595 0.476132876295386 0.337919191789019 1
0 1 0 1 0.0275310477087672 0.393972065593831 0.578496886697402 2
0 0 1 2 0.649275205394115 0.273216680032121 0.0775081145737637 0
1 0 0 0 0.992955759198764 0.00580616390102629 0.00123807690020965 0
0 0 1 2 0.196623912290117 0.223691724864595 0.579684362845289 2
1 0 0 0 0.867835414368487 0.1037776296732 0.0283869559583128 0
0 1 0 1 0.150527749922963 0.524103956918788 0.325368293158249 1
0 0 1 2 0.474517062419218 0.322000721579786 0.203482216000996 0
0 1 0 1 0.134263655919352 0.427530914153104 0.438205429927544 2
1 0 0 0 0.249462072914353 0.15751906043552 0.593018866650126 2
1 0 0 0 0.00803694105392491 0.201757941870311 0.790205117075764 2
1 0 0 0 0.874744762028003 0.103114768010143 0.0221404699618544 0
0 0 1 2 0.393048115019003 0.289227436876314 0.317724448104684 0
0 0 1 2 0.00178355192307186 0.193100908489285 0.805115539587643 2
0 0 1 2 0.33074065106765 0.361151526053977 0.308107822878373 1
1 0 0 0 0.94699664925659 0.041860682671853 0.0111426680715566 0
0 1 0 1 0.306305183217724 0.497704079746129 0.195990737036148 1
0 1 0 1 0.820319503681853 0.145830685902643 0.0338498104155046 0
0 0 1 2 0.0756941651477971 0.492275805358203 0.432030029494 1
0 0 1 2 0.149848443457744 0.411929092383199 0.438222464159057 2
1 0 0 0 0.766077978713195 0.152961452943488 0.0809605683433174 0
1 0 0 0 0.841155919311818 0.123542217131641 0.0353018635565416 0
0 0 1 2 0.000131132537261507 0.0636983538922135 0.936170513570525 2
0 0 1 2 0.000146962350748499 0.0947858016459338 0.905067236003318 2
0 0 1 2 0.0937051508062901 0.496684181278465 0.409610667915245 1
0 1 0 1 0.343857310820164 0.395572136604146 0.26057055257569 1
0 0 1 2 0.00023162283681734 0.0937029907526971 0.906065386410486 2
0 1 0 1 0.310249647120881 0.467149661027479 0.222600691851641 1
0 0 1 2 3.80390045472504E-08 0.000512023667636023 0.999487938293359 2
0 0 1 2 0.0153804612228478 0.185619698792466 0.798999839984686 2
0 1 0 1 0.132117288730093 0.402354677897003 0.465528033372904 2
1 0 0 0 0.948276236885048 0.041418886090308 0.0103048770246438 0
0 1 0 1 0.101145705062653 0.494093882843978 0.404760412093369 1
1 0 0 0 0.441366137491565 0.41865855423685 0.139975308271585 0
0 0 1 2 0.0885729103743091 0.480711038695174 0.430716050930517 1
0 0 1 2 0.0313860678113113 0.179927357191489 0.7886865749972 2
0 0 1 2 0.00477668896451747 0.273928693621854 0.721294617413629 2
1 0 0 0 0.94320771711886 0.0461974668072335 0.0105948160739064 0
1 0 0 0 0.674812455739426 0.214671155154221 0.110516389106353 0
0 1 0 1 0.882339137265079 0.102238437625458 0.0154224251094628 0
0 0 1 2 0.0529213763802394 0.250057138687114 0.697021484932647 2
1 0 0 0 0.924740558765988 0.0634139707436778 0.011845470490334 0
0 0 1 2 0.278386812037725 0.458655010663174 0.262958177299101 1
1 0 0 0 0.79085054197544 0.169619291969669 0.0395301660548914 0
0 0 1 2 4.60233134605478E-06 0.0118013459425244 0.988194051726129 2
1 0 0 0 0.341806614177086 0.46259227809283 0.195601107730084 1
0 1 0 1 0.292594780150176 0.437245565269172 0.270159654580652 1
0 0 1 2 0.00232174681138713 0.224885057982161 0.772793195206452 2
1 0 0 0 0.979017270672306 0.0173227895112099 0.00365993981648442 0
0 0 1 2 0.00378929328341661 0.0819250922899072 0.914285614426676 2
0 0 1 2 0.373210438103147 0.29864042049549 0.328149141401363 0
1 0 0 0 0.695628767414345 0.216246665007463 0.0881245675781919 0
1 0 0 0 0.0697723420211319 0.426875170745931 0.503352487232937 2
1 0 0 0 0.667574113020242 0.262993000748632 0.0694328862311269 0
0 0 1 2 0.246864076198855 0.359283988464752 0.393851935336393 2
0 1 0 1 0.0790789631982415 0.438417683985832 0.482503352815926 2
0 1 0 1 0.318805365546816 0.332188105603132 0.349006528850052 2
0 0 1 2 0.00338926031586214 0.0985754579495252 0.898035281734613 2
0 1 0 1 0.766893755443855 0.15757382105699 0.0755324234991542 0
0 0 1 2 0.00631343226109482 0.296511870046826 0.69717469769208 2
0 1 0 1 0.59722119626367 0.226725579961201 0.176053223775128 0
1 0 0 0 0.281373822686077 0.430217205519532 0.288408971794391 1
0 0 1 2 0.0223779256937386 0.26627842893222 0.711343645374042 2
0 1 0 1 0.147655733751154 0.490618830408055 0.361725435840791 1
0 1 0 1 0.0846413239808664 0.435967738160598 0.479390937858536 2
0 1 0 1 0.202210672489577 0.477284361171123 0.320504966339299 1
0 1 0 1 0.728738122201771 0.191422115733704 0.0798397620645253 0
0 0 1 2 0.00453483693691729 0.243550129617073 0.75191503344601 2
0 1 0 1 0.870175790098298 0.109188575398185 0.0206356345035171 0
0 0 1 2 0.0281680858247245 0.352209534161073 0.619622380014203 2
1 0 0 0 0.267550726401744 0.485457613992208 0.246991659606048 1
0 1 0 1 0.165444383004434 0.501093272979592 0.333462344015974 1
0 0 1 2 0.023521411410584 0.297273397204232 0.679205191385185 2
1 0 0 0 0.892729971576438 0.0881632359827286 0.0191067924408338 0
0 0 1 2 4.54285418937077E-09 6.29747572032042E-05 0.999937020699943 2
0 1 0 1 0.288679127574484 0.489404775854556 0.22191609657096 1
0 1 0 1 0.520741989776773 0.320658905795427 0.158599104427801 0
0 0 1 2 0.742282382800496 0.207415313775093 0.0503023034244118 0
0 0 1 2 0.000328055904192611 0.0755059049085899 0.924166039187218 2
1 0 0 0 0.942587768671435 0.0474125086869989 0.00999972264156651 0
0 1 0 1 0.348983205277956 0.34186074750048 0.309156047221564 0
0 1 0 1 0.148391631666179 0.517779699784777 0.333828668549044 1
0 1 0 1 0.00142999435385679 0.196254827816262 0.802315177829881 2
0 0 1 2 0.0403803456789437 0.389236431146924 0.570383223174132 2
0 1 0 1 0.196449707150805 0.462250358309006 0.341299934540188 1
0 0 1 2 0.00279566569959986 0.180062264217308 0.817142070083092 2
1 0 0 0 0.861507409501012 0.115401853634344 0.0230907368646435 0
1 0 0 0 0.861882577879945 0.113416378876036 0.0247010432440193 0
1 0 0 0 0.891550947918131 0.0947622660170284 0.0136867860648403 0
0 0 1 2 0.0789844789388599 0.490924292174469 0.430091228886671 1
1 0 0 0 0.934487230519946 0.0551105052559674 0.0104022642240868 0
0 1 0 1 0.190720315860241 0.497036560645113 0.312243123494646 1
0 0 1 2 0.000212868817657911 0.0529117477666528 0.946875383415689 2
0 0 1 2 0.196819620623488 0.527623872405402 0.27555650697111 1
1 0 0 0 0.883846932218339 0.100283413755862 0.015869654025799 0
1 0 0 0 0.0214711877710937 0.336379328277844 0.642149483951063 2
0 1 0 1 0.0239381932425227 0.409475570126138 0.566586236631339 2
1 0 0 0 0.871875218212215 0.105725324961599 0.0223994568261852 0
1 0 0 0 0.827466587827133 0.14124101177868 0.0312924003941866 0
0 1 0 1 0.0110766222239983 0.309149145864383 0.679774231911619 2
0 0 1 2 0.0473029818548549 0.34340020972553 0.609296808419615 2
0 0 1 2 0.000195337269698996 0.0748513466918967 0.924953316038404 2
0 1 0 1 1.43103291704647E-05 0.0425770811277328 0.957408608543097 2
1 0 0 0 0.854817397755074 0.12447249637787 0.0207101058670558 0
1 0 0 0 0.770380648652402 0.190157989445256 0.039461361902342 0
0 1 0 1 0.930104371927446 0.0596084452919137 0.01028718278064 0
0 1 0 1 0.429689187052436 0.399298050912415 0.171012762035149 0
1 0 0 0 0.996563011903444 0.00284504022920793 0.00059194786734806 0
0 1 0 1 0.478706918746521 0.374520312338313 0.146772768915166 0
1 0 0 0 0.644491901691575 0.229975371216481 0.125532727091944 0
0 1 0 1 0.702125832248147 0.228718289603157 0.0691558781486963 0
1 0 0 0 0.818488981267445 0.121486453854972 0.0600245648775827 0
0 1 0 1 0.0548392001470491 0.156622504647655 0.788538295205296 2
1 0 0 0 0.906583104375264 0.0733538804974378 0.0200630151272977 0
1 0 0 0 0.912653432640522 0.0700006283370969 0.017345939022381 0
1 0 0 0 0.229219118000339 0.499755769396436 0.271025112603225 1
0 0 1 2 0.0200138245051946 0.329220698458546 0.650765477036259 2
0 1 0 1 0.255771830687509 0.503494774696881 0.24073339461561 1
1 0 0 0 0.994206126305523 0.00559587004073935 0.000198003653737921 0
1 0 0 0 0.623301703817684 0.278052932580432 0.0986453636018844 0
0 0 1 2 0.0806215238997341 0.44179818689633 0.477580289203936 2
1 0 0 0 0.728007749909636 0.196912150848129 0.0750800992422354 0
0 1 0 1 0.541933166142803 0.365063062012188 0.0930037718450088 0
0 0 1 2 8.2851315443817E-05 0.086674981398901 0.913242167285655 2
0 1 0 1 0.354869833257715 0.411119260434307 0.234010906307978 1
0 0 1 2 0.000374864815037662 0.0649235283913855 0.934701606793577 2
0 0 1 2 0.77007070212657 0.19048769717225 0.0394416007011803 0
0 1 0 1 0.235154789251559 0.471923362132734 0.292921848615707 1
1 0 0 0 0.963816038762123 0.0291779489907465 0.00700601224713024 0
1 0 0 0 0.762598597151056 0.177682073285295 0.059719329563649 0
1 0 0 0 0.721853667651629 0.216580340804 0.061565991544371 0
1 0 0 0 0.929719481893775 0.0564072192997667 0.0138732988064578 0
0 0 1 2 6.33885457368515E-10 3.18951997153926E-05 0.999968104166399 2
0 0 1 2 0.153481265794436 0.441534105517213 0.404984628688351 1
1 0 0 0 0.512474969889886 0.371170931879006 0.116354098231108 0
1 0 0 0 0.53906774115527 0.363041795891443 0.0978904629532877 0
0 0 1 2 0.0144258112737086 0.367449305333683 0.618124883392608 2
1 0 0 0 0.876503217902974 0.108073441554173 0.0154233405428534 0
0 0 1 2 0.223678949523269 0.363608688950854 0.412712361525877 2
0 0 1 2 0.213668036561748 0.378666195360721 0.40766576807753 2
1 0 0 0 0.787531713319344 0.174576702435055 0.0378915842456013 0
0 0 1 2 0.00367111821654351 0.241558221583187 0.75477066020027 2
1 0 0 0 0.723264040679394 0.185265865914996 0.0914700934056107 0
0 1 0 1 0.169898310568181 0.486304848993468 0.34379684043835 1
0 0 1 2 0.125132095241963 0.411733271038894 0.463134633719143 2
1 0 0 0 0.876312068811116 0.101724141121061 0.0219637900678232 0
0 0 1 2 0.117486703051004 0.487006965467471 0.395506331481525 1
1 0 0 0 0.826164133819184 0.136490821698536 0.0373450444822802 0
0 1 0 1 0.22549284866818 0.475583847951631 0.298923303380189 1
0 1 0 1 0.208012459009914 0.498761711283674 0.293225829706412 1
0 1 0 1 0.671474382316397 0.259816489907668 0.0687091277759348 0
0 1 0 1 0.0920822811511974 0.479076037843906 0.428841681004897 1
0 1 0 1 0.261491150049497 0.473838506703316 0.264670343247186 1
0 1 0 1 0.308011053210329 0.441841860488301 0.25014708630137 1
0 1 0 1 0.206374470411782 0.340015251868984 0.453610277719234 2
0 1 0 1 0.230907533450322 0.507192438977158 0.26190002757252 1
1 0 0 0 0.841596097306815 0.133430124368236 0.0249737783249485 0
0 1 0 1 0.360563124542659 0.3431960822487 0.296240793208641 0
0 1 0 1 0.19942074202239 0.520868322655978 0.279710935321632 1
1 0 0 0 0.968556602611783 0.0252665710592272 0.00617682632899026 0
1 0 0 0 0.899338984050633 0.0806099106452064 0.0200511053041601 0
1 0 0 0 0.896784394660346 0.0910853507230256 0.0121302546166285 0
0 0 1 2 0.00216883698309005 0.0693643104273034 0.928466852589606 2
1 0 0 0 0.997142998913424 0.00233880790751841 0.000518193179057832 0
1 0 0 0 0.996997839832761 0.00241103350764814 0.000591126659590607 0
0 1 0 1 0.313281181222379 0.472026514536211 0.21469230424141 1
0 1 0 1 0.593548096399176 0.322316978237941 0.0841349253628822 0
0 0 1 2 0.366288598626588 0.345380769343548 0.288330632029864 0
1 0 0 0 0.426084394129398 0.411725772624731 0.16218983324587 0
0 0 1 2 0.00124064728352988 0.101949137481176 0.896810215235295 2
0 0 1 2 0.0454576248196275 0.340986300624908 0.613556074555465 2
1 0 0 0 0.896649221874347 0.0836772965058346 0.0196734816198185 0
0 1 0 1 0.032192632418346 0.416581039723659 0.551226327857995 2
1 0 0 0 0.970720269308733 0.0236473843271442 0.00563234636412253 0
0 0 1 2 2.1917181057818E-05 0.00779770720797514 0.992180375610967 2
0 1 0 1 0.186314955413068 0.481315834204278 0.332369210382654 1
1 0 0 0 0.986036536181708 0.0113798356823126 0.00258362813597956 0
1 0 0 0 0.777671512331133 0.138784654426837 0.0835438332420298 0
1 0 0 0 0.713349174590848 0.237801723242475 0.0488491021666766 0
0 0 1 2 0.164827315797692 0.485711038409006 0.349461645793303 1
0 0 1 2 0.0020012135512814 0.217295251181421 0.780703535267298 2
0 0 1 2 0.13453729146146 0.530222195873592 0.335240512664949 1
0 1 0 1 0.584921678088959 0.336190074686675 0.0788882472243656 0
0 0 1 2 4.48674325199413E-06 0.00422030290877552 0.995775210347973 2
0 0 1 2 0.000707560080331427 0.121883338313987 0.877409101605682 2
1 0 0 0 0.696218602499745 0.250409087373377 0.0533723101268783 0
0 1 0 1 0.306221554954533 0.496352990928652 0.197425454116815 1
0 0 1 2 0.00233918013100736 0.0590929581141562 0.938567861754837 2
1 0 0 0 0.89604628695345 0.0713258577133085 0.0326278553332412 0
0 0 1 2 0.282596379268702 0.502258099024126 0.215145521707172 1
0 1 0 1 0.0270690242833437 0.425385673849447 0.547545301867209 2
0 0 1 2 0.00138305066686968 0.205620110701808 0.792996838631322 2
0 0 1 2 0.0438957067489917 0.262439382785124 0.693664910465884 2
0 0 1 2 0.142139104455876 0.491282781390905 0.366578114153219 1
1 0 0 0 0.941548518429237 0.0505143721837777 0.00793710938698501 0
1 0 0 0 0.967490133909302 0.0257236228213025 0.00678624326939589 0
0 1 0 1 0.000430041393692045 0.0769529641773782 0.92261699442893 2
0 1 0 1 0.751270468992684 0.175003502402179 0.0737260286051367 0
1 0 0 0 0.403583477243103 0.317088796391822 0.279327726365074 0
0 0 1 2 0.00052993905396925 0.0736175611383782 0.925852499807653 2
0 1 0 1 0.103968644347081 0.498807360359192 0.397223995293728 1
0 0 1 2 0.682307903023098 0.262688185233609 0.0550039117432934 0
0 0 1 2 0.0489032425735292 0.339585529445942 0.611511227980529 2
0 1 0 1 0.485608032255612 0.363787268811956 0.150604698932432 0
0 0 1 2 0.152002772480264 0.400738768404824 0.447258459114912 2
0 1 0 1 0.465338241142013 0.409669113705764 0.124992645152223 0
1 0 0 0 0.262936820037777 0.485716075227534 0.25134710473469 1
0 0 1 2 0.259382028692278 0.413804992989224 0.326812978318498 1
0 1 0 1 0.252023361845114 0.501096921025174 0.246879717129712 1
0 1 0 1 0.0653508709246145 0.488632576111775 0.446016552963611 1
1 0 0 0 0.996861496442468 0.00263817471411989 0.000500328843411657 0
0 0 1 2 0.00111502195327589 0.103140844828458 0.895744133218266 2
0 0 1 2 0.348249571741458 0.462867598799356 0.188882829459186 1
0 0 1 2 0.000325133056273504 0.0855244093598731 0.914150457583853 2
1 0 0 0 0.95340315226086 0.0322870437898658 0.0143098039492747 0
1 0 0 0 0.927566702027644 0.0570844210173595 0.0153488769549969 0
1 0 0 0 0.93297887666204 0.0570427749816423 0.00997834835631719 0
0 0 1 2 0.207053718201411 0.332366921542227 0.460579360256362 2
0 0 1 2 0.0224413827157848 0.366842758383525 0.61071585890069 2
0 1 0 1 0.872425951346399 0.104617784603829 0.0229562640497717 0
0 0 1 2 0.282437564550044 0.42657127330731 0.290991162142646 1
0 1 0 1 0.0712684913998482 0.49769393376294 0.431037574837212 1
0 1 0 1 0.685496077722218 0.214510349007952 0.0999935732698296 0
0 1 0 1 0.872929666733919 0.107474038189468 0.0195962950766126 0
1 0 0 0 0.858706005806431 0.111014928015073 0.0302790661784959 0
