8 7 3
-0.66206 1.29150 2.97709 -1.24792 -0.10240 -2.18380 1.71863 
-2.27602 0.25052 0.80483 0.01695 -1.69787 1.76108 0.26526 
-2.78684 0.81958 -0.13566 -0.78168 0.38523 -0.32117 -1.01906 
0.50686 -0.67720 -2.46653 0.43988 0.60643 -0.56454 -0.20537 
-1.40421 1.03540 -5.03761 -1.37838 3.22940 -3.69627 -3.33081 
-0.41179 -0.97478 2.70369 1.89332 -9.08287 3.84090 3.06204 
-1.86124 0.63032 -0.13664 -0.46607 -0.30202 -1.64421 -1.40827 
-2.46726 1.46935 -5.11820 -1.72332 5.10102 -4.34112 -4.11393 
1.33039 0.13062 0.28762 -0.27217 -0.38977 2.45706 3.16712 
8.86374 6.47552 5.77274 
-4.57846 -2.81796 -2.85245 
2.47396 0.88819 0.02759 
4.39135 2.93359 2.34118 
1.64576 3.50461 8.16444 
-0.00065 -1.97212 -3.04752 
-4.13057 -6.36310 -7.46693 
-9.66501 -10.39494 -6.71667 
