4 13 3
0.05763 -0.11130 -0.21771 0.09050 0.14835 0.05668 0.10414 0.09875 -0.14816 0.14914 0.19153 0.22802 -0.16243 
0.13132 0.12413 -0.05089 0.10418 -0.01543 -0.06285 -0.12738 -0.08016 0.24926 -0.09047 -0.11592 -0.14231 0.02362 
0.01802 -0.26218 -0.24373 -0.00497 0.18089 0.14033 0.18276 0.12529 -0.26813 0.17782 0.33473 0.28984 -0.18218 
-0.07858 -0.26633 -0.17425 -0.01410 0.27526 -0.03525 0.14170 0.26906 -0.25851 0.14026 0.28754 0.44919 -0.23062 
0.07811 0.08082 0.06254 0.06447 -0.15548 -0.05109 -0.12846 -0.03262 0.03942 -0.11517 -0.21659 -0.18944 0.20898 
0.16796 0.04060 0.06273 
0.26632 -0.13598 -0.32623 
0.15994 0.02783 -0.34662 
0.08306 -0.02333 0.06137 
-0.26750 0.00215 0.26734 
-0.10991 -0.00502 0.03938 
-0.21053 0.06603 0.18599 
-0.19179 0.02177 0.26480 
0.31490 -0.18871 -0.29001 
-0.20334 0.06096 0.22425 
-0.37833 0.07853 0.36774 
-0.46817 -0.00130 0.49154 
0.30502 0.01879 -0.21724 
0.32773 -0.02481 0.04401 
