0 1 0 1 0.243885468413878 0.286474453632524 0.469640077953598 2
0 1 0 1 0.180023110754349 0.27102618234777 0.548950706897881 2
0 0 1 2 0.182309658837027 0.269727582858807 0.547962758304167 2
1 0 0 0 0.557499911254069 0.243283889903751 0.19921619884218 0
0 1 0 1 0.24024380788031 0.281982668074155 0.477773524045535 2
1 0 0 0 0.562072943170686 0.241347083509436 0.196579973319878 0
1 0 0 0 0.556898365038757 0.243864293364781 0.199237341596462 0
0 0 1 2 0.138336071254513 0.252775506751295 0.608888421994192 2
0 0 1 2 0.126604902479118 0.246189466293251 0.627205631227631 2
0 0 1 2 0.0976523033878317 0.226015589314416 0.676332107297752 2
0 0 1 2 0.108095784565443 0.237923345921113 0.653980869513444 2
0 0 1 2 0.170345441859443 0.267051300066976 0.562603258073582 2
0 1 0 1 0.20198306945306 0.278289340455801 0.51972759009114 2
0 0 1 2 0.112129339288895 0.239479449430154 0.648391211280951 2
0 0 1 2 0.120490449360029 0.245034556316014 0.634474994323957 2
0 0 1 2 0.0895117559368836 0.223988890815969 0.686499353247147 2
1 0 0 0 0.530365602404012 0.248307423470997 0.221326974124991 0
0 1 0 1 0.177970128529564 0.271090024979016 0.55093984649142 2
0 1 0 1 0.301918538711128 0.292502662423858 0.405578798865014 2
0 0 1 2 0.0894935588022684 0.225169005775193 0.685337435422539 2
0 0 1 2 0.151856040892921 0.257903832996177 0.590240126110902 2
0 1 0 1 0.266788519256137 0.284128416991904 0.449083063751959 2
0 1 0 1 0.182309569119988 0.269742399905281 0.547948030974731 2
1 0 0 0 0.528901521843651 0.251408260442903 0.219690217713445 0
0 0 1 2 0.134638945731294 0.253914151794225 0.611446902474482 2
0 1 0 1 0.189916023681988 0.270075447383358 0.540008528934653 2
1 0 0 0 0.559274526516817 0.244158608788697 0.196566864694486 0
0 0 1 2 0.155393772197826 0.260144667342004 0.58446156046017 2
0 0 1 2 0.144401684498947 0.256108999223989 0.599489316277065 2
0 0 1 2 0.162086862299675 0.264781390315953 0.573131747384372 2
0 0 1 2 0.12723540996599 0.24724779122277 0.62551679881124 2
0 0 1 2 0.10945792843456 0.236887359475635 0.653654712089805 2
0 0 1 2 0.107801484153178 0.232054266104751 0.660144249742071 2
0 1 0 1 0.229992187196772 0.279922591922364 0.490085220880864 2
1 0 0 0 0.577611452596414 0.233272769084143 0.189115778319442 0
0 1 0 1 0.265462855924962 0.286507859383017 0.448029284692021 2
0 1 0 1 0.238082395620098 0.282551509181695 0.479366095198207 2
1 0 0 0 0.539405140556542 0.25049643398664 0.210098425456817 0
0 0 1 2 0.138805204641368 0.251948940187346 0.609245855171286 2
0 1 0 1 0.189562266621963 0.272041541204083 0.538396192173954 2
1 0 0 0 0.593879878369 0.228848703602839 0.177271418028161 0
1 0 0 0 0.509317127045892 0.255990567323892 0.234692305630216 0
0 0 1 2 0.125233140103047 0.246972037782391 0.627794822114563 2
1 0 0 0 0.543636719178921 0.245860086966251 0.210503193854828 0
1 0 0 0 0.560633101725149 0.24311297023697 0.196253928037882 0
0 1 0 1 0.182984842186956 0.274321523546035 0.542693634267009 2
1 0 0 0 0.563344473897328 0.243424437758944 0.193231088343728 0
0 0 1 2 0.111649200841516 0.238652683354908 0.649698115803576 2
0 0 1 2 0.177036278221925 0.268497543447635 0.554466178330441 2
1 0 0 0 0.560626616600021 0.240526181622673 0.198847201777306 0
