1 0 0 0 0.553462728392308 0.242733542442081 0.20380372916561 0
0 0 1 2 0.0993220901945202 0.228503078495376 0.672174831310103 2
1 0 0 0 0.529575948696832 0.250805972704926 0.219618078598242 0
0 1 0 1 0.207228194967017 0.273925887943055 0.518845917089928 2
0 1 0 1 0.252213886418887 0.284027592132335 0.463758521448777 2
0 0 1 2 0.122229197528241 0.247112919238053 0.630657883233705 2
0 1 0 1 0.248581121709692 0.284462167112406 0.466956711177902 2
0 0 1 2 0.176513590586548 0.267953239399696 0.555533170013757 2
0 0 1 2 0.113256111490991 0.239369327578707 0.647374560930303 2
0 0 1 2 0.156900923241382 0.265035031562479 0.578064045196139 2
0 1 0 1 0.222685305553937 0.278449739775035 0.498864954671027 2
0 1 0 1 0.212603416410724 0.277321352310078 0.510075231279199 2
0 0 1 2 0.170612763441864 0.26807891190188 0.561308324656256 2
0 1 0 1 0.229649024581888 0.279658910742147 0.490692064675964 2
1 0 0 0 0.571638036436823 0.238113052945563 0.190248910617614 0
0 0 1 2 0.175342677742891 0.270322280193361 0.554335042063748 2
1 0 0 0 0.570312974261058 0.240488578410475 0.189198447328467 0
1 0 0 0 0.606472728517769 0.227015919926202 0.166511351556029 0
1 0 0 0 0.548103026636107 0.243324531816064 0.208572441547829 0
0 1 0 1 0.207190161609543 0.274674193985536 0.518135644404922 2
1 0 0 0 0.568687046724393 0.240286818254388 0.191026135021219 0
1 0 0 0 0.557380725613651 0.244543716611308 0.198075557775041 0
1 0 0 0 0.549502650593065 0.245980249529914 0.204517099877021 0
0 0 1 2 0.12687507057973 0.250835352656293 0.622289576763976 2
0 0 1 2 0.111873048635452 0.238959101336269 0.649167850028279 2
0 1 0 1 0.163750632608336 0.263047884937376 0.573201482454288 2
0 0 1 2 0.147724196330108 0.260569429290243 0.591706374379649 2
0 1 0 1 0.261499027797365 0.285268820461462 0.453232151741173 2
0 1 0 1 0.329530079025868 0.288662903721524 0.381807017252608 2
0 1 0 1 0.332971147236791 0.2895823473459 0.377446505417309 2
1 0 0 0 0.502053540301317 0.258647504238091 0.239298955460592 0
1 0 0 0 0.559274526516817 0.244158608788697 0.196566864694486 0
0 1 0 1 0.253795570225362 0.285229591688314 0.460974838086324 2
0 1 0 1 0.225750941706679 0.280220137735061 0.49402892055826 2
1 0 0 0 0.562558476431935 0.242012728060656 0.195428795507408 0
0 1 0 1 0.218247929756165 0.277659262378566 0.504092807865269 2
0 1 0 1 0.26434573006568 0.284043557550205 0.451610712384115 2
1 0 0 0 0.568166436852119 0.238295749463737 0.193537813684144 0
0 1 0 1 0.178064028447848 0.266641121558242 0.55529484999391 2
1 0 0 0 0.547516648735228 0.245143475891799 0.207339875372973 0
1 0 0 0 0.559274526516817 0.244158608788697 0.196566864694486 0
0 1 0 1 0.191570280951235 0.269455753551687 0.538973965497078 2
0 0 1 2 0.0917016290932778 0.225906128282662 0.682392242624061 2
0 1 0 1 0.251212143218829 0.285619414364858 0.463168442416313 2
1 0 0 0 0.550118957437424 0.244868286546769 0.205012756015807 0
0 1 0 1 0.323724288285373 0.290351522965568 0.385924188749059 2
1 0 0 0 0.513912615679514 0.254811962393979 0.231275421926507 0
1 0 0 0 0.522895588740709 0.258636702522909 0.218467708736382 0
0 1 0 1 0.211492864955001 0.277049367950067 0.511457767094933 2
1 0 0 0 0.598767265623131 0.232314161035819 0.16891857334105 0
