0 1 1 0.0311334094404223 0.968866590559578 1
1 0 0 0.993312532933645 0.00668746706635481 0
1 0 0 0.136589526454459 0.863410473545541 1
1 0 0 0.986091435559715 0.0139085644402847 0
1 0 0 0.980348719149673 0.019651280850327 0
1 0 0 0.985154552661788 0.0148454473382125 0
1 0 0 0.99170865753194 0.00829134246806013 0
1 0 0 0.993312532933645 0.00668746706635481 0
1 0 0 0.99170865753194 0.00829134246806013 0
0 1 1 0.0175290178307242 0.982470982169276 1
1 0 0 0.9804103853643 0.0195896146356999 0
0 1 1 0.0188877572103652 0.981112242789635 1
0 1 1 0.214832909928828 0.785167090071172 1
0 1 1 0.0112502550236337 0.988749744976366 1
1 0 0 0.976539049796832 0.0234609502031674 0
1 0 0 0.951642667281515 0.048357332718485 0
1 0 0 0.962733645111077 0.0372663548889225 0
1 0 0 0.989214977979978 0.0107850220200223 0
0 1 1 0.0115839877252694 0.988416012274731 1
0 1 1 0.0218604856391689 0.978139514360831 1
1 0 0 0.985154552661788 0.0148454473382125 0
0 1 1 0.0272848530605942 0.972715146939406 1
1 0 0 0.993674201396661 0.00632579860333851 0
1 0 0 0.980077725635551 0.0199222743644488 0
1 0 0 0.99018902063872 0.00981097936127987 0
1 0 0 0.939449713748309 0.0605502862516909 0
0 1 1 0.0642642201714222 0.935735779828578 1
1 0 0 0.946365544044336 0.0536344559556635 0
0 1 1 0.0153446476937139 0.984655352306286 1
1 0 0 0.984484418331587 0.0155155816684134 0
1 0 0 0.993312532933645 0.00668746706635481 0
1 0 0 0.971339754131869 0.0286602458681309 0
1 0 0 0.981849884254133 0.0181501157458669 0
0 1 1 0.015850115191367 0.984149884808633 1
1 0 0 0.984117570132286 0.0158824298677144 0
1 0 0 0.986619560660545 0.0133804393394549 0
1 0 0 0.980433648013896 0.0195663519861036 0
1 0 0 0.9804103853643 0.0195896146356999 0
1 0 0 0.330782777885504 0.669217222114496 1
1 0 0 0.843605471748931 0.156394528251069 0
0 1 1 0.0199604313795629 0.980039568620437 1
1 0 0 0.963068014398571 0.0369319856014294 0
1 0 0 0.989059204492857 0.0109407955071428 0
1 0 0 0.985154552661788 0.0148454473382125 0
1 0 0 0.993312532933645 0.00668746706635481 0
1 0 0 0.963442527015472 0.0365574729845276 0
0 1 1 0.0119899012464041 0.988010098753596 1
1 0 0 0.989529674736982 0.0104703252630177 0
0 1 1 0.144236212085217 0.855763787914783 1
0 1 1 0.0622891319699026 0.937710868030097 1
1 0 0 0.9804103853643 0.0195896146356999 0
1 0 0 0.99170865753194 0.00829134246806013 0
1 0 0 0.962242786018027 0.0377572139819733 0
1 0 0 0.985633096422798 0.0143669035772021 0
1 0 0 0.987171642409649 0.0128283575903514 0
1 0 0 0.986362445112626 0.0136375548873738 0
0 1 1 0.0145108682275026 0.985489131772497 1
0 1 1 0.0230861605400611 0.976913839459939 1
1 0 0 0.961519797634543 0.0384802023654566 0
0 1 1 0.011059382234479 0.988940617765521 1
1 0 0 0.957809860312615 0.0421901396873854 0
1 0 0 0.972773094141304 0.0272269058586957 0
1 0 0 0.985154552661788 0.0148454473382125 0
1 0 0 0.956478325860833 0.0435216741391667 0
0 1 1 0.260331114661623 0.739668885338377 1
1 0 0 0.962733645111077 0.0372663548889225 0
1 0 0 0.982002482281852 0.0179975177181476 0
1 0 0 0.962834342716644 0.0371656572833561 0
0 1 1 0.0350402525315442 0.964959747468456 1
1 0 0 0.988198330816269 0.0118016691837315 0
1 0 0 0.985154552661788 0.0148454473382125 0
0 1 1 0.480646752438752 0.519353247561248 1
1 0 0 0.98329276497865 0.0167072350213496 0
1 0 0 0.989529674736982 0.0104703252630177 0
1 0 0 0.971146553205426 0.0288534467945746 0
0 1 1 0.070544051533459 0.929455948466541 1
1 0 0 0.985633096422798 0.0143669035772021 0
0 1 1 0.0832906397072059 0.916709360292794 1
1 0 0 0.99170865753194 0.00829134246806013 0
1 0 0 0.99170865753194 0.00829134246806013 0
0 1 1 0.126786166837783 0.873213833162217 1
1 0 0 0.965754445292216 0.0342455547077843 0
1 0 0 0.985154552661788 0.0148454473382125 0
0 1 1 0.0219879959990902 0.97801200400091 1
1 0 0 0.986091435559715 0.0139085644402847 0
1 0 0 0.9485834224656 0.0514165775343998 0
0 1 1 0.0621858062797201 0.93781419372028 1
1 0 0 0.0646381657196828 0.935361834280317 1
1 0 0 0.972220432347479 0.0277795676525209 0
0 1 1 0.0192937374680288 0.980706262531971 1
0 1 1 0.0155456731542507 0.984454326845749 1
0 1 1 0.0251694650725997 0.9748305349274 1
0 1 1 0.200454624936266 0.799545375063734 1
1 0 0 0.989529674736982 0.0104703252630177 0
1 0 0 0.977440707894031 0.0225592921059693 0
0 1 1 0.268557957040662 0.731442042959338 1
1 0 0 0.971146553205426 0.0288534467945746 0
0 1 1 0.0306354399843297 0.96936456001567 1
1 0 0 0.979703537803313 0.0202964621966872 0
0 1 1 0.846189162328886 0.153810837671114 0
1 0 0 0.962733645111077 0.0372663548889225 0
1 0 0 0.972700545291358 0.0272994547086425 0
1 0 0 0.946365544044336 0.0536344559556635 0
1 0 0 0.925476030150182 0.0745239698498178 0
0 1 1 0.124598220714117 0.875401779285883 1
0 1 1 0.010836547608923 0.989163452391077 1
0 1 1 0.0316021400064234 0.968397859993577 1
1 0 0 0.894239814292106 0.105760185707894 0
0 1 1 0.293386002046449 0.706613997953551 1
0 1 1 0.081001678370988 0.918998321629012 1
1 0 0 0.992193675445577 0.0078063245544224 0
0 1 1 0.0838533670842763 0.916146632915724 1
0 1 1 0.0346435274757764 0.965356472524224 1
0 1 1 0.0362915305785851 0.963708469421415 1
1 0 0 0.973707774633301 0.026292225366699 0
0 1 1 0.240641610094848 0.759358389905152 1
0 1 1 0.0198535415852858 0.980146458414714 1
0 1 1 0.0197394555122984 0.980260544487702 1
1 0 0 0.914055129684402 0.0859448703155982 0
0 1 1 0.0410009807659139 0.958999019234086 1
0 1 1 0.0201340231976575 0.979865976802342 1
1 0 0 0.99018902063872 0.00981097936127987 0
1 0 0 0.962772267435854 0.0372277325641457 0
1 0 0 0.99018902063872 0.00981097936127987 0
0 1 1 0.0162979251968518 0.983702074803148 1
1 0 0 0.953422826321193 0.0465771736788075 0
1 0 0 0.99170865753194 0.00829134246806013 0
0 1 1 0.0208891812351758 0.979110818764824 1
1 0 0 0.985674588345852 0.0143254116541482 0
1 0 0 0.982002482281852 0.0179975177181476 0
0 1 1 0.0163710851667065 0.983628914833294 1
0 1 1 0.0174317784362556 0.982568221563744 1
0 1 1 0.0270065308828041 0.972993469117196 1
1 0 0 0.989529674736982 0.0104703252630177 0
1 0 0 0.993312532933645 0.00668746706635481 0
1 0 0 0.9804103853643 0.0195896146356999 0
0 1 1 0.0132553889062012 0.986744611093799 1
1 0 0 0.974533133854781 0.0254668661452193 0
0 1 1 0.0176591519636603 0.98234084803634 1
1 0 0 0.868246189328594 0.131753810671406 0
0 1 1 0.326901062214454 0.673098937785546 1
1 0 0 0.990008120930851 0.00999187906914858 0
1 0 0 0.981086522024871 0.0189134779751293 0
1 0 0 0.95631462257098 0.0436853774290201 0
1 0 0 0.991235147956611 0.00876485204338916 0
0 1 1 0.0388022477179725 0.961197752282027 1
0 1 1 0.01870744111247 0.98129255888753 1
1 0 0 0.989496361540487 0.0105036384595128 0
0 1 1 0.0233087237530809 0.976691276246919 1
1 0 0 0.982187728104079 0.0178122718959209 0
1 0 0 0.993312532933645 0.00668746706635481 0
0 1 1 0.0141118253995162 0.985888174600484 1
0 1 1 0.022823581282387 0.977176418717613 1
1 0 0 0.917071353065908 0.0829286469340923 0
1 0 0 0.993312532933645 0.00668746706635481 0
0 1 1 0.0167602447176887 0.983239755282311 1
1 0 0 0.99170865753194 0.00829134246806013 0
1 0 0 0.972445739111436 0.0275542608885641 0
1 0 0 0.988710855024172 0.0112891449758281 0
1 0 0 0.985633096422798 0.0143669035772021 0
1 0 0 0.988466997796519 0.011533002203481 0
0 1 1 0.0394890338288432 0.960510966171157 1
0 1 1 0.0176100433836155 0.982389956616385 1
1 0 0 0.986091435559715 0.0139085644402847 0
0 1 1 0.0264235033755404 0.97357649662446 1
0 1 1 0.0839892148061896 0.91601078519381 1
0 1 1 0.0318211400641033 0.968178859935897 1
1 0 0 0.979703537803313 0.0202964621966872 0
1 0 0 0.991480506205588 0.00851949379441221 0
1 0 0 0.99025796122562 0.00974203877437983 0
0 1 1 0.0131546738392634 0.986845326160737 1
1 0 0 0.948660610416809 0.051339389583191 0
1 0 0 0.973408303763003 0.0265916962369974 0
0 1 1 0.106666595475925 0.893333404524075 1
1 0 0 0.975568993148787 0.0244310068512135 0
1 0 0 0.981086522024871 0.0189134779751293 0
1 0 0 0.991644848986069 0.00835515101393125 0
1 0 0 0.980064528106123 0.0199354718938766 0
1 0 0 0.9804103853643 0.0195896146356999 0
1 0 0 0.99018902063872 0.00981097936127987 0
1 0 0 0.858618546942953 0.141381453057047 0
1 0 0 0.982089055950732 0.0179109440492676 0
1 0 0 0.9804103853643 0.0195896146356999 0
0 1 1 0.0163216370903715 0.983678362909629 1
1 0 0 0.985633096422798 0.0143669035772021 0
1 0 0 0.989529674736982 0.0104703252630177 0
1 0 0 0.295781365619036 0.704218634380964 1
1 0 0 0.993312532933645 0.00668746706635481 0
1 0 0 0.99018902063872 0.00981097936127987 0
1 0 0 0.989529674736982 0.0104703252630177 0
0 1 1 0.0232152666695312 0.976784733330469 1
0 1 1 0.056166156929863 0.943833843070137 1
1 0 0 0.987805482847353 0.0121945171526468 0
0 1 1 0.316382980353097 0.683617019646903 1
1 0 0 0.989529674736982 0.0104703252630177 0
1 0 0 0.971331201760155 0.0286687982398451 0
1 0 0 0.760843933642402 0.239156066357598 0
1 0 0 0.985633096422798 0.0143669035772021 0
0 1 1 0.0118421691275342 0.988157830872466 1
1 0 0 0.993312532933645 0.00668746706635481 0
1 0 0 0.978887604087238 0.0211123959127623 0
1 0 0 0.984553935123588 0.015446064876412 0
0 1 1 0.0153919080877587 0.984608091912241 1
1 0 0 0.936057271021894 0.0639427289781061 0
1 0 0 0.956707855992291 0.0432921440077088 0
1 0 0 0.985633096422798 0.0143669035772021 0
1 0 0 0.959494442515663 0.040505557484337 0
1 0 0 0.989214977979978 0.0107850220200223 0
1 0 0 0.984076512329488 0.0159234876705123 0
0 1 1 0.0210835152951228 0.978916484704877 1
1 0 0 0.981086522024871 0.0189134779751293 0
1 0 0 0.989900992049965 0.010099007950035 0
1 0 0 0.985154552661788 0.0148454473382125 0
0 1 1 0.0230330294634674 0.976966970536533 1
1 0 0 0.98491173239959 0.01508826760041 0
0 1 1 0.0125875791155766 0.987412420884423 1
0 1 1 0.0654290779408043 0.934570922059196 1
1 0 0 0.988362264386941 0.0116377356130588 0
1 0 0 0.989529674736982 0.0104703252630177 0
1 0 0 0.985633096422798 0.0143669035772021 0
1 0 0 0.993312532933645 0.00668746706635481 0
1 0 0 0.978489038325241 0.0215109616747595 0
1 0 0 0.993312532933645 0.00668746706635481 0
1 0 0 0.993312532933645 0.00668746706635481 0
1 0 0 0.981086522024871 0.0189134779751293 0
1 0 0 0.881919670698466 0.118080329301534 0
1 0 0 0.793218770909894 0.206781229090106 0
1 0 0 0.0501903013337879 0.949809698666212 1
1 0 0 0.989529674736982 0.0104703252630177 0
